100 200
2 2 1 1 1 2 2 2 1 2 1 1 1 2 1 1 2 1 1 1 2 2 2 1 2 1 1 1 2 1 1 1 2 2 2 2 1 1 1 2 2 1 2 2 2 2 2 2 2 1 2 1 2 1 2 1 2 2 1 1 2 1 1 2 2 2 1 1 2 2 2 1 2 1 1 2 2 2 1 1 2 2 1 1 1 2 1 2 1 1 2 1 2 2 2 1 2 2 1 1
68 96
37 85
38 83
79 39
64 87
24 36
39 29
42 29
25 26
40 19
81 54
53 29
98 91
15 90
82 26
9 5
43 75
97 79
92 63
96 84
83 78
83 27
46 75
44 66
99 85
8 20
14 100
74 6
64 29
54 43
14 18
11 75
78 46
88 35
81 24
24 72
53 78
98 93
68 86
24 61
7 70
14 55
88 84
43 21
34 40
36 63
49 1
25 37
40 70
11 3
64 9
68 92
40 99
91 4
4 95
76 2
76 7
5 66
63 46
18 3
34 52
29 30
63 58
43 37
53 2
73 40
43 5
45 30
15 30
7 21
68 5
13 77
4 62
36 19
64 60
54 24
72 37
73 88
34 14
24 93
55 57
97 22
81 64
10 1
34 64
14 20
60 9
14 64
8 1
63 42
16 55
44 32
31 56
18 48
24 99
44 43
33 56
36 67
76 16
31 11
24 68
29 61
76 34
24 28
20 11
81 50
18 100
71 35
54 73
29 67
71 11
60 43
14 72
24 73
87 43
63 26
21 67
71 75
68 44
16 24
72 64
16 27
91 21
20 39
34 93
88 9
12 41
42 47
40 55
16 97
91 56
34 81
73 48
14 24
64 58
36 39
75 94
24 65
60 84
81 42
92 22
34 97
44 8
71 1
32 29
14 54
24 29
86 78
16 40
13 96
54 7
92 25
98 29
14 73
44 100
14 80
1 93
57 85
87 47
7 83
36 33
88 91
41 33
38 52
55 39
81 70
76 68
76 47
38 84
16 62
55 70
51 100
8 37
40 78
79 98
60 13
97 80
34 7
100 33
14 93
44 39
86 63
19 68
53 56
38 92
86 23
55 21
97 14
48 67
81 73
81 16
55 8
63 9
90 35
74 62
85 50
8 67
98 22
34 53
29 22
