2 32
3895852 2468202
96 1 31 1 17 1 89 1 45 0 91 1 17 0 67 0 45 1 8 0 70 1 25 1 4 0 6 1 7 0 91 0 74 0 90 0 68 1 53 1 31 0 100 0 37 1 48 1 38 0 98 1 18 1 33 0 69 0 7 1 61 0 48 0 29 1 24 1 52 0 37 1 46 1 34 0 98 1 14 0 10 1 35 1 60 1 66 0 40 0 100 1 36 0 73 1 64 1 82 0 98 1 89 1 77 0 70 0 34 0 15 1 7 0 25 0 44 0 53 1 78 0 96 0 12 0 11 1 59 1 75 1 85 0 94 1 99 1 40 1 39 0 15 1 69 0 66 1 87 0 10 0 50 1 59 0 25 0 17 1 86 1 6 0 48 0 12 0 46 1 98 1 43 0 86 0 12 0 28 0 41 0 40 0 68 0 35 1 72 0 64 0 40
3 0 38 1 67 0 63
83 1 66 1 73 0 54 0 12 1 41 1 41 0 33 1 3 1 74 0 11 1 61 0 71 1 64 0 96 1 11 1 87 1 3 0 54 1 41 1 53 1 37 1 20 0 2 1 52 1 85 1 38 1 23 0 9 1 9 0 23 0 11 0 27 0 7 1 7 0 86 0 17 0 56 1 78 1 46 1 16 0 20 1 44 0 53 0 35 0 79 0 76 0 93 0 3 0 90 0 40 1 88 1 70 0 99 1 76 1 37 0 51 1 38 0 37 1 27 0 50 0 69 1 28 0 53 1 12 0 16 0 5 1 98 1 1 1 18 1 62 0 9 1 89 1 72 1 97 0 51 1 31 1 55 0 94 0 53 1 27 1 88 0 38 0 1
10 0 98 0 58 1 65 0 37 0 67 0 58 1 78 1 91 1 41 0 90
97 0 80 1 68 0 25 1 22 1 17 1 93 1 30 0 46 0 50 0 78 1 85 0 14 1 43 0 85 0 82 1 11 1 16 1 31 0 8 0 43 0 11 1 57 0 25 0 60 1 12 1 98 1 94 0 40 1 25 1 26 0 49 0 4 0 64 1 41 1 38 1 81 1 71 1 96 0 36 1 90 1 77 0 36 1 63 0 29 0 88 0 12 0 22 0 19 1 41 0 75 1 53 1 49 0 1 0 43 0 7 0 21 0 94 0 22 1 86 1 81 0 16 0 61 1 12 1 73 1 64 1 82 0 48 0 92 0 5 1 30 1 72 0 42 0 18 1 11 1 82 1 48 1 89 1 74 1 41 0 38 1 52 0 89 1 74 1 1 0 70 1 92 0 72 1 18 1 49 1 15 0 36 1 94 0 93 1 29 1 34 0 61 0 97
59 0 26 0 21 1 64 0 77 1 36 0 71 1 59 0 81 0 21 0 80 0 27 0 30 1 98 1 5 1 19 0 53 1 38 1 25 1 69 0 67 1 97 1 88 0 100 1 37 0 5 0 33 0 50 1 18 1 9 0 46 1 94 1 77 0 32 0 89 1 70 0 47 0 27 0 58 1 20 1 75 0 94 0 66 0 73 0 17 1 75 0 50 1 9 0 39 1 73 1 58 0 31 0 99 1 58 0 95 1 56 1 57 0 6 1 11 1 62
83 1 73 0 4 1 78 1 22 0 91 1 5 0 34 1 10 1 48 1 83 0 30 1 16 1 34 0 82 1 15 1 23 0 7 0 71 1 40 1 32 1 72 0 34 0 73 1 82 1 22 0 98 1 17 1 30 1 18 0 35 0 49 1 53 1 86 1 89 0 23 0 63 1 12 0 46 1 33 0 32 1 49 0 73 0 7 0 88 1 74 0 18 1 94 0 51 0 100 1 20 0 54 0 30 1 31 1 60 1 93 0 81 0 73 1 56 1 93 1 50 0 88 1 84 0 22 0 78 0 2 0 33 0 23 1 51 1 74 0 10 0 52 0 94 0 23 1 68 1 60 1 2 0 48 1 71 1 5 1 88 0 53 0 4 0 23
13 1 23 1 54 0 87 0 80 0 4 0 70 0 5 0 100 0 79 1 24 1 50 0 75 1 84
64 0 95 0 78 1 85 1 50 1 19 0 100 0 13 0 48 0 7 0 95 1 97 0 72 0 35 0 26 1 27 0 13 1 53 0 15 1 32 0 63 0 73 0 3 0 44 0 66 0 86 0 48 0 97 0 27 0 2 1 49 0 26 1 83 0 24 0 32 1 80 0 72 0 56 0 71 0 42 1 1 1 2 1 52 1 9 0 6 1 97 1 86 1 16 0 1 1 95 0 28 0 19 1 70 0 11 0 27 1 98 1 64 1 53 0 40 0 78 0 15 0 97 1 87 1 62 1 5
40 1 93 1 26 1 16 0 79 0 98 1 7 1 11 0 32 1 53 0 71 1 96 1 12 1 36 0 27 1 81 0 17 1 88 1 78 1 89 1 97 0 58 0 46 0 49 0 90 0 21 0 38 0 65 0 72 0 6 1 98 0 34 1 21 1 31 1 99 1 67 1 25 0 21 1 8 1 37 1 83
61 0 13 0 59 1 1 1 20 0 96 0 34 1 64 1 29 0 95 0 73 0 33 0 80 0 11 1 40 1 23 0 69 0 11 0 40 0 28 0 51 0 35 1 71 1 3 0 64 0 24 1 27 0 81 1 96 1 32 1 83 1 11 0 64 0 76 1 16 0 43 1 90 0 11 0 2 0 60 1 44 1 80 0 93 0 30 0 39 0 49 1 59 1 99 1 70 1 39 1 27 1 95 1 14 1 73 0 93 1 67 1 43 1 20 1 37 1 71 0 65 1 93
72 1 33 1 68 1 68 0 81 0 1 0 65 1 68 1 58 0 78 0 15 0 31 0 76 1 35 1 61 1 63 1 30 0 47 1 69 1 78 0 65 1 39 0 4 1 91 1 1 0 11 1 79 1 7 0 89 0 90 1 6 1 96 1 52 1 1 1 53 0 39 1 99 0 27 0 45 1 10 0 88 1 4 0 78 0 28 0 14 0 71 0 63 0 4 1 39 0 56 0 36 0 64 0 47 0 65 1 61 0 21 1 34 1 31 1 99 1 25 1 24 0 6 1 95 1 48 0 99 1 75 1 4 0 80 0 91 1 74 1 27 1 15 0 20
76 1 46 1 58 1 96 1 98 1 87 1 36 0 89 0 64 1 43 1 4 1 78 0 51 0 79 0 75 1 80 0 31 0 81 1 55 0 48 0 68 0 3 1 11 1 30 0 99 0 14 1 34 0 6 0 34 0 33 0 95 0 85 0 39 1 3 1 84 0 67 1 16 1 100 1 11 0 87 1 30 1 44 0 80 1 68 0 94 1 63 0 10 1 89 1 77 0 72 1 6 1 40 1 17 0 83 0 71 0 89 1 97 1 78 1 100 1 62 0 4 0 2 1 35 1 83 0 87 0 97 1 7 1 5 0 92 0 31 1 56 0 99 0 41 1 67 0 41 0 77 1 53
50 0 93 0 51 0 20 1 3 1 9 1 42 1 52 1 65 0 48 0 66 0 1 1 2 0 81 0 62 0 76 1 38 1 61 0 47 0 73 0 10 1 12 1 82 1 11 1 97 0 72 1 53 1 89 1 87 1 78 0 80 1 79 1 57 1 73 1 46 1 81 0 75 0 87 1 93 0 2 1 49 0 92 0 17 1 4 0 44 1 44 0 54 1 48 1 70 1 55 0 55
11 1 32 1 17 0 56 1 32 0 96 1 97 1 63 1 62 0 99 0 89 1 77
34 0 44 0 85 0 3 0 80 1 93 1 51 0 15 0 40 1 15 1 13 0 97 1 31 1 27 0 78 0 53 0 88 0 100 0 9 0 15 1 95 0 22 0 5 0 87 0 8 0 97 0 77 1 41 1 7 1 72 1 57 0 16 0 63 0 66 0 95
50 0 66 1 47 1 94 0 89 0 71 1 49 0 14 1 40 0 71 0 29 0 11 1 91 0 71 1 62 0 80 1 84 1 49 0 89 0 92 1 28 0 61 1 53 1 54 0 94 0 31 0 99 0 91 0 46 1 82 1 77 0 68 1 32 1 20 1 68 1 85 1 2 0 65 1 45 0 90 0 33 0 48 0 52 0 15 0 72 0 84 0 6 1 30 0 4 1 96 0 67
31 1 64 1 49 1 98 0 25 0 68 0 99 1 93 0 26 1 72 1 39 0 76 0 13 0 98 0 15 0 70 0 35 1 19 0 40 0 98 1 12 1 4 1 80 1 82 1 49 1 97 0 63 0 60 0 84 1 1 1 20 0 29
72 0 79 0 32 1 98 1 65 1 89 0 56 1 75 0 78 0 91 1 16 1 56 1 43 1 93 0 11 0 99 1 88 1 8 1 50 1 72 1 74 0 91 1 80 0 32 0 50 1 71 1 14 0 20 0 49 0 30 0 87 1 59 0 35 1 85 0 81 1 100 0 85 1 42 0 13 0 85 1 6 1 36 1 92 0 97 0 65 0 69 0 5 0 52 0 55 0 35 0 7 0 23 1 36 1 44 1 60 1 73 0 32 0 33 0 2 1 5 1 26 0 75 1 63 1 77 0 77 1 86 0 73 0 98 0 90 1 59 0 59 0 4 0 100
61 0 43 1 67 1 15 0 35 0 53 0 63 1 27 0 27 1 5 1 83 0 3 1 37 0 18 0 51 1 99 1 43 0 59 1 60 0 6 1 73 1 78 1 74 0 15 0 46 0 40 1 39 1 7 1 80 0 1 0 17 0 70 0 23 0 85 1 61 1 76 1 23 1 76 1 84 1 55 1 3 1 33 0 60 1 94 0 22 0 5 0 60 0 55 1 41 0 96 1 9 1 96 0 4 0 54 1 95 0 47 1 12 1 97 1 46 0 82 1 69 0 41
24 1 16 1 20 1 53 0 68 1 48 1 96 0 25 0 77 1 88 1 57 0 46 1 60 1 43 0 56 0 42 1 41 1 70 0 10 1 17 1 86 1 78 1 29 1 38 1 93
79 1 50 1 59 0 58 0 5 0 39 1 43 1 13 1 5 0 1 0 36 0 25 0 56 1 93 1 4 1 44 1 67 0 9 1 62 0 37 0 77 1 25 0 13 1 11 0 50 1 57 1 22 1 56 1 72 0 25 0 2 1 84 0 85 0 38 0 94 1 83 0 32 0 60 0 41 1 12 0 42 0 85 0 53 1 61 0 36 1 18 1 58 1 56 0 96 0 1 1 90 0 93 0 25 0 5 0 85 0 17 0 40 0 46 0 33 0 43 0 32 0 53 0 5 1 60 1 16 0 98 1 65 1 1 0 4 1 27 1 77 1 10 0 67 0 56 0 44 0 18 1 4 0 52 1 52 0 2
16 1 32 0 89 0 96 0 21 1 79 1 28 0 89 0 17 0 67 0 9 1 98 0 71 1 85 1 57 0 48 1 63
66 1 40 0 71 1 28 0 30 0 41 0 43 0 56 0 39 1 86 1 64 1 92 1 37 0 99 1 72 0 77 0 58 0 88 1 10 0 78 1 66 1 85 0 88 1 47 1 97 1 82 1 87 1 2 1 95 0 26 1 64 0 46 1 62 0 59 0 78 0 56 1 56 0 60 1 22 1 69 1 99 1 93 1 24 1 98 1 84 1 97 0 98 0 47 1 63 1 27 1 21 0 45 0 26 1 86 1 6 1 29 1 18 1 10 0 51 0 86 0 44 1 27 0 89 1 93 1 51 0 66 1 7
44 0 91 0 19 1 70 1 98 1 18 0 21 0 70 0 78 1 50 1 61 0 22 1 48 1 12 0 33 1 29 1 45 1 94 0 19 1 41 1 62 0 95 1 14 1 92 0 9 0 49 0 46 0 21 0 35 0 46 0 87 1 96 1 52 1 88 1 61 0 35 1 20 0 42 0 53 0 5 1 15 1 61 1 23 1 84 1 33
96 0 12 0 82 1 68 0 4 0 40 1 32 0 11 1 31 1 12 1 1 1 89 1 16 0 49 1 6 1 82 1 76 0 82 1 72 1 86 1 30 1 28 0 5 1 98 1 31 1 23 1 7 1 43 1 81 0 32 1 79 0 78 0 94 0 26 0 59 1 93 1 24 0 14 0 39 0 92 1 75 0 4 0 78 1 46 1 67 0 72 1 56 1 70 0 64 0 69 0 11 0 76 1 50 0 19 1 32 0 63 0 97 1 19 0 90 1 65 1 50 0 38 1 16 1 13 0 14 0 23 0 86 1 25 1 36 1 94 1 49 0 60 1 83 0 15 1 54 1 10 1 55 0 60 0 55 0 37 1 85 1 31 0 77 1 45 0 81 0 80 0 83 1 70 0 76 1 78 0 76 0 40 0 20 0 98 1 26 0 99 1 11
70 1 18 0 95 1 73 0 30 1 71 0 74 1 35 1 38 1 36 1 62 1 91 0 18 1 88 0 3 1 67 0 42 1 80 0 73 0 49 0 65 0 51 1 82 0 48 1 53 0 26 1 61 0 31 0 58 1 17 0 16 0 42 0 43 1 27 0 14 0 4 0 3 1 28 1 47 1 73 0 48 1 91 1 4 0 19 0 34 0 58 0 86 1 36 0 27 0 7 1 83 1 38 0 58 1 99 1 1 1 15 0 78 0 81 1 77 1 54 0 98 0 40 1 61 1 7 1 41 1 73 0 24 1 95 1 69 0 29 1 77
25 0 73 1 31 0 50 1 90 0 99 1 96 0 78 0 14 1 47 1 97 0 36 0 16 0 20 1 55 1 3 1 78 0 40 0 23 0 30 1 81 1 4 0 78 1 77 1 9 0 84
3 0 32 0 60 0 49
1 1 54
82 0 49 0 14 1 86 1 58 0 74 1 71 1 97 0 30 1 71 1 37 1 40 1 24 0 35 0 95 0 30 0 25 0 59 1 26 1 48 1 84 1 24 1 43 1 62 0 55 1 98 0 69 1 74 0 97 0 42 0 36 0 5 1 19 1 24 1 19 1 76 0 54 0 67 1 83 0 24 0 33 1 71 1 40 0 3 0 44 0 91 0 41 1 34 1 99 0 65 1 37 1 11 1 79 1 71 1 93 1 22 0 12 0 73 0 21 1 18 0 32 1 82 1 54 0 5 0 47 0 69 0 54 1 58 1 23 0 85 0 57 0 72 0 99 0 43 1 89 1 1 0 4 1 60 1 32 0 25 1 28 0 32 0 73
61 1 18 1 55 1 74 1 67 0 64 0 13 1 96 1 15 0 62 1 13 0 54 1 87 0 64 1 91 1 66 0 46 1 47 1 22 1 96 0 32 1 40 0 3 1 39 1 12 1 20 0 79 1 48 1 84 1 33 1 39 1 84 1 7 1 83 1 21 0 66 1 54 0 79 0 77 0 58 1 59 0 74 1 62 1 56 0 50 1 96 1 23 1 44 1 42 1 59 0 69 1 23 1 57 1 93 0 24 0 12 0 28 0 56 1 46 1 45 0 66 0 92
