10 19
9631371 3489772 2178041 3856109 413942 1535479 5308132 8915358 9525124 9335230
92 9 59 2 31 0 33 1 90 8 50 9 14 3 25 9 28 7 13 3 47 8 92 6 67 4 8 4 1 9 28 2 37 6 78 8 97 3 39 4 69 6 100 5 75 7 64 8 8 5 33 9 92 2 21 0 85 3 70 9 37 7 53 1 55 9 72 7 52 7 14 0 78 7 41 4 97 7 29 7 27 1 34 9 58 5 90 3 18 2 28 7 59 9 46 7 45 6 83 9 93 7 49 4 69 3 81 1 52 8 30 7 64 9 59 0 91 3 6 4 92 9 54 5 2 6 35 2 73 2 49 3 99 0 43 9 33 4 83 2 55 3 69 1 81 2 68 7 43 2 13 6 59 5 90 1 42 7 92 8 51 9 63 9 84 7 57 2 10 0 99 3 25 7 72 9 51 1 48 5 25 4 73 0 12
66 9 88 8 47 5 53 4 18 2 13 5 62 8 72 2 29 5 50 2 96 3 4 1 24 9 11 5 83 7 100 0 16 3 76 8 29 0 33 1 93 6 72 6 82 8 46 9 33 1 14 2 63 4 68 0 94 0 13 2 74 4 55 2 46 8 76 3 61 9 11 9 42 4 100 2 77 2 77 7 93 2 73 3 85 4 41 5 41 9 96 2 76 3 48 2 49 3 2 1 23 3 48 8 30 2 99 3 12 9 51 7 1 5 28 7 23 1 61 4 89 1 57 2 65 1 28 3 31 3 50 9 57
27 5 48 2 82 1 82 3 76 7 29 5 50 1 19 2 19 9 44 3 74 8 53 9 89 3 84 0 4 7 57 4 61 8 97 1 3 2 54 4 21 1 6 3 59 0 78 8 78 1 4 5 41 2 5
4 2 11 1 70 2 90 3 6
28 2 97 3 36 9 90 4 19 8 77 2 7 4 47 8 1 7 82 2 96 2 4 5 94 9 78 1 36 7 91 7 30 8 41 8 10 8 66 9 3 9 49 3 69 9 83 9 15 6 76 6 72 3 56 7 59
61 0 79 6 16 3 82 8 73 3 55 5 26 4 10 8 49 2 15 0 77 7 93 4 83 5 34 0 15 9 1 8 67 6 19 0 72 3 58 9 48 6 77 1 99 4 13 9 56 5 32 0 3 6 3 2 58 0 9 4 5 5 18 0 46 5 51 5 92 7 42 4 11 5 24 7 95 8 60 3 36 6 90 6 31 0 89 8 13 3 94 6 94 4 35 7 2 7 36 1 19 6 27 8 63 2 45 7 74 6 64 9 31 2 33 1 80 3 54 2 13 7 59
74 1 67 8 22 1 87 6 96 8 54 0 65 5 51 9 29 2 29 2 32 4 20 9 91 8 86 2 47 2 37 1 94 4 23 8 56 1 6 6 20 4 61 6 67 4 59 7 87 3 100 7 77 9 47 5 84 6 13 5 69 4 52 1 18 6 98 6 34 5 62 3 88 3 51 4 12 6 82 7 36 3 99 6 89 3 86 4 36 0 76 5 99 8 53 9 48 3 2 1 71 9 86 7 25 2 32 0 51 2 8 9 9 4 43 2 27 3 41 2 46 5 98 2 95 6 14 4 89 1 9 9 51 3 17 3 37 4 75 2 43 9 81 4 72 5 95 3 54
49 8 91 3 17 3 80 4 47 4 26 1 69 5 25 0 16 8 34 0 30 4 74 2 77 1 11 7 77 7 26 1 23 6 71 7 88 7 61 0 94 6 67 7 86 8 53 5 89 4 12 9 39 7 29 5 15 3 15 8 45 4 45 0 92 4 95 8 2 4 26 0 1 6 89 9 54 8 17 6 84 9 8 8 86 4 2 5 46 7 36 8 65 0 56 7 36 4 99
67 4 77 4 54 6 16 0 41 8 8 5 69 6 96 9 80 6 39 0 59 0 31 5 55 1 31 0 74 3 26 9 97 5 67 8 7 4 2 9 100 0 23 7 32 9 21 4 93 2 66 6 51 3 56 3 32 3 62 4 42 4 20 1 66 6 38 8 79 7 42 4 51 1 79 7 45 0 97 5 80 9 83 3 96 7 39 9 59 1 70 6 68 5 96 4 29 5 30 3 92 1 80 2 21 0 58 8 75 0 36 2 44 8 58 9 47 3 76 6 1 0 44 9 34 2 61 1 78 0 8 6 16 3 67
53 7 99 5 13 9 57 4 30 1 57 6 87 6 68 5 95 5 75 9 52 1 14 0 11 1 32 2 36 5 83 6 51 2 53 4 100 4 64 4 59 8 83 4 16 7 87 1 27 5 30 8 68 1 13 4 18 6 98 1 63 7 26 0 90 9 35 4 16 3 99 1 12 4 58 6 76 0 94 3 12 8 53 6 14 2 78 1 21 9 23 2 100 1 85 9 66 3 65 1 60 4 96 4 86 9 62
14 1 10 3 10 9 91 1 45 0 16 0 60 6 54 3 20 9 61 9 35 2 24 8 52 3 30 2 23
60 8 92 1 14 2 26 3 4 2 31 2 72 7 11 3 30 1 56 5 80 1 99 3 43 8 53 3 88 6 47 5 22 1 89 6 73 8 38 0 49 7 21 6 5 8 33 1 64 3 29 6 99 0 11 7 65 8 55 4 1 4 85 2 41 0 52 1 73 9 73 8 80 2 12 9 97 3 88 2 89 1 66 9 29 9 71 3 78 7 23 3 86 1 50 3 24 5 97 1 93 8 72 4 55 2 37 5 89 7 78 3 77 7 51 4 5 9 56 7 85
36 5 2 7 66 4 20 5 13 0 94 3 100 8 27 3 31 4 17 5 46 7 87 2 71 0 85 8 23 7 74 7 92 1 29 4 70 4 41 5 30 9 97 9 35 0 11 1 39 8 45 0 76 9 95 7 82 0 94 6 48 3 72 5 31 1 7 6 37 2 70 2 28
70 8 20 7 29 1 9 3 61 8 24 2 89 3 60 3 23 8 1 0 12 0 24 5 56 3 20 6 69 2 9 9 40 7 24 0 81 7 13 9 13 9 79 7 36 1 79 5 67 2 9 9 98 7 94 6 81 6 84 4 63 3 93 9 42 3 90 0 46 4 79 7 48 6 70 9 44 1 39 9 66 3 79 4 9 4 27 1 59 2 30 7 59 0 100 1 89 0 58 8 7 6 83 1 96 7 13 9 62 9 15 9 12 0 37 5 26 2 74 5 23 3 85 1 25 4 66 4 18 9 59 0 51 3 58 8 39 6 94 8 32
67 9 76 7 50 3 21 4 82 8 57 1 14 1 81 5 96 9 35 4 30 6 9 6 67 6 96 6 14 8 49 4 10 9 4 7 67 2 87 2 34 3 88 9 12 0 24 0 91 4 51 5 61 9 4 7 13 0 6 0 91 1 14 7 85 3 36 7 81 0 37 5 27 6 10 5 29 8 48 3 82 6 46 1 98 7 55 1 3 7 42 3 69 0 24 4 70 7 51 9 3 7 78 5 57 3 9 5 48 8 29 8 88 0 29 6 95 1 55 8 33 8 82 8 70 2 42 6 63 0 78 9 86 4 82
55 1 51 8 64 0 8 2 9 6 8 1 19 6 41 3 40 4 32 3 77 0 85 5 10 9 13 6 2 3 14 9 37 3 61 6 48 6 98 9 2 9 68 1 18 0 43 8 73 9 6 4 9 6 77 0 41 2 89 1 47 6 69 1 74 0 51 3 88 6 61 5 17 3 47 8 6 2 100 2 6 5 28 4 68 4 26 1 84 5 29 2 59 3 82 7 82 9 90 7 98 4 74 5 59 7 81 4 24 3 40
14 9 74 9 84 9 32 3 79 1 62 2 79 0 42 0 75 0 41 6 9 1 56 4 46 4 26 9 90
94 3 83 0 79 3 84 4 94 8 57 7 45 1 84 8 44 2 29 3 50 0 37 0 58 6 51 9 54 4 5 8 24 7 34 6 11 9 60 8 17 2 15 7 49 6 44 3 64 0 98 2 5 7 50 2 82 9 35 6 41 4 12 5 53 6 6 9 31 1 67 2 75 7 27 2 55 8 53 3 74 1 39 0 33 5 12 8 45 2 33 9 20 7 17 0 33 5 80 5 79 2 98 3 42 4 89 0 94 1 37 1 49 3 34 7 11 8 41 1 97 7 83 6 77 8 11 9 2 1 14 0 39 7 93 1 14 1 58 8 54 9 17 3 80 8 4 8 8 6 85 5 35 5 99 3 24 6 91 2 58 1 40 4 77 7 84 6 32 9 48 6 68 1 70 1 31 0 10 1 40 5 35 8 9 8 40 4 58
56 9 81 7 32 3 60 4 18 1 48 8 18 5 47 4 40 4 44 2 25 2 14 3 28 0 24 5 74 9 72 3 59 4 10 8 57 5 8 5 2 3 36 4 25 5 60 7 93 8 72 6 77 4 96 8 64 2 58 3 61 2 87 4 39 7 80 1 66 8 31 5 2 4 21 1 70 6 58 3 28 7 44 9 67 1 13 0 44 2 42 5 55 1 53 3 37 1 77 7 7 0 4 0 43 7 90 9 28 5 18 0 93
