8 17
268692 3752745 2002215 7298596 4746734 2612261 5992094 2301156
41 3 64 6 53 7 91 0 100 1 74 7 9 4 33 4 53 6 27 0 88 0 20 7 21 6 91 5 67 1 62 3 71 7 22 7 59 0 69 6 26 0 85 7 56 3 51 7 87 2 19 2 2 2 78 5 23 1 12 6 26 4 16 7 27 7 9 1 49 7 70 0 91 0 75 7 11 7 54 1 8 3 58
50 4 87 0 63 6 78 5 49 3 65 7 74 3 74 3 1 1 10 5 37 1 7 2 39 5 39 2 93 4 57 7 71 0 89 3 45 7 1 4 29 7 82 7 91 6 36 2 30 0 93 7 36 1 66 1 29 5 10 5 51 7 93 4 62 3 21 0 69 6 77 0 33 6 56 2 69 7 17 6 97 5 46 0 98 5 19 4 49 2 17 4 2 6 24 1 41 2 44 0 89
78 5 10 3 92 7 52 4 28 2 8 5 82 3 40 7 89 7 73 2 9 4 78 2 83 5 11 7 68 6 23 2 34 0 15 7 5 3 86 2 94 2 73 3 17 7 1 7 37 2 55 2 42 4 67 0 28 1 29 7 1 0 65 0 85 3 92 5 59 2 20 2 42 2 36 6 6 1 2 4 32 7 71 5 66 2 77 6 88 7 95 2 80 5 5 0 97 7 32 0 89 2 14 4 66 2 33 5 80 4 13 5 51 2 99 4 73 6 13 6 66 5 68 4 83 5 30 0 15 3 85 6 37 4 44 7 96 2 46 0 9 5 67 0 72 6 47 2 71 4 40 6 91 6 78 3 28
98 3 50 5 28 4 31 4 75 6 44 5 42 7 3 2 31 0 87 1 81 1 75 4 3 4 3 4 32 1 48 1 91 0 39 0 29 2 58 5 92 5 74 5 86 0 19 7 13 2 55 3 70 6 96 0 38 1 35 2 52 6 69 5 57 2 73 7 39 6 87 0 19 3 32 3 78 1 34 2 67 5 29 1 19 5 31 3 89 0 47 3 23 6 33 1 1 4 76 1 23 7 60 4 3 1 84 4 19 7 1 6 31 2 93 5 27 5 51 5 41 3 30 7 93 2 79 7 77 0 53 7 83 6 46 7 47 4 50 7 24 1 93 0 26 5 20 6 25 7 82 0 77 2 43 3 2 7 98 2 14 5 86 1 79 4 94 0 78 6 34 0 24 7 38 6 21 4 72 6 83 0 65 3 19 4 4 7 59 2 47 7 20 4 37 0 55
62 5 83 3 89 7 53 0 45 5 64 7 7 1 95 1 24 6 63 3 61 7 73 4 86 7 26 0 21 1 75 5 19 3 96 6 20 3 53 5 66 4 18 0 39 5 78 5 31 0 35 4 21 2 76 3 24 3 28 0 50 1 20 0 23 1 93 6 81 0 27 3 70 6 37 0 43 1 71 5 81 5 27 4 18 1 44 6 26 1 81 1 17 6 33 2 20 2 4 2 59 2 79 2 82 5 69 1 77 2 45 6 12 7 28 4 57 0 93 4 68 5 19 2 47
83 6 79 0 58 0 15 7 70 6 90 3 26 5 96 6 78 2 31 3 62 6 31 0 10 2 83 7 67 3 62 3 15 0 38 5 88 7 17 5 5 5 20 7 26 1 79 0 65 5 2 0 2 7 57 5 64 6 13 7 62 0 25 2 34 4 41 6 12 4 97 4 98 4 45 5 26 5 96 5 82 1 73 7 47 6 42 3 78 5 52 2 67 6 57 4 72 2 10 6 38 0 17 2 25 2 21 0 51 3 2 6 97 3 52 5 6 1 69 6 27 1 11 5 84 2 20 6 11 7 6 6 73 0 66 0 1 0 23 7 71 1 16 6 58 5 22 5 45 0 87 4 31 7 69 5 44 2 10 6 37 3 85 0 98 7 85
81 1 3 2 5 6 19 4 87 6 20 6 93 0 52 2 29 3 13 7 58 7 90 3 63 0 44 3 63 4 74 7 24 2 27 2 90 5 79 4 73 1 68 1 52 3 37 6 40 6 8 7 89 3 3 3 85 0 46 6 19 5 63 6 52 3 65 7 37 0 80 0 43 3 39 0 63 0 84 4 9 1 44 5 48 7 54 6 33 1 19 0 23 7 25 7 42 2 56 3 34 1 83 5 48 3 31 6 35 4 99 0 67 2 41 6 90 5 77 5 87 5 17 4 81 5 49 4 7 4 10 6 58 2 39 3 8 3 44 1 80 2 22 0 73 2 43 3 33 0 42 1 64 1 39 1 54 2 8 1 67 5 15
35 1 13 5 60 7 18 7 6 3 17 2 42 3 70 4 65 2 1 5 80 0 34 7 68 5 4 6 40 2 2 7 82 7 19 1 68 4 28 6 14 0 94 6 60 0 90 5 31 0 83 0 95 2 40 2 91 4 34 0 33 3 100 7 96 3 23 7 84 7 35
28 7 82 6 35 7 65 4 33 2 20 1 58 4 86 5 96 5 27 1 68 4 83 3 22 1 52 4 91 2 87 4 2 1 63 7 64 2 100 4 69 0 54 5 19 2 27 7 82 3 7 4 2 1 62 6 68
81 6 25 4 92 6 5 6 76 3 46 0 84 6 47 7 7 7 23 5 100 0 34 4 17 0 81 4 5 6 7 5 30 4 5 0 100 1 70 6 52 4 81 4 67 1 18 3 22 4 87 5 34 5 45 5 40 4 6 1 71 4 55 0 68 4 28 7 41 2 20 3 42 2 66 4 95 0 67 7 53 6 42 4 11 6 48 1 16 6 59 7 74 5 95 4 30 3 40 5 19 5 88 4 83 6 78 2 6 6 56 5 24 2 12 1 79 3 22 3 51 2 53 4 22 0 50 2 6 5 1 0 89 4 42 3 91 6 50 1 44 6 30 1 9 4 31 1 61 4 77 3 55 1 76 4 16 1 59 4 89 6 22
87 1 65 5 47 6 67 1 82 2 80 5 55 3 31 4 66 3 2 6 97 6 33 6 42 4 55 4 72 3 17 0 38 2 32 0 6 3 46 6 9 4 89 5 53 1 82 2 60 1 94 6 9 2 74 4 69 1 80 0 58 2 31 2 32 2 89 4 36 2 82 6 77 0 52 2 92 5 31 4 1 0 76 3 77 2 20 5 82 1 86 5 66 3 52 2 63 5 64 1 85 1 23 0 92 6 95 3 23 4 11 0 68 0 12 2 25 4 17 5 86 3 91 6 32 3 34 0 47 3 14 0 79 2 54 7 30 6 49 1 60 3 35 3 27 6 15 0 69 0 45 0 9 5 61 3 12 6 14 2 65 3 87 5 73 4 99 2 25 1 83 4 60 1 76
94 3 54 0 18 6 73 2 11 1 78 4 46 4 14 2 4 5 100 2 28 4 96 4 51 7 51 7 10 5 96 0 74 6 52 7 13 7 18 0 44 6 37 6 56 1 8 6 5 0 52 0 3 4 6 7 38 3 7 3 39 3 25 7 19 5 41 4 12 6 35 3 44 4 84 6 94 3 31 1 30 0 57 5 14 0 35 7 6 4 38 0 12 2 57 4 65 2 99 3 20 7 21 5 95 1 87 6 62 6 85 5 21 1 88 6 87 3 25 2 51 1 93 2 68 3 67 4 56 7 27 6 98 1 45 7 32 2 73 4 61 2 35 6 31 0 22 7 8 1 63 2 51 1 24 0 6 4 2 3 74 6 19 2 27 6 2 4 16 5 88 3 25 2 96 0 17 2 26 4 87 4 43 7 27 5 70 1 6
100 7 35 6 59 0 13 6 72 7 94 3 31 4 81 5 98 2 32 5 16 3 97 3 63 7 17 6 59 7 43 6 7 0 90 4 84 5 21 5 84 2 79 3 75 0 24 0 4 4 82 4 79 1 20 3 27 3 25 0 53 1 73 4 28 7 19 5 72 0 94 6 37 3 49 0 92 4 78 1 18 3 21 2 6 5 28 3 48 0 31 1 48 4 62 6 94 0 93 4 63 0 37 4 26 6 61 1 65 3 27 6 6 1 36 1 96 7 23 5 32 5 30 6 71 4 74 3 45 4 92 5 73 3 89 0 86 1 78 7 33 0 14 5 68 7 71 1 76 5 82 2 40 1 38 6 32 7 44 2 88 5 1 1 56 6 23 7 58 2 9 5 9 7 19 0 99 6 65 4 44 3 31 4 59 6 46 5 47 4 39 3 25 7 9 1 69 0 18 5 43
71 4 57 1 27 4 30 2 62 2 28 4 50 7 34 6 52 2 23 4 20 3 74 4 39 5 24 6 86 7 41 2 12 2 71 0 28 2 57 7 63 6 97 0 20 7 29 7 94 6 72 7 45 4 74 7 42 0 42 4 16 2 53 4 27 7 64 3 40 1 86 2 78 3 15 3 60 2 72 3 52 2 12 2 51 6 44 6 33 2 59 7 33 3 24 2 74 1 22 5 81 0 98 4 45 0 82 2 17 7 80 4 97 2 52 2 26 1 17 2 92 3 33 5 50 4 44 0 44 2 77 0 94 7 64 3 96 4 20 5 57 0 69
11 5 54 6 61 2 73 7 12 1 36 2 75 3 24 4 97 2 98 7 49 3 14
11 0 82 0 97 3 35 2 56 6 59 4 81 3 16 1 85 1 73 6 4 7 57
26 0 53 3 82 4 81 5 65 7 5 2 16 6 85 3 82 5 67 6 58 5 27 6 67 5 11 6 96 7 58 7 8 2 86 7 57 0 23 4 5 3 99 1 50 4 23 0 58 4 20 6 27
