2 93
3257289 3045437
64 1 36 0 42 0 34 1 49 1 38 0 15 0 20 1 8 0 47 0 85 0 10 1 66 1 43 1 88 1 37 1 70 1 40 0 55 0 78 0 97 1 14 1 53 0 14 1 4 0 75 1 99 0 60 1 8 0 7 0 32 0 39 0 1 1 85 1 47 1 100 1 89 1 51 0 63 0 32 1 31 0 14 0 55 1 9 1 45 0 33 1 80 0 39 1 91 0 19 1 94 1 60 0 13 1 51 1 27 0 75 1 66 0 7 0 42 1 89 1 41 0 75 0 12 0 87 0 51
76 1 54 1 90 1 62 1 47 1 60 1 65 0 34 0 64 0 34 0 91 1 23 0 25 1 75 0 78 1 52 1 69 0 34 0 24 0 65 1 53 0 90 1 49 1 11 0 80 1 38 0 26 0 55 1 11 0 6 0 62 0 4 0 61 1 26 1 97 1 52 1 78 1 45 1 95 1 3 0 91 0 11 0 3 0 84 0 52 1 1 1 10 0 14 1 38 1 93 1 40 1 64 0 99 0 32 0 70 0 88 0 24 1 11 0 51 0 95 1 88 1 22 0 95 0 41 1 86 1 11 0 42 0 55 1 61 0 90 0 33 0 14 1 48 0 10 0 85 1 53 0 23
12 0 16 1 15 1 77 0 10 1 15 1 45 0 15 1 75 1 49 1 88 0 4 0 86
67 0 86 1 21 0 95 1 89 0 10 1 95 0 25 1 63 1 70 0 34 0 7 0 68 1 13 0 4 0 75 1 12 1 82 1 99 1 41 0 65 1 93 0 92 1 32 1 3 1 29 1 19 1 36 0 29 0 85 0 53 1 13 0 39 0 67 1 89 1 47 1 92 0 80 0 8 1 82 0 10 1 92 1 72 1 24 1 17 0 46 1 65 1 21 1 96 1 15 0 87 1 27 0 5 1 61 1 44 1 31 1 33 1 68 1 48 0 50 1 6 0 70 0 52 1 80 1 55 0 26 1 13 0 52
42 1 41 0 76 1 44 1 76 0 80 1 39 1 45 1 53 1 1 1 20 1 85 0 77 1 8 1 64 0 3 1 54 1 17 0 86 1 62 0 7 1 65 0 90 1 74 0 12 1 67 1 62 0 64 1 80 1 31 0 36 0 21 0 46 0 41 1 9 0 25 0 12 1 56 0 19 1 33 0 82 0 58 0 52
1 1 95
44 0 89 1 58 1 41 0 35 1 91 0 57 1 26 1 52 0 25 1 25 1 13 1 69 1 79 0 33 1 41 1 80 0 2 0 34 1 31 0 55 1 90 0 5 0 85 1 56 0 59 1 96 1 13 0 28 1 24 0 47 1 58 0 73 1 6 1 43 1 93 0 47 0 82 1 12 0 29 0 74 1 63 1 45 1 67 0 78
4 1 82 0 68 1 75 0 13
93 1 49 0 42 0 94 1 1 1 34 1 84 0 46 1 35 0 59 1 41 1 33 1 27 1 32 0 93 1 96 0 10 0 74 0 66 0 64 1 4 0 28 0 75 0 50 0 3 0 53 1 85 1 88 1 90 1 53 1 47 1 25 1 87 0 80 1 87 0 23 1 10 0 70 0 92 0 92 0 53 0 65 1 12 0 28 0 54 0 89 1 49 0 60 1 6 0 97 0 50 0 17 1 34 1 52 1 14 1 20 0 92 1 88 0 13 0 28 1 64 0 26 0 1 0 71 1 20 0 33 1 29 0 16 1 14 1 15 0 97 1 73 0 95 0 58 1 34 1 17 0 49 1 50 0 78 1 53 1 20 1 82 0 15 0 53 1 5 0 37 1 68 1 14 1 53 0 54 1 91 0 47 0 8 1 15
2 0 50 1 2
26 0 61 1 8 0 21 1 62 0 10 1 72 1 45 1 28 0 88 0 68 0 7 1 68 0 20 0 93 0 16 0 62 0 25 0 95 1 33 1 59 1 13 0 48 0 61 0 78 0 56 0 71
35 1 74 0 98 0 2 0 12 1 24 1 89 1 88 1 41 0 41 1 45 0 4 0 87 1 71 0 33 0 3 0 19 1 33 0 30 0 89 1 80 0 20 1 91 1 55 1 31 0 14 0 95 0 7 0 27 0 84 0 28 1 49 1 79 0 60 0 72 1 32
76 0 70 1 86 0 27 1 51 1 49 1 33 1 69 0 14 1 81 0 4 0 39 0 61 1 43 1 66 0 4 0 87 0 8 0 29 1 30 0 2 1 10 1 86 0 78 0 74 0 69 0 8 1 30 0 1 0 7 1 4 0 20 0 6 1 2 0 25 1 80 1 6 0 99 0 66 1 87 0 67 0 78 0 31 1 26 0 67 1 57 1 51 1 18 0 24 1 55 1 41 0 97 0 56 1 44 1 96 0 10 1 28 0 35 0 86 0 77 0 31 0 88 0 7 0 50 1 66 1 32 1 7 0 26 0 49 0 32 1 42 0 10 1 2 1 88 1 8 0 30 0 67
36 1 93 0 61 1 81 0 50 0 40 0 49 0 79 1 10 1 96 0 61 0 19 0 5 0 13 0 11 1 41 0 70 1 26 0 39 1 57 0 82 1 61 1 19 1 25 0 38 0 49 0 89 1 25 1 93 0 78 1 32 1 97 0 37 1 68 1 94 1 79 1 89
19 0 21 1 25 0 74 1 50 1 68 0 80 1 57 0 48 0 41 1 54 0 15 1 79 1 92 0 82 0 83 1 83 0 18 0 100 0 66
67 0 20 1 87 1 76 1 10 1 56 0 42 1 78 1 67 0 8 1 99 0 26 0 26 1 31 0 98 1 81 1 9 0 42 1 86 1 35 0 30 0 64 0 37 0 17 1 49 0 82 0 85 1 62 1 100 1 99 0 24 1 78 0 19 0 42 0 1 1 21 0 23 1 99 0 5 1 95 0 84 1 3 0 14 1 63 1 36 0 35 1 70 1 100 0 34 0 93 1 73 1 85 0 51 0 54 0 55 0 57 0 15 0 21 1 16 1 20 1 67 1 21 0 88 1 12 0 99 0 1 1 85 1 1
26 1 54 1 10 1 75 0 35 1 17 1 17 1 2 1 78 0 73 1 49 0 31 0 40 0 89 1 13 1 3 0 22 1 53 1 1 1 11 1 70 0 45 1 95 1 92 0 28 1 38 1 92
70 1 29 0 46 1 47 1 85 1 97 0 60 1 8 0 95 1 100 0 40 1 83 0 44 0 70 0 5 0 90 0 5 0 23 1 57 0 89 0 28 0 9 0 81 1 36 0 75 0 20 0 24 0 36 0 79 1 94 0 79 0 1 0 81 0 64 1 80 1 58 1 3 0 81 0 8 1 35 1 55 0 29 1 76 1 98 1 47 1 96 0 92 0 82 0 73 1 3 0 91 0 58 0 14 1 70 1 28 1 70 1 9 1 98 0 7 0 87 1 32 1 30 0 40 1 78 0 20 1 45 0 49 0 91 0 56 1 64 1 90
26 0 8 0 54 1 15 1 78 0 50 1 73 1 40 0 71 0 69 0 57 1 85 0 59 1 58 1 31 1 94 1 52 0 40 0 55 1 15 1 27 1 31 1 52 1 70 1 29 1 14 0 56
95 1 61 0 41 0 89 0 42 1 37 0 82 0 98 1 67 1 33 1 84 1 92 1 15 0 31 1 62 0 34 1 62 1 83 1 14 0 63 0 67 1 88 1 72 1 79 1 17 0 14 0 91 1 17 0 38 1 80 1 7 0 53 0 55 0 1 1 40 1 91 1 43 1 92 0 32 1 51 1 85 1 99 1 76 0 35 0 32 0 6 0 21 0 76 0 42 0 16 1 30 0 59 0 96 1 96 0 12 1 24 1 60 0 92 1 99 0 73 1 42 1 88 0 42 0 67 0 49 1 78 1 74 0 40 1 11 0 96 0 92 1 19 0 21 0 79 0 79 0 97 0 100 1 50 0 97 1 82 0 76 0 37 1 86 0 92 0 74 0 65 0 65 0 16 0 22 1 23 0 17 0 48 0 7 1 29 0 81 0 93
49 1 79 0 28 1 74 1 3 1 93 0 10 1 49 1 18 0 37 1 65 0 15 1 29 1 68 1 85 0 60 1 53 1 11 1 15 1 96 1 1 1 49 0 76 0 21 1 46 1 50 1 27 1 88 0 93 1 75 1 1 1 63 1 24 1 27 1 19 0 58 0 45 0 20 1 94 1 24 0 78 0 3 1 19 0 82 0 54 1 65 0 43 1 44 1 13 1 18
45 1 70 0 4 0 64 1 44 0 81 1 99 1 30 0 90 0 11 0 46 1 70 1 87 1 23 1 50 0 98 1 74 1 40 1 50 0 92 1 49 0 6 1 21 0 1 1 49 1 98 0 81 0 5 0 94 0 12 1 3 1 22 0 51 0 8 0 79 0 2 1 22 1 60 1 42 0 47 1 67 1 36 1 25 1 92 0 35 0 48
29 1 70 1 98 1 29 1 47 1 58 1 96 0 25 1 97 0 53 1 73 0 79 1 17 1 98 0 98 0 87 1 85 0 33 0 86 0 89 0 27 1 18 0 76 1 58 1 11 1 40 1 34 0 67 1 43 1 65
13 1 29 1 50 1 69 1 21 0 43 1 11 1 19 0 76 0 61 1 46 1 1 1 7 0 77
72 0 18 1 32 1 64 1 15 0 96 1 13 0 78 1 32 1 74 1 41 1 75 1 91 1 60 0 17 1 96 0 54 0 24 1 41 0 73 1 94 1 91 1 15 1 88 0 60 0 41 1 47 1 80 0 85 1 66 0 6 1 81 0 3 1 39 0 45 0 51 1 26 1 42 0 79 0 28 1 82 1 2 0 15 0 93 0 48 1 6 1 62 0 46 1 9 1 35 0 62 0 63 1 89 1 50 0 11 1 12 0 42 1 19 0 93 0 22 1 38 1 52 0 34 1 67 1 61 1 94 1 84 1 61 1 45 0 62 1 63 1 27 1 18
87 1 69 0 28 0 32 0 80 1 42 0 85 1 48 0 67 0 96 1 22 1 29 0 45 1 79 0 83 1 82 1 33 0 9 0 15 0 16 0 68 1 56 1 19 0 46 0 51 0 78 0 59 0 38 1 95 1 51 0 87 1 45 1 2 1 61 1 81 0 29 1 71 0 47 0 36 0 7 1 36 1 81 0 80 0 85 0 80 1 77 1 84 1 82 0 23 0 71 0 100 0 15 0 74 1 93 1 66 1 35 0 68 1 93 0 94 0 87 1 56 1 58 1 96 0 67 1 3 0 28 1 40 1 49 1 31 0 22 1 72 1 17 1 10 0 42 1 82 0 77 0 24 1 27 0 99 0 8 1 8 0 10 0 33 0 77 1 90 0 94 1 26 1 47
17 0 10 1 30 0 47 0 16 1 25 0 94 0 72 0 60 1 71 1 1 1 15 0 70 0 72 0 86 1 59 0 56 1 40
91 1 90 1 27 0 49 0 54 0 97 1 44 1 7 0 65 1 18 1 37 1 52 0 97 1 16 1 86 0 2 0 5 1 48 1 58 0 19 1 19 1 72 0 31 1 72 0 52 0 37 0 5 1 98 0 39 0 79 1 34 0 90 1 8 0 29 1 53 1 62 1 65 0 40 0 63 1 87 1 84 1 26 0 5 1 24 0 82 1 66 1 13 1 17 1 27 1 86 1 40 0 34 1 23 1 68 1 97 1 8 1 51 1 91 1 27 0 34 0 50 1 15 1 81 1 26 0 6 1 67 1 55 1 93 1 79 1 4 0 53 0 87 1 2 1 38 0 84 0 25 1 2 0 35 0 4 0 92 1 86 1 43 0 41 1 98 0 49 1 44 0 41 0 32 1 35 1 45 0 93 0 88
26 1 96 1 77 0 68 1 7 1 81 0 19 0 15 0 87 0 1 0 7 0 92 1 26 0 78 1 66 0 12 1 80 0 21 1 70 1 39 0 55 0 95 0 26 0 31 0 30 1 38 1 58
67 1 92 1 26 0 2 1 92 1 99 1 17 1 67 1 11 1 6 0 37 1 11 1 12 0 50 0 53 1 40 1 67 0 99 1 85 0 77 0 42 1 33 1 58 0 31 0 17 1 87 1 13 0 99 1 26 0 74 0 7 1 81 1 52 1 97 1 50 0 78 0 24 0 35 0 79 0 88 1 11 1 70 1 99 0 95 0 37 1 30 1 14 0 99 0 77 0 63 0 53 0 81 0 66 1 49 1 45 1 38 0 97 1 92 1 34 1 7 0 16 1 60 0 73 0 87 1 91 1 94 1 98 0 78
26 1 7 0 42 1 58 0 50 1 17 0 38 1 92 1 46 0 52 0 48 0 39 1 7 0 23 1 50 1 59 1 48 1 37 0 81 0 70 0 95 1 3 1 75 0 7 1 30 0 92 0 78
28 1 89 0 31 0 40 0 16 0 14 0 35 0 75 0 7 1 6 0 82 0 53 1 86 0 62 0 8 1 18 0 45 1 19 0 87 0 99 0 62 0 65 0 89 1 68 0 39 1 24 0 41 1 97 1 9
1 0 12
67 0 61 0 74 0 91 1 52 1 36 0 53 0 18 1 91 0 69 1 88 0 31 1 90 0 16 1 38 0 8 1 62 0 25 0 24 1 100 1 24 0 52 0 62 0 97 1 95 1 42 1 12 1 20 0 2 1 1 1 78 0 36 0 65 1 57 1 88 0 58 0 12 1 88 1 73 1 31 0 76 1 40 1 87 1 50 1 61 0 8 1 84 0 50 1 14 0 5 1 37 1 97 1 84 0 62 0 49 1 97 1 96 1 52 1 16 1 54 1 38 0 74 1 42 0 3 1 82 1 80 0 64 1 82
85 0 29 1 21 0 36 0 34 0 16 1 94 1 89 0 88 1 46 1 79 1 37 1 87 1 91 1 54 1 48 1 54 1 24 0 10 0 39 0 79 1 69 0 85 0 46 1 13 1 53 0 4 0 44 0 21 0 85 0 13 0 48 1 39 0 85 1 57 1 48 0 60 1 24 1 53 0 36 0 11 1 80 0 37 1 28 1 1 1 4 0 26 1 33 1 70 0 37 1 80 1 59 0 36 0 16 1 1 0 39 1 41 1 37 1 81 1 10 1 12 0 24 1 52 0 73 1 91 0 27 1 13 1 51 0 30 1 99 1 4 0 20 0 76 1 39 0 57 0 82 0 67 0 61 1 69 1 7 1 10 0 61 0 37 0 100 0 83 0 93
92 0 2 1 36 0 36 1 98 0 24 1 59 0 93 1 28 0 53 0 77 1 20 0 98 1 7 0 50 1 62 0 20 0 65 1 23 0 20 0 47 0 91 0 83 1 48 1 93 1 45 0 72 1 49 1 55 1 83 1 72 0 42 1 82 0 76 1 81 0 30 0 79 1 43 0 50 0 30 0 26 1 5 1 46 0 6 1 75 0 65 1 31 0 8 1 22 1 5 1 91 0 42 0 60 1 33 1 53 0 55 1 72 1 49 1 30 0 33 0 93 1 78 0 33 0 67 0 77 0 19 0 71 0 59 1 53 0 42 0 100 1 81 1 11 0 34 0 54 0 79 0 71 1 34 0 89 1 55 1 86 1 89 1 63 0 15 1 61 0 2 0 64 0 21 1 86 1 9 0 30 0 1 1 92
96 1 19 0 26 0 13 1 60 1 93 0 24 1 48 1 91 1 71 1 53 1 64 1 74 1 73 1 49 1 29 0 21 0 92 1 6 0 34 0 70 1 61 0 44 0 11 0 14 0 70 0 49 1 34 1 38 0 43 0 69 0 61 1 8 0 16 0 8 1 4 0 78 0 86 0 42 0 97 1 87 1 87 1 37 1 96 1 75 0 36 0 89 1 1 1 58 1 53 0 9 1 87 1 29 1 38 1 48 1 82 1 60 1 57 1 37 1 28 0 48 0 26 1 34 1 45 0 85 1 94 1 83 0 53 0 72 1 34 1 46 1 95 1 36 0 18 1 48 1 66 0 13 1 13 1 31 0 91 0 68 0 23 0 61 0 67 0 53 1 76 1 3 1 20 0 97 1 50 0 8 0 31 1 1 1 58 0 100 1 60 1 62
42 0 37 0 74 1 57 1 2 0 4 1 80 0 41 1 14 1 90 0 73 0 38 0 14 0 6 0 65 0 63 1 75 0 65 1 45 1 12 1 38 1 61 0 53 1 30 1 24 0 31 1 7 1 69 0 36 1 31 1 54 0 62 1 1 0 70 1 70 0 45 1 59 0 51 1 2 0 12 0 62 1 29 0 3
45 1 4 1 24 1 78 0 91 0 24 1 78 1 3 0 5 0 40 0 15 1 17 0 63 0 86 0 78 0 34 0 88 1 85 1 53 1 48 1 6 0 16 1 9 1 53 0 68 1 62 1 88 0 66 0 83 0 15 0 18 1 92 0 36 1 22 0 92 1 98 0 64 1 39 1 69 0 2 1 15 0 37 1 84 1 31 1 6 1 38
91 0 22 0 52 0 50 0 80 1 96 0 51 0 57 0 43 1 50 1 54 0 76 1 99 1 83 0 96 1 15 1 17 1 40 0 43 1 96 0 77 0 96 0 35 1 60 1 89 1 34 1 18 0 27 1 27 0 90 0 79 1 55 0 55 0 17 1 34 0 21 1 42 1 57 1 17 1 82 0 48 1 22 0 63 1 4 0 46 1 7 0 71 0 54 0 62 0 9 0 23 1 42 0 84 0 53 1 43 0 34 0 24 1 5 1 24 0 29 1 79 0 81 1 38 1 3 0 48 0 90 0 73 0 8 1 68 1 60 0 85 0 48 0 25 1 86 0 77 0 66 0 3 1 41 1 14 1 47 1 91 1 18 0 42 1 34 1 4 1 17 0 44 1 80 1 26 0 62 1 40 1 58
46 0 74 1 78 0 46 1 19 1 60 0 56 1 51 0 6 0 78 0 54 1 44 0 82 0 20 1 28 1 64 0 40 1 31 0 26 0 49 1 78 1 81 0 80 0 89 0 6 0 99 0 43 1 20 0 98 0 83 1 93 1 53 0 75 0 52 1 54 1 96 1 74 1 57 1 40 1 17 0 12 1 30 0 70 0 20 0 14 0 8 0 85
12 0 90 0 96 0 13 1 64 1 64 1 29 1 90 1 66 1 26 1 60 1 30 1 16
81 0 91 1 70 1 36 1 28 1 64 0 64 0 3 1 75 1 23 1 6 1 16 1 66 1 53 1 85 0 11 1 83 1 66 1 22 0 74 0 75 1 11 0 27 1 64 1 39 1 77 0 54 1 86 0 12 1 74 1 47 0 52 0 29 1 27 0 19 1 38 0 24 1 19 0 97 0 45 0 68 1 38 1 57 1 50 1 62 0 73 0 67 0 77 0 15 0 10 0 34 1 49 1 23 0 78 1 72 0 92 1 73 1 11 0 67 0 42 0 26 1 61 0 31 1 54 1 58 0 53 0 2 0 35 1 80 0 35 0 51 0 35 0 20 0 20 1 75 0 63 0 94 0 43 1 64 0 47 0 48 1 86
7 0 10 1 19 1 27 0 52 0 54 1 77 0 46
59 1 44 1 16 1 13 0 22 0 61 1 55 0 33 1 5 0 33 1 40 0 76 1 74 1 23 1 23 1 63 1 66 1 57 1 12 0 29 0 4 0 77 0 81 1 93 1 9 1 91 0 92 1 100 1 78 0 27 1 27 0 69 1 68 0 67 0 36 1 52 1 31 1 60 1 78 0 70 0 44 1 53 1 78 1 24 0 23 0 49 0 50 0 3 1 59 0 42 1 58 0 92 0 34 0 11 0 21 0 31 0 87 0 55 1 100 0 29
59 0 12 0 36 1 66 1 57 1 34 1 68 0 69 1 22 0 40 0 41 0 89 1 66 0 70 1 18 1 99 0 31 1 51 1 11 1 25 0 17 1 79 1 93 1 68 1 80 0 17 0 44 1 11 0 93 1 69 0 11 0 74 1 31 0 93 1 7 0 32 0 86 0 11 0 28 1 18 0 90 1 48 0 86 1 33 0 67 0 11 1 44 0 26 1 28 0 12 0 39 1 18 1 69 0 52 0 46 0 88 0 19 0 70 1 19 1 63
63 0 24 0 44 0 5 1 5 0 31 1 49 1 70 0 76 1 41 0 76 0 73 0 64 0 15 1 29 1 54 1 82 1 41 0 97 0 67 1 32 0 57 1 38 0 92 0 5 1 23 0 10 0 81 1 20 0 75 1 57 0 84 0 100 0 16 0 16 0 64 0 4 0 82 0 38 0 40 0 58 0 35 0 31 1 21 1 72 1 77 1 61 1 24 1 70 1 16 1 88 1 45 1 48 0 21 0 62 0 99 0 59 1 66 1 29 0 33 1 20 0 52 0 15 0 62
71 0 11 1 85 0 76 1 65 0 45 0 82 1 39 1 20 1 20 0 92 0 60 1 25 0 24 0 48 0 56 1 90 0 26 1 67 1 73 0 89 0 88 1 58 0 33 0 29 0 69 1 80 1 42 0 73 0 10 0 13 1 42 1 73 0 92 0 68 0 18 0 43 0 28 0 7 0 83 0 35 0 52 0 58 1 93 0 11 1 98 1 45 0 52 0 100 1 18 0 74 0 69 0 23 1 97 0 4 1 67 0 88 0 41 0 45 1 7 0 27 0 72 1 99 0 35 0 15 0 10 1 19 0 12 0 83 1 39 0 40 1 85
11 1 13 1 17 0 15 1 80 1 82 0 17 0 12 0 58 0 70 0 56 1 3
97 1 70 1 15 1 57 0 81 0 35 1 43 0 1 1 87 0 48 1 26 1 20 0 43 0 23 1 90 1 23 1 41 1 15 0 12 1 24 0 1 1 60 1 23 0 44 0 81 0 42 1 77 1 72 0 87 1 40 1 75 0 57 1 53 1 27 0 51 1 6 0 12 0 48 0 30 1 91 0 96 1 88 0 5 0 82 1 47 1 5 1 12 0 80 0 49 1 59 0 3 0 4 1 43 1 51 1 16 1 38 1 1 0 14 0 3 0 89 0 7 0 57 1 59 0 1 0 62 1 85 0 58 0 19 0 56 1 70 0 69 1 62 1 39 0 13 0 8 1 62 0 37 0 1 0 15 0 70 0 76 0 59 1 61 0 28 0 49 0 94 0 39 0 61 1 37 1 45 1 79 0 40 0 44 0 29 1 83 1 31 1 74 1 93
26 1 96 1 18 0 48 0 89 0 71 1 54 1 69 1 44 1 40 1 63 0 74 0 94 1 84 1 97 1 12 0 99 1 21 1 9 1 66 0 68 1 98 1 78 0 40 0 61 0 61 1 77
64 1 37 0 6 1 10 0 58 0 58 0 56 1 69 0 86 0 55 1 47 1 89 0 79 1 51 1 8 0 30 0 86 1 62 0 6 1 75 0 47 1 2 1 66 1 19 0 9 1 27 0 24 1 73 0 85 1 54 0 34 0 76 1 77 1 28 0 4 1 86 0 9 0 45 1 44 1 38 0 38 0 81 1 6 0 85 0 88 1 76 0 64 0 71 1 68 0 70 1 57 0 34 1 98 1 59 0 29 1 64 0 74 0 92 1 82 0 62 0 89 1 66 0 15 0 31 0 15
92 0 67 1 17 0 47 1 62 1 51 0 79 1 1 1 29 0 58 1 54 1 11 1 18 0 76 0 54 1 64 1 82 0 59 1 32 0 53 1 14 0 28 1 66 0 5 0 1 0 89 0 97 1 91 0 22 1 76 1 46 1 8 1 80 0 81 1 73 1 100 0 100 1 18 1 80 1 66 0 73 1 100 0 84 1 40 1 94 1 88 1 71 0 94 1 47 0 72 1 1 0 57 1 73 0 39 1 87 1 49 0 29 0 55 0 91 0 69 0 96 1 45 0 66 0 63 0 24 0 75 0 7 0 58 1 18 0 19 1 98 1 39 1 52 0 67 0 50 0 73 0 3 1 68 0 33 0 88 0 15 0 4 0 7 0 53 0 22 1 76 1 6 1 24 0 84 0 5 1 79 1 12 0 85
52 1 79 0 2 0 70 0 51 0 73 0 88 0 50 1 86 0 2 0 64 0 99 0 30 0 73 1 23 0 98 0 45 0 68 0 51 0 9 1 80 0 25 0 28 1 4 0 56 0 54 1 19 0 73 1 5 0 79 0 100 1 17 0 32 1 30 0 55 0 11 1 51 1 90 1 45 0 68 0 83 0 67 1 32 0 33 1 67 1 17 1 5 1 3 1 37 1 76 0 73 1 45 1 29
48 0 28 0 83 0 83 1 56 1 61 1 52 0 79 0 89 0 1 0 98 0 35 0 40 1 37 1 85 1 74 0 18 1 41 1 1 1 81 0 24 1 9 1 67 1 22 0 55 1 17 1 80 1 99 1 11 1 85 1 49 1 6 1 53 1 49 0 90 1 35 0 76 1 14 0 39 1 54 1 19 0 20 0 25 1 75 0 95 1 13 1 55 1 15 0 6
9 0 61 0 70 0 42 1 86 0 90 0 93 0 87 1 86 0 74
38 0 2 0 25 0 66 0 13 1 67 0 87 0 87 0 16 0 47 1 90 1 73 0 87 0 39 0 50 0 90 0 43 1 68 1 43 1 71 0 62 1 45 1 55 0 60 1 88 1 68 0 72 1 97 0 7 0 19 0 32 0 95 0 23 0 57 1 12 0 28 0 28 1 71 0 11
12 1 93 0 41 1 62 0 9 0 32 0 71 0 36 1 77 1 58 0 26 0 98 0 34
17 0 23 0 70 0 7 1 69 1 41 1 15 1 99 1 51 0 30 0 6 0 32 1 62 1 25 1 57 0 28 1 5 0 42
96 0 78 0 56 1 41 0 26 1 42 1 52 0 34 0 3 1 15 1 16 1 93 1 43 1 67 1 54 0 20 1 18 1 86 0 28 0 76 0 60 1 23 1 62 0 38 1 42 1 75 1 35 1 86 0 88 1 50 0 60 0 97 0 36 1 41 0 28 1 20 0 22 0 50 0 26 1 42 1 93 1 80 0 90 0 60 1 43 0 85 0 31 0 68 1 18 1 60 1 40 1 38 1 47 1 94 1 8 0 31 0 19 1 62 0 36 1 37 0 47 0 24 1 95 1 93 0 7 1 51 0 18 0 100 1 74 0 95 0 86 1 65 1 96 1 44 1 40 1 16 1 80 1 93 1 75 0 31 1 54 1 33 0 19 1 66 1 73 1 66 0 4 1 92 1 37 0 62 1 82 0 56 0 85 0 41 0 36 1 61 1 35
78 0 25 0 59 0 50 0 82 0 36 0 4 1 89 1 68 0 19 0 21 1 40 1 48 0 34 1 52 0 90 1 63 1 37 1 87 0 70 0 60 1 52 1 9 0 60 0 40 0 56 1 13 0 79 0 52 0 84 1 21 1 94 1 58 1 8 0 32 1 99 1 62 0 42 1 92 0 37 1 75 0 15 1 70 0 50 0 43 0 24 0 99 1 13 1 21 0 38 1 14 1 94 1 92 1 44 0 50 1 7 1 84 0 79 0 40 1 48 1 66 0 47 1 28 0 30 0 52 1 100 0 49 0 6 1 94 0 31 1 4 1 8 1 18 1 64 0 37 1 92 0 80 0 33 1 99
54 1 43 0 68 0 68 1 23 0 43 1 2 1 46 1 90 0 65 1 90 0 1 1 78 1 79 1 40 0 37 1 92 1 54 0 46 0 34 0 65 1 79 1 91 0 7 1 78 0 77 0 59 1 24 1 69 1 38 1 30 1 37 1 39 0 72 0 86 0 34 0 14 1 59 1 49 1 57 1 18 1 44 1 80 1 34 0 46 0 18 1 87 1 55 0 33 1 20 1 51 1 3 0 54 0 67 0 10
97 0 8 1 97 0 48 1 44 1 85 0 84 0 14 0 82 0 52 1 33 1 11 1 60 1 79 1 89 0 98 0 13 0 40 0 5 1 64 0 89 0 69 1 39 0 76 0 100 1 1 1 83 1 33 0 75 0 24 1 21 0 81 1 77 0 82 0 76 0 10 0 89 0 38 0 22 1 57 0 35 1 71 0 70 1 86 1 100 0 80 0 15 0 77 0 57 0 57 1 34 0 17 1 18 0 6 1 81 1 75 1 86 0 71 0 17 0 74 1 56 1 11 1 91 0 91 0 63 0 42 0 24 1 10 1 81 1 97 1 2 1 48 1 11 0 42 0 59 0 43 1 2 1 99 0 93 0 78 1 41 1 69 1 71 1 35 1 4 1 63 1 95 0 75 0 23 0 56 1 40 1 55 0 73 1 49 1 92 1 70 1 36 0 62
87 0 1 1 71 0 39 1 59 0 50 1 60 1 61 0 28 0 28 0 13 1 58 1 6 0 96 0 32 0 18 1 43 0 70 1 7 0 20 1 69 1 86 1 37 0 18 1 41 0 19 0 98 1 39 0 56 0 21 1 91 0 52 0 59 1 89 0 17 0 16 0 8 1 94 0 40 0 30 1 26 0 87 0 99 1 67 0 81 1 64 0 44 1 74 1 87 0 59 0 73 1 73 1 7 0 67 0 68 1 55 0 31 1 30 0 61 1 85 1 27 1 77 1 50 1 36 0 77 1 51 0 96 0 54 1 23 1 15 0 8 0 45 0 64 0 30 1 28 0 79 1 99 0 51 1 96 1 7 0 57 0 91 1 51 1 51 0 58 1 38 1 52 1 15
18 1 92 0 63 0 81 1 30 0 51 1 21 1 86 0 21 1 55 0 42 0 5 1 42 0 79 0 53 0 31 0 45 0 78 1 67
60 0 7 1 74 0 55 1 9 1 42 0 67 0 20 0 68 0 27 1 77 0 4 0 62 0 98 1 18 1 90 1 61 0 60 1 65 1 100 0 9 1 17 1 62 0 82 0 5 1 89 0 16 0 56 1 77 0 67 1 77 0 30 0 87 0 26 0 72 1 11 0 94 1 29 1 13 1 13 0 80 1 79 0 68 0 98 0 98 0 73 1 85 0 78 1 8 0 64 0 42 1 49 1 23 0 3 0 90 1 93 0 75 1 75 0 84 0 32 0 83
16 1 47 1 48 1 7 1 68 0 92 0 62 1 63 1 75 1 94 0 99 0 50 1 95 0 36 0 73 0 94 0 2
50 1 50 1 30 0 57 0 49 0 25 1 64 1 77 1 7 0 19 1 72 1 41 0 59 0 53 1 17 0 61 1 12 0 81 0 51 0 7 0 99 1 46 1 70 1 15 0 15 0 16 0 16 0 14 1 99 1 36 0 20 1 43 0 51 0 47 1 46 0 73 0 68 0 33 0 19 0 70 0 33 0 98 1 73 1 39 1 100 0 14 1 33 0 53 0 13 1 60 1 73
38 0 9 1 50 1 92 1 8 0 54 1 43 1 76 1 16 1 18 0 72 0 68 1 52 0 1 1 86 0 99 0 67 0 94 1 76 0 69 1 36 0 8 0 4 1 46 0 46 0 39 1 3 0 20 1 14 1 2 0 62 0 10 1 15 0 10 1 77 1 89 0 12 1 62 1 62
95 0 40 1 97 0 97 0 80 1 10 1 24 1 7 0 20 1 39 0 61 1 39 1 42 0 41 0 7 0 88 1 66 0 34 0 60 1 53 1 38 0 14 0 78 0 8 0 20 1 7 1 29 0 76 0 95 0 90 1 54 0 51 1 99 1 51 1 76 0 95 1 1 0 8 0 53 1 1 1 66 1 89 1 93 0 2 0 89 1 69 0 75 1 56 0 21 0 69 1 34 0 59 1 35 0 55 0 13 0 7 1 6 0 99 0 74 1 92 0 32 1 56 0 53 0 9 0 19 1 62 0 62 0 36 1 99 0 58 0 66 0 84 1 43 0 26 1 45 1 45 0 54 1 47 0 72 1 64 1 14 1 23 0 74 1 44 0 52 0 15 1 15 1 25 0 99 1 72 0 28 1 65 0 69 1 90 1 45 1 27
30 0 18 0 19 1 60 1 34 1 91 1 8 1 77 1 49 0 64 1 59 1 54 0 70 0 55 1 93 0 56 0 92 0 81 0 85 1 90 0 21 1 35 1 90 1 15 0 50 1 11 0 16 1 59 1 40 0 43 0 51
98 1 18 0 59 0 55 0 42 0 23 0 23 1 67 0 49 1 5 1 41 1 65 1 73 1 41 0 55 0 45 0 4 1 52 1 56 1 53 1 87 1 78 1 40 0 44 0 42 0 39 1 78 0 90 1 94 0 48 0 34 0 90 0 83 0 42 1 22 0 45 0 86 0 94 0 62 0 95 0 53 0 96 1 75 1 68 1 49 1 52 0 10 0 51 1 6 0 39 1 97 0 95 0 93 1 16 1 52 0 26 0 56 1 13 0 60 1 40 1 46 0 73 0 83 1 56 0 94 1 26 1 100 1 70 1 10 1 12 1 18 0 86 1 79 0 58 0 20 1 70 0 85 0 51 0 70 0 12 1 74 0 99 1 25 0 74 1 94 0 25 0 59 0 80 1 14 0 16 0 31 1 61 0 61 0 32 0 81 1 26 0 14 1 40 1 80
59 1 10 0 99 1 53 1 27 0 61 0 71 1 47 1 65 0 11 0 88 0 69 1 78 1 12 0 52 0 70 1 53 0 10 1 7 1 62 1 80 1 100 1 57 1 23 1 41 0 11 1 42 1 85 0 40 1 6 0 17 1 67 1 70 0 20 1 82 0 29 1 56 0 31 0 70 1 38 0 77 0 49 0 65 0 93 0 44 0 56 0 19 0 70 1 22 0 69 0 93 1 95 1 81 0 54 1 84 1 46 1 38 1 71 0 21 0 8
3 0 2 0 5 0 29
86 1 67 0 3 0 55 1 16 0 52 0 78 0 42 1 60 0 55 1 58 0 48 1 17 1 25 0 90 0 74 1 99 1 6 1 32 1 96 0 44 1 61 1 57 1 15 0 74 1 6 0 54 0 56 1 21 0 76 1 90 0 98 0 3 0 31 0 93 0 6 1 28 0 54 1 75 0 23 1 31 1 20 1 45 0 51 1 90 1 78 1 72 0 58 1 33 0 8 1 26 1 20 1 23 1 23 0 44 0 39 0 34 1 89 1 21 0 17 0 8 1 93 1 20 0 58 1 38 1 56 1 65 0 85 0 51 1 33 1 19 1 61 1 14 0 86 1 3 1 85 0 22 0 49 0 74 1 79 0 41 0 50 1 3 1 35 0 27 1 40 1 31
54 0 52 1 73 0 83 1 93 1 10 1 77 0 40 1 7 1 71 0 10 1 81 0 21 0 12 1 67 1 88 1 71 0 43 0 67 0 28 0 82 1 2 1 64 0 66 1 94 0 52 1 72 0 87 0 29 1 66 0 76 1 20 1 85 0 58 1 57 1 36 1 10 1 70 0 38 1 53 0 99 0 28 1 14 0 14 0 38 1 92 1 35 1 5 1 71 1 74 0 80 1 52 0 58 0 56 1 45
22 1 2 1 65 0 18 1 7 0 94 1 15 0 53 1 37 0 5 0 32 1 36 0 50 0 71 1 100 1 52 1 95 0 53 0 60 1 14 1 58 1 27 0 28
21 0 25 1 3 1 40 0 78 0 38 0 52 0 41 1 20 1 86 1 95 1 80 0 39 0 84 1 86 0 22 0 28 1 34 1 73 1 26 1 45 0 4
10 0 69 0 38 0 2 0 73 1 13 0 80 1 26 1 59 1 57 1 18
53 0 62 1 90 1 76 0 69 0 25 1 44 0 42 1 99 1 2 1 82 1 54 1 93 0 65 0 28 0 10 0 64 1 82 1 4 0 27 1 65 1 91 1 41 1 13 0 65 0 17 0 91 0 89 1 8 1 76 0 34 1 1 0 53 0 80 1 23 1 52 1 3 1 21 0 27 0 11 0 85 1 58 0 80 1 22 0 29 0 72 1 27 1 72 0 74 0 10 1 75 0 3 0 78 0 9
31 0 84 1 46 0 13 1 38 0 33 1 8 1 83 0 74 1 44 0 71 0 34 0 94 1 51 0 12 1 48 1 37 1 4 1 35 0 98 0 26 1 73 1 16 1 17 1 30 0 2 1 49 1 97 1 29 0 67 1 85 1 94
29 0 77 1 85 0 53 0 3 1 95 0 68 0 80 1 78 1 71 0 51 0 6 1 98 1 63 0 76 0 25 0 7 0 18 1 38 0 3 1 38 1 8 0 64 1 32 0 68 0 60 1 27 0 40 0 71 1 61
45 0 38 1 57 0 37 1 76 0 76 1 76 1 80 0 55 1 83 0 27 1 92 1 41 1 54 1 17 0 4 1 10 1 1 0 78 1 76 0 42 0 61 1 16 1 85 1 63 1 36 1 86 1 72 0 42 0 37 1 21 0 18 1 46 1 37 0 7 1 32 0 14 0 81 0 48 0 19 1 17 1 82 0 56 0 51 1 45 0 75
97 1 78 0 26 0 55 0 12 1 89 0 96 1 46 1 67 0 2 0 65 1 54 0 39 1 68 0 42 0 39 0 59 1 89 1 11 0 74 1 13 0 36 1 84 0 68 1 34 1 77 1 1 1 89 1 45 0 99 1 61 1 23 0 90 1 57 1 10 0 40 1 95 1 17 1 18 0 64 1 55 0 4 1 16 1 93 1 5 0 50 0 85 0 75 0 21 1 20 0 81 1 30 0 28 1 85 1 25 0 28 1 69 0 57 1 19 0 16 0 48 1 63 0 52 1 31 1 1 1 69 1 84 0 70 0 81 1 2 0 13 0 89 1 60 0 16 0 36 0 35 1 86 0 5 1 64 1 4 1 7 0 61 1 87 0 80 1 83 1 22 0 17 1 70 1 58 0 23 1 1 0 8 0 96 0 39 1 57 1 77 1 26 1 97
89 1 57 1 89 1 36 0 21 0 53 1 54 0 92 1 1 0 86 0 61 0 94 0 75 0 37 0 64 1 37 0 93 0 2 1 56 1 51 1 20 0 43 0 30 0 68 1 76 1 78 1 40 0 20 1 30 1 54 0 62 0 80 0 72 0 18 1 75 0 12 0 92 0 69 0 12 1 84 0 68 0 72 1 49 0 61 0 43 1 57 0 79 0 20 0 88 0 31 1 15 1 64 0 53 0 30 1 63 0 72 1 28 0 12 1 52 0 29 0 33 1 50 0 74 0 2 1 48 0 13 0 86 1 26 0 41 0 5 1 15 1 1 1 37 0 82 1 58 1 84 1 18 0 68 0 75 1 35 0 12 0 75 1 53 0 47 0 84 1 50 1 30 1 75 0 27 0 28
50 0 20 0 72 1 33 1 92 0 9 1 25 1 22 0 11 0 18 1 45 0 80 0 45 0 82 1 82 0 24 1 92 1 42 1 83 0 81 1 85 0 5 0 85 0 46 1 44 1 75 1 73 1 62 1 60 0 31 0 76 0 70 0 26 0 69 0 67 1 16 1 76 1 72 1 80 1 78 1 21 0 57 0 34 1 74 0 41 1 43 1 67 1 89 0 13 1 9 0 100
47 0 66 0 38 1 52 1 95 0 32 0 18 1 91 1 49 0 50 0 96 1 27 1 80 0 57 0 70 1 48 0 39 1 15 0 99 0 73 0 46 0 50 1 1 0 3 0 81 0 5 1 78 0 72 0 68 1 55 0 35 0 98 1 92 0 48 0 18 0 24 0 2 1 88 1 37 1 49 1 53 1 80 0 62 0 7 1 38 1 46 1 72 1 79
42 0 5 1 97 0 13 1 85 0 55 0 15 0 78 1 66 0 89 1 72 1 100 1 52 0 100 1 21 1 100 1 70 0 80 0 43 1 6 1 28 1 15 1 60 1 14 0 2 0 86 1 91 0 39 0 73 1 96 1 76 1 53 0 5 0 33 1 17 0 40 1 69 0 30 0 47 0 49 1 68 0 23 1 55
15 0 49 1 52 0 16 0 46 1 89 1 58 0 19 1 96 0 90 1 93 0 79 0 57 0 78 0 62 0 1
89 0 69 0 64 1 84 1 78 1 44 1 9 1 74 1 5 0 15 1 29 0 27 1 14 0 12 1 65 0 31 0 45 0 48 1 91 1 36 1 47 0 69 1 69 1 95 0 53 0 6 1 6 0 74 1 74 1 5 0 13 1 15 1 8 1 85 1 99 0 11 0 11 1 57 0 83 1 16 0 36 0 20 1 24 0 11 0 42 0 14 0 45 1 39 1 32 1 39 1 68 0 12 1 59 1 15 0 35 0 67 1 56 1 21 0 36 0 15 0 71 0 92 0 18 0 62 0 49 0 38 1 54 1 13 0 54 1 66 1 93 0 88 1 18 1 1 1 63 0 71 0 86 0 45 0 6 0 30 0 79 0 61 1 66 0 67 0 51 1 72 0 13 1 83 1 38 0 29
65 1 74 0 71 0 6 1 65 1 16 0 31 1 93 0 6 0 87 0 56 0 4 1 76 0 86 0 46 0 80 0 92 0 57 0 92 0 42 0 82 0 79 1 72 0 42 0 47 0 21 0 28 1 69 1 33 1 73 1 63 0 36 0 17 1 32 1 37 0 65 0 7 1 87 1 63 1 6 1 26 1 16 1 59 1 57 1 37 0 76 0 7 0 83 1 89 0 19 0 95 0 74 1 90 1 80 0 7 1 25 0 86 0 5 0 71 0 69 1 45 0 58 0 27 1 60 1 69 1 39
67 0 54 1 43 1 44 0 74 0 39 0 17 1 89 0 37 0 43 1 74 0 6 1 27 0 31 1 67 0 61 0 86 0 30 1 7 1 64 0 89 1 9 1 52 0 45 0 37 0 65 0 36 0 75 1 7 1 42 1 46 1 87 1 21 1 58 0 47 1 52 0 26 1 53 0 2 0 64 1 61 1 39 0 98 0 59 0 39 1 67 0 86 0 14 0 43 1 82 0 42 0 56 0 18 0 15 0 65 1 2 0 94 1 23 1 8 1 9 1 47 1 70 0 94 0 46 1 6 0 89 0 20 1 71
54 1 95 0 58 0 96 1 55 0 18 1 97 1 9 1 19 0 100 0 78 1 85 0 48 1 38 0 28 0 6 0 5 1 33 1 23 0 67 0 17 0 91 0 97 1 48 0 6 1 18 1 27 0 88 0 89 1 97 0 27 1 18 1 53 0 35 1 40 1 46 0 7 1 33 0 75 0 48 1 77 0 68 1 95 1 70 1 56 0 16 0 93 1 100 0 85 0 10 0 12 0 37 1 70 1 83 1 19
