2 63
9570048 1597512
76 0 44 0 58 1 54 1 3 1 30 0 44 0 39 1 80 0 38 1 92 0 53 0 47 1 86 1 3 1 93 1 52 1 45 0 14 0 24 1 31 0 33 1 6 0 24 1 74 0 8 1 21 1 17 1 86 0 71 0 23 0 79 0 50 0 5 1 55 1 46 0 65 1 46 1 95 0 66 0 17 1 71 0 45 0 80 1 31 0 79 0 25 1 2 1 13 0 19 1 8 1 87 0 55 0 37 1 62 0 79 1 83 0 57 0 70 1 27 0 22 1 30 0 69 1 27 0 12 1 50 1 71 1 13 1 50 1 88 1 39 0 85 1 24 0 23 1 45 0 68 0 66
17 1 55 0 85 1 50 1 36 0 93 0 14 1 49 0 77 0 90 0 93 0 12 1 55 1 22 0 18 0 87 1 37 1 11
5 0 4 0 45 1 55 1 57 1 14
32 1 40 1 29 1 12 0 97 1 10 1 48 0 58 0 71 0 28 0 52 0 39 0 10 1 13 0 41 0 1 0 3 1 6 1 77 1 89 0 91 0 1 1 66 0 29 0 7 0 11 1 7 0 56 1 31 0 17 1 15 0 84 0 3
99 0 37 0 72 0 51 0 66 0 24 1 55 0 76 1 19 1 83 1 56 0 15 0 13 1 1 0 37 0 58 0 16 0 75 1 4 1 83 0 96 1 42 0 85 1 99 1 95 1 2 1 6 1 27 0 97 0 15 0 90 0 59 1 45 1 84 0 57 1 51 0 61 0 91 0 92 0 6 0 29 1 24 0 87 1 49 0 71 0 73 0 22 0 71 1 74 0 5 1 82 1 23 1 53 1 34 1 23 1 13 1 15 0 68 0 50 1 71 0 65 1 7 1 38 0 91 1 87 1 1 1 5 1 70 1 1 1 5 0 38 0 43 1 36 0 85 0 7 0 59 1 35 0 80 0 81 0 9 0 43 0 29 0 60 0 98 0 49 0 10 1 84 1 51 1 55 0 55 0 78 0 15 0 33 1 58 0 81 0 76 1 76 1 97 1 63 0 65
78 0 91 0 26 1 14 1 77 1 74 0 80 1 92 0 5 1 54 1 79 1 51 0 56 1 57 0 2 0 91 1 22 1 3 0 64 0 57 1 13 0 100 0 40 1 27 1 11 0 54 0 17 1 15 1 73 1 7 1 72 0 7 1 40 1 13 1 99 1 24 0 37 1 22 1 55 0 93 1 49 1 75 0 36 1 29 1 10 0 97 1 38 1 88 0 62 0 68 0 46 0 33 1 48 1 77 1 92 1 50 1 54 0 74 1 96 1 66 0 86 1 41 1 18 1 71 1 25 1 89 0 8 1 48 1 44 1 87 0 97 0 96 1 6 0 100 1 67 0 26 0 38 1 89 1 92
56 0 54 0 28 0 21 0 34 0 67 1 57 0 20 1 27 1 59 0 60 1 74 1 13 1 95 0 47 1 37 0 56 1 71 1 98 1 84 1 29 1 79 1 62 0 67 1 31 1 72 0 15 1 23 0 6 0 59 0 8 0 81 1 48 0 84 1 81 0 37 0 74 0 1 1 50 0 12 1 17 1 89 1 90 1 74 1 53 0 57 1 19 0 31 0 7 1 34 1 80 1 55 0 96 0 59 0 98 0 27 1 28
10 0 28 0 95 0 58 0 86 0 70 0 5 0 15 0 12 0 49 1 82
12 1 56 0 10 0 7 1 24 1 23 1 61 1 59 0 2 1 2 1 66 1 78 0 67
54 0 46 1 72 1 34 0 4 1 56 1 29 1 75 0 18 1 85 0 77 1 38 0 18 0 86 0 35 0 11 0 51 1 5 0 17 0 14 1 50 1 33 1 73 0 11 0 31 0 30 0 75 1 88 0 50 1 57 0 80 0 88 0 77 1 26 1 8 1 22 0 62 0 55 1 51 1 8 0 42 1 3 0 66 1 25 0 71 1 54 1 6 0 14 1 92 0 88 0 82 1 58 0 37 1 96 0 91
98 0 94 0 25 1 37 1 39 0 79 0 32 0 45 0 64 1 61 1 98 0 84 0 42 1 98 1 13 1 39 1 74 0 52 0 13 0 14 0 17 0 70 0 34 0 19 1 92 0 67 0 7 0 88 1 97 1 46 0 99 1 98 1 33 1 93 0 98 0 72 0 64 1 36 0 75 1 91 1 57 0 98 1 20 0 70 0 10 1 6 0 21 1 16 0 28 1 51 0 79 0 76 0 41 1 37 0 71 0 63 1 36 1 100 0 60 0 6 1 28 0 84 0 6 0 62 1 26 1 57 1 95 0 4 0 38 0 38 0 72 0 36 1 4 0 90 0 73 1 53 0 29 0 57 0 54 1 84 0 84 0 45 0 63 0 47 1 20 0 49 0 82 1 42 0 82 1 59 0 58 0 96 1 88 1 55 0 80 0 22 1 80 0 98 0 23
83 1 51 0 45 0 76 0 48 0 62 1 41 0 89 0 57 0 91 1 90 1 76 0 55 1 66 1 23 1 92 1 86 0 79 1 3 0 20 0 92 0 81 0 85 0 41 0 26 1 90 0 38 0 30 1 31 0 89 0 18 1 84 1 48 0 27 1 59 0 28 0 52 1 62 1 59 0 82 1 62 0 23 1 30 0 41 0 77 0 91 0 3 0 100 1 50 0 14 1 57 1 46 0 5 1 58 0 94 1 48 1 23 0 68 1 27 1 92 1 48 1 79 1 5 1 74 1 15 0 22 0 87 0 13 0 30 0 37 0 92 1 15 1 62 0 21 0 29 1 45 0 55 1 18 0 60 0 61 1 41 0 21 0 34 0 10
60 1 6 0 80 0 2 1 45 0 65 1 88 0 43 1 43 1 42 0 96 1 60 1 30 0 38 0 36 0 19 1 52 1 54 1 13 1 38 0 60 1 43 0 83 1 99 0 25 0 23 0 30 0 87 1 94 1 44 1 85 1 34 0 89 1 31 1 35 0 86 1 41 0 79 0 96 1 5 0 69 0 23 1 11 0 35 1 43 0 26 0 34 0 29 0 38 0 24 1 51 0 27 1 62 1 27 0 75 1 58 1 87 0 96 1 68 0 2 0 57
25 1 69 1 6 1 49 0 56 0 94 1 93 1 1 1 59 0 40 0 54 1 65 0 28 1 77 0 93 0 89 1 76 1 53 0 49 0 75 0 78 1 2 0 4 0 48 0 87 1 22
46 0 10 1 26 1 74 0 83 1 28 1 49 1 13 0 81 1 15 0 65 1 65 1 25 1 44 0 9 0 42 1 19 1 98 0 56 1 20 0 79 0 58 1 68 1 90 0 70 1 20 1 96 0 86 1 51 0 65 1 74 0 83 0 20 0 50 0 66 1 99 0 19 1 14 0 7 1 10 1 86 1 4 0 81 1 12 1 24 1 60 0 82
71 1 95 1 82 0 8 0 3 0 47 1 92 1 73 0 100 0 63 1 89 1 82 1 54 0 10 1 14 1 82 1 37 0 61 0 30 1 90 0 92 1 96 0 93 0 57 1 61 0 97 0 38 0 64 1 44 1 35 1 93 0 57 1 47 1 6 1 16 0 55 0 100 0 46 1 63 1 86 1 92 0 37 0 17 1 98 1 53 0 89 0 30 0 9 0 88 0 42 1 45 0 99 1 41 0 58 1 74 1 23 1 27 0 74 1 81 0 21 0 31 0 1 1 39 0 91 1 41 1 76 0 6 0 59 0 96 1 99 0 58 1 2
42 1 96 1 95 0 28 1 30 1 64 0 39 1 34 1 66 1 24 0 21 1 30 1 60 1 19 1 10 1 54 1 61 0 26 1 77 0 7 0 72 1 41 0 41 0 48 1 98 1 80 0 20 1 18 0 74 1 33 0 80 1 53 0 59 0 24 1 35 1 27 1 83 0 37 1 87 0 95 0 44 0 84 1 96
70 0 79 1 8 1 89 0 15 1 85 0 77 1 74 0 69 0 21 1 66 1 11 1 86 1 21 1 44 1 91 0 80 0 4 1 49 1 53 0 84 1 60 1 7 0 42 0 67 0 99 0 39 0 99 0 55 1 47 0 42 1 58 0 43 1 39 1 98 0 50 0 79 0 51 0 24 0 95 1 89 0 15 1 89 0 20 1 57 0 94 1 57 1 22 0 27 0 68 1 75 0 60 1 29 0 19 1 66 0 23 1 17 1 14 0 74 0 72 0 93 1 27 1 59 1 92 1 23 0 46 0 97 0 96 1 52 1 45 0 95
68 1 28 0 36 1 70 1 26 1 25 0 17 0 41 1 44 0 96 0 27 0 5 0 51 1 10 1 28 0 58 0 24 0 40 0 94 1 7 1 44 1 64 0 59 0 67 0 5 1 25 0 4 0 66 0 43 0 59 1 47 0 97 1 14 0 55 1 44 0 44 0 9 0 55 0 76 0 66 1 24 1 22 0 85 1 90 0 84 1 6 1 28 1 39 0 10 0 45 1 48 1 42 0 85 1 49 1 75 1 73 1 23 0 59 1 6 1 50 1 12 1 1 1 38 0 97 0 69 0 35 1 72 1 56 0 66
76 0 3 0 82 1 75 0 19 1 39 1 4 1 2 1 100 0 49 0 38 1 20 1 81 0 71 1 1 0 78 1 12 1 95 0 34 0 46 1 1 1 83 1 31 1 56 0 93 1 16 0 87 0 51 1 93 0 83 0 45 0 9 0 4 1 88 0 48 0 67 1 89 0 31 1 90 0 3 0 28 1 82 0 86 1 95 0 31 1 79 1 99 0 53 1 26 0 4 0 76 0 14 0 39 1 31 1 42 0 91 1 43 1 92 1 81 1 29 1 32 0 37 1 61 0 68 1 98 1 93 1 62 0 5 1 55 1 41 0 55 1 5 1 100 0 6 0 28 0 8 0 55
48 0 44 0 23 1 67 1 98 0 62 0 6 0 37 0 30 0 16 0 14 1 23 0 58 1 26 0 97 1 11 1 25 0 35 1 9 0 82 0 29 1 42 0 99 1 87 0 30 0 2 1 8 1 63 1 65 1 44 0 19 1 56 0 89 1 89 0 19 0 17 0 27 0 31 1 13 0 75 0 60 0 68 0 11 0 28 0 30 0 12 0 49 0 29 1 52
98 0 80 1 18 1 81 1 72 0 91 1 44 0 87 0 70 1 28 0 39 0 84 0 81 0 25 1 84 1 95 0 88 0 39 1 55 1 85 0 72 1 71 1 29 0 62 1 6 0 30 1 21 1 39 1 74 1 27 0 18 0 85 0 92 1 45 1 25 0 26 1 42 1 81 1 57 1 58 0 98 1 8 0 48 0 48 1 56 0 17 0 17 1 42 1 61 1 31 1 50 0 99 0 4 0 47 1 48 1 70 1 27 0 80 0 41 1 10 0 64 1 3 1 72 1 2 0 60 1 88 1 70 0 63 0 44 1 34 0 38 1 38 0 53 1 15 1 89 1 63 1 38 1 99 0 88 1 61 0 38 1 37 1 7 0 35 0 25 1 61 0 73 1 30 1 55 1 79 0 65 0 75 1 22 0 64 1 28 0 24 1 28 0 37 0 48
74 0 94 0 23 1 27 0 66 0 21 0 36 1 66 1 19 0 48 0 70 1 40 1 15 1 91 1 8 1 70 0 50 1 86 1 3 1 41 0 56 0 45 0 82 1 70 1 87 0 29 0 69 0 16 1 99 0 99 1 24 1 45 1 39 0 31 0 93 0 76 0 76 1 93 0 62 1 8 1 19 0 28 1 19 0 5 1 37 0 20 1 39 0 37 1 29 0 70 1 43 1 56 1 49 0 3 0 36 0 84 0 89 1 3 0 88 0 10 1 62 1 99 0 99 0 73 0 67 0 22 1 71 0 80 0 49 0 81 0 85 0 44 1 97 1 68 0 45
49 0 5 0 20 1 23 1 39 0 83 1 40 1 75 0 53 1 67 0 20 0 4 1 25 1 11 0 71 1 57 0 80 0 41 0 27 1 87 0 57 0 48 0 90 1 35 0 41 0 26 0 14 1 58 1 93 1 65 1 67 1 86 0 71 1 38 0 81 1 13 0 88 1 51 0 55 0 93 0 69 1 8 0 26 1 72 0 10 0 27 1 27 1 71 1 6 1 35
6 0 52 0 66 0 98 1 62 1 50 1 60
94 1 28 0 16 1 64 0 21 0 59 0 20 1 7 0 45 1 64 1 10 1 55 0 44 1 26 1 18 1 24 1 90 0 4 0 15 0 52 1 69 1 42 0 25 0 28 1 65 0 72 0 98 0 71 1 43 0 25 1 54 1 73 0 12 0 6 0 23 0 42 1 67 0 1 1 54 1 30 1 34 1 44 0 47 0 41 0 9 0 16 0 50 1 39 0 100 1 77 0 59 1 55 1 5 0 68 1 57 0 52 1 77 1 79 0 22 0 19 0 66 1 34 1 46 1 5 1 43 1 95 1 69 1 82 0 63 0 59 0 98 0 49 0 80 1 24 0 11 1 19 1 35 1 47 0 89 0 60 0 65 1 39 0 67 1 41 0 61 0 54 0 31 1 9 1 13 1 58 1 8 1 46 0 90 0 59 1 98
43 0 98 1 44 1 33 0 95 1 80 1 61 0 63 0 43 1 30 0 52 0 41 1 42 0 100 0 70 0 91 1 71 1 78 0 22 1 79 1 32 0 37 0 34 0 4 0 61 1 96 0 16 1 91 1 26 1 8 0 17 1 49 0 41 0 24 0 49 0 24 1 18 1 65 1 67 1 25 0 7 0 94 0 65 1 67
86 0 35 0 84 1 90 0 93 1 88 1 19 1 80 1 6 0 81 1 58 1 74 0 55 1 60 1 4 1 4 0 82 0 30 0 81 1 71 0 57 1 11 0 7 0 39 0 93 0 23 0 43 1 65 0 50 0 3 1 70 1 92 0 60 0 59 1 84 0 84 0 19 1 43 0 82 1 74 0 85 1 13 1 44 0 71 0 74 1 8 1 72 0 63 0 35 1 31 0 3 0 40 0 31 1 44 1 71 0 15 0 48 0 80 1 25 1 87 1 94 1 12 1 12 0 65 0 52 0 91 0 81 1 51 0 7 0 10 1 45 1 31 1 95 0 67 0 28 1 36 0 9 0 25 0 32 0 65 0 18 0 68 1 12 0 90 0 63 0 58 0 19
72 1 48 0 86 1 97 1 91 1 64 1 26 0 63 1 31 1 47 0 89 1 49 0 54 0 74 0 88 1 58 0 55 1 47 1 75 0 50 1 83 1 46 1 77 1 59 0 23 1 80 0 39 1 23 0 27 1 70 1 56 0 51 1 98 1 53 1 3 0 71 0 55 0 25 0 98 1 22 1 78 1 24 1 8 1 81 0 72 0 67 1 87 1 1 0 78 0 55 1 31 0 50 1 48 1 89 1 38 0 95 1 5 0 92 0 59 0 83 1 59 0 5 0 16 1 91 0 84 1 98 1 30 1 8 0 96 0 21 0 22 1 23 0 36
17 1 24 1 28 0 22 0 61 0 52 1 66 1 65 1 86 1 4 0 56 1 39 0 79 0 23 0 61 0 27 1 24 0 33
29 0 61 1 72 1 98 0 81 1 62 1 7 1 24 1 50 0 34 1 37 0 6 0 74 0 38 0 86 0 92 0 41 1 59 1 40 0 53 1 25 0 70 1 49 1 51 0 27 0 75 0 67 0 87 1 78 0 91
100 1 42 1 39 0 7 1 60 0 13 1 27 1 30 0 10 1 84 1 12 1 49 1 29 1 24 0 23 0 67 1 80 1 41 1 32 0 74 1 27 1 88 1 30 0 6 1 48 1 30 1 47 0 30 0 99 0 98 0 62 0 91 0 32 0 79 0 77 1 36 1 73 0 10 0 24 0 21 1 63 0 21 0 29 0 28 1 95 0 95 0 84 1 46 1 50 1 38 1 47 1 15 0 28 1 19 1 89 1 69 0 14 0 44 0 33 0 2 0 74 1 45 0 37 1 19 0 49 1 28 0 51 0 26 1 30 1 43 0 62 0 85 0 28 0 33 0 65 0 100 1 24 1 23 1 83 1 80 1 33 1 2 0 43 1 55 1 77 1 67 0 68 0 81 1 78 0 48 0 11 1 82 0 61 0 4 1 79 1 40 0 32 0 52 1 68 1 93 1 3
40 0 64 0 72 1 90 1 31 0 97 1 2 1 68 1 56 1 14 0 73 1 1 1 16 0 41 1 9 0 93 0 2 0 92 1 42 0 39 0 15 1 89 0 38 0 48 0 97 0 6 1 72 1 40 0 93 1 96 1 90 1 10 1 53 1 12 1 4 0 43 1 1 0 42 1 19 1 80 1 86
95 0 39 0 53 0 57 0 97 1 71 1 60 0 7 0 23 0 13 1 52 0 100 1 84 0 49 1 52 0 5 1 84 1 39 1 3 1 93 1 44 0 68 0 55 0 79 1 97 1 63 1 12 0 59 1 4 1 35 1 8 0 29 0 90 0 22 1 79 1 40 1 37 1 85 0 42 0 99 1 20 0 88 0 28 1 56 0 12 0 5 0 38 1 18 1 49 0 25 1 4 0 72 0 34 1 18 1 95 1 49 0 57 0 97 0 12 0 19 0 72 0 57 0 42 1 12 1 59 1 45 0 68 0 31 1 41 0 31 0 21 0 51 1 83 0 4 1 49 1 76 1 64 1 100 1 6 0 17 0 32 1 1 0 52 1 65 0 42 0 42 0 88 0 62 1 27 1 32 0 21 1 27 1 68 0 64 1 27 1 54
71 1 76 0 46 0 54 0 21 1 91 0 53 0 65 0 100 1 98 1 90 1 25 0 68 0 56 1 28 0 42 0 81 1 74 0 9 1 14 1 1 1 6 1 79 0 74 1 20 0 3 0 80 1 30 1 45 0 15 0 12 0 48 0 26 0 54 0 45 1 7 1 66 1 94 0 71 1 80 1 23 1 71 1 100 1 29 1 12 1 72 1 80 1 39 0 77 1 17 1 47 0 60 0 10 1 58 0 25 1 95 0 68 0 14 0 71 0 81 0 12 1 1 1 9 0 32 0 32 0 74 0 45 1 1 0 47 0 72 0 7 0 54
21 0 54 0 57 0 78 0 70 0 25 1 16 0 91 0 83 1 1 1 3 0 49 0 84 1 93 0 20 1 81 1 42 1 66 0 32 1 13 0 71 0 31
64 0 19 1 98 0 19 0 94 1 54 1 75 0 55 1 87 0 12 0 67 0 99 0 47 1 47 0 4 1 67 1 97 0 17 0 1 1 29 0 46 1 20 1 78 1 25 0 16 1 88 1 27 1 96 0 28 1 11 0 55 0 48 0 36 0 43 0 77 0 83 1 12 0 37 1 66 1 2 1 59 0 21 0 50 0 78 1 72 0 61 0 9 1 15 0 41 1 96 1 66 1 80 1 100 1 7 1 48 0 71 1 81 1 53 0 37 0 31 1 89 0 52 1 17 1 80 1 30
93 0 96 0 47 0 68 1 98 1 86 1 66 1 44 1 75 0 6 0 3 1 76 0 13 0 82 0 40 0 96 1 7 0 51 0 27 1 11 0 55 0 1 0 22 1 46 1 35 1 87 0 29 0 33 1 92 0 18 0 63 0 40 1 7 0 80 1 100 1 43 0 60 0 84 0 79 0 51 1 29 1 26 0 87 1 8 0 60 1 49 1 50 0 81 1 16 0 99 0 32 0 83 0 17 1 76 0 68 0 80 1 100 0 69 1 52 0 70 1 76 1 47 0 23 0 22 1 3 1 76 1 35 1 76 0 14 0 68 1 5 1 60 1 3 1 70 1 80 0 42 1 36 1 24 1 86 1 47 1 76 1 62 1 15 0 18 0 27 0 86 0 33 1 89 0 63 1 71 1 29 0 5 1 46 0 65
74 0 12 1 35 1 57 1 51 1 92 1 72 0 45 1 20 0 68 0 23 0 45 0 79 0 92 0 21 1 67 0 37 0 84 1 36 0 87 1 36 1 50 0 1 1 98 0 90 1 20 1 58 0 92 0 100 1 37 1 75 1 34 1 84 1 62 1 67 0 62 1 57 0 71 0 9 0 16 1 62 1 26 1 51 0 69 0 40 1 87 1 15 0 98 1 84 1 96 1 2 1 20 1 87 1 87 0 80 1 54 0 79 0 52 0 62 1 83 1 75 0 39 0 17 1 9 1 12 0 34 0 85 0 10 0 33 0 88 0 57 0 6 0 63 1 40 1 69
42 1 42 1 29 0 56 0 86 1 67 1 100 0 95 1 85 1 5 0 76 0 62 1 75 0 98 1 23 1 37 0 56 0 34 0 87 0 55 1 1 0 92 1 53 0 69 1 51 0 62 1 99 1 45 0 70 0 86 1 11 0 59 0 46 0 100 1 94 0 19 0 10 1 46 1 2 1 50 0 74 0 89 1 97
15 1 26 1 49 0 26 0 58 1 37 0 77 0 15 0 5 0 64 0 50 0 52 1 32 1 81 1 25 1 87
11 0 23 1 19 1 19 1 89 1 21 1 38 0 10 0 4 0 95 1 77 1 44
36 0 52 1 5 0 3 1 37 0 76 0 22 0 37 0 15 1 8 0 64 0 72 1 10 1 94 1 19 1 51 0 46 0 15 1 73 0 67 0 96 1 12 1 63 1 90 0 83 0 89 0 2 0 7 1 82 0 87 0 100 1 98 1 12 1 43 0 38 0 29 1 83
93 1 87 1 26 1 9 1 51 1 78 0 99 1 92 0 4 0 3 0 64 0 13 1 61 0 1 1 75 0 39 0 76 1 70 1 48 0 51 1 10 0 65 0 65 0 82 1 5 0 19 1 67 0 56 0 42 0 3 1 84 0 30 1 37 1 46 1 55 0 25 0 50 1 93 0 21 1 56 0 98 1 48 1 91 0 4 1 53 0 1 1 28 1 92 0 42 0 47 1 41 0 74 0 40 0 52 0 7 0 72 1 54 0 98 1 88 1 35 0 38 0 67 1 46 0 56 0 98 1 10 1 60 0 68 0 22 0 59 1 78 1 29 1 98 1 14 0 48 1 73 1 45 1 52 1 48 0 6 1 33 0 9 1 77 1 48 1 41 1 77 1 66 0 42 1 14 0 49 0 20 0 42 1 89 1 28
9 0 65 0 26 1 56 0 52 1 56 1 19 1 46 0 69 0 43
11 1 41 1 46 1 17 0 78 1 35 1 40 1 30 0 29 1 42 0 42 1 52
45 1 96 0 84 0 77 0 47 0 52 0 95 0 46 1 21 1 33 0 58 0 67 1 52 0 2 0 52 0 44 0 27 1 89 1 82 0 32 0 5 0 84 0 71 1 61 1 77 0 76 1 67 0 71 1 68 1 44 0 49 1 69 0 74 1 85 1 45 1 9 0 84 1 100 1 48 0 54 1 88 0 96 1 26 1 13 1 20 0 31
50 1 44 1 52 1 82 1 87 1 2 1 67 0 63 1 62 0 75 1 74 0 11 1 72 1 83 0 2 1 32 1 21 1 2 1 87 0 54 0 74 1 22 0 13 1 16 0 85 1 26 0 62 0 36 0 45 1 86 1 74 1 34 0 90 1 32 1 76 0 79 0 37 1 53 0 46 0 63 0 73 1 92 1 59 0 91 0 100 0 55 0 26 1 65 1 73 0 65 0 6
65 0 38 0 95 0 16 1 86 1 19 0 32 0 71 0 1 0 58 0 18 0 84 1 63 1 64 0 46 1 51 0 98 1 72 0 61 0 82 0 73 1 12 0 99 0 12 1 77 1 86 1 52 1 5 0 74 0 21 1 11 1 37 1 81 1 74 1 96 1 31 0 90 1 53 1 31 1 96 0 10 1 63 0 2 1 62 1 74 0 89 0 9 1 9 1 24 0 6 0 65 0 87 0 13 0 20 1 91 0 79 0 93 0 14 0 67 0 34 0 69 0 15 1 20 1 21 0 53 1 39
21 1 94 1 2 0 3 1 37 1 88 1 57 1 4 0 85 1 17 0 38 0 9 1 94 1 1 1 88 0 17 0 21 0 23 1 15 0 15 0 88 0 42
4 0 67 0 69 1 54 1 16
35 0 20 1 92 1 21 1 7 1 64 1 28 1 18 0 61 0 46 0 16 0 58 0 67 1 70 0 26 0 52 0 34 0 93 1 49 0 58 1 54 1 100 0 90 0 99 0 25 1 49 0 46 1 71 1 73 1 42 0 53 0 47 1 77 0 50 1 68 1 83
39 1 53 0 98 0 72 0 80 1 36 0 26 1 69 1 55 1 79 0 70 0 20 1 65 0 75 0 46 0 83 1 55 1 94 1 85 0 64 0 45 0 77 0 33 0 26 0 13 0 23 0 47 1 90 0 48 0 21 1 30 1 80 0 75 0 96 1 1 0 20 1 87 1 82 0 18 0 89
93 0 96 0 26 1 18 0 69 1 100 1 26 0 37 1 36 1 47 0 27 1 56 1 84 1 41 1 29 1 94 1 55 0 24 1 35 0 51 0 9 1 4 0 72 1 75 0 48 0 87 0 59 1 76 0 94 0 80 0 32 1 12 0 4 1 40 1 1 0 74 1 46 0 74 0 50 0 2 1 88 1 93 0 61 0 70 0 7 0 70 0 9 1 33 1 30 0 85 1 47 1 7 0 25 1 45 1 95 0 25 0 78 1 18 1 65 0 23 0 78 1 55 1 90 0 11 1 19 0 77 1 34 1 7 0 71 1 14 0 12 1 51 1 42 0 18 0 68 1 42 1 69 1 39 1 83 1 58 1 82 1 63 0 37 0 39 0 81 0 3 0 18 0 63 1 75 1 86 0 78 1 99 1 92 1 43
20 1 43 0 23 1 45 1 99 1 48 0 100 1 11 0 18 0 13 1 41 1 74 0 85 0 52 1 86 1 96 1 1 0 17 1 19 0 100 1 90
39 0 58 1 23 0 68 0 91 1 34 0 7 0 94 0 55 0 84 1 95 0 88 1 53 1 98 0 44 0 25 1 87 0 89 0 6 1 74 0 34 0 87 1 25 0 59 0 14 1 89 0 14 0 65 0 23 0 76 1 19 0 76 0 51 0 71 0 53 0 56 0 61 1 23 0 58 1 27
47 0 92 0 48 0 60 1 88 0 9 0 91 1 48 0 49 1 63 0 88 0 72 0 71 1 12 0 57 1 56 0 52 0 4 1 77 0 33 1 44 0 89 0 94 0 2 1 84 1 77 0 96 0 96 0 97 0 81 0 98 1 15 1 57 0 80 1 19 0 35 1 14 0 63 0 21 0 77 0 69 1 75 0 59 1 1 0 12 1 26 1 76 0 69
65 0 97 1 86 0 30 0 62 1 46 0 59 1 57 1 74 1 33 0 44 1 58 1 1 0 28 1 49 0 19 1 72 1 11 1 73 1 83 0 69 0 92 1 72 0 23 0 83 0 25 0 84 1 59 1 52 0 58 0 40 0 28 0 47 1 14 0 62 1 55 1 68 1 64 0 93 1 52 0 2 1 89 1 13 0 73 1 20 0 13 1 96 1 4 0 4 0 45 0 59 0 18 0 73 0 94 0 50 1 13 1 85 0 95 1 84 0 57 1 84 1 38 1 50 1 9 1 33 1 92
96 1 28 1 69 1 84 0 96 1 22 1 86 1 38 0 61 1 35 1 80 1 3 0 41 0 37 0 65 1 19 1 67 1 31 1 2 1 99 0 79 0 99 1 95 1 48 1 30 1 90 0 2 1 21 0 55 1 20 0 38 0 60 0 89 0 84 0 79 1 61 1 78 1 17 1 84 1 31 0 17 0 40 0 10 1 87 0 35 0 16 1 92 1 11 0 81 1 80 1 88 1 27 0 98 0 45 0 54 0 24 1 88 0 38 0 95 0 9 0 62 1 32 1 66 1 98 0 23 0 97 1 7 0 96 0 70 0 2 1 75 0 22 1 74 1 35 0 96 1 60 0 73 1 20 0 67 0 64 0 92 0 11 0 46 1 57 0 58 0 86 0 26 0 41 1 18 1 60 0 88 0 48 1 9 0 19 0 25 0 36 1 90
82 0 86 0 78 0 55 1 56 0 21 1 2 1 56 1 70 1 40 0 65 1 33 1 36 0 38 1 85 0 21 0 97 0 27 0 50 0 26 0 48 1 40 0 38 1 30 1 3 1 81 1 46 0 26 1 19 1 16 1 95 1 60 0 27 0 27 0 100 0 65 0 17 1 80 0 44 1 67 0 59 0 15 0 13 1 76 0 24 0 72 1 3 0 98 1 51 1 43 1 80 0 42 1 69 0 3 0 92 0 55 0 73 1 95 0 43 1 11 1 4 1 48 0 58 0 36 0 49 0 13 1 17 1 91 1 18 1 54 1 33 1 95 1 10 0 24 1 30 1 37 0 10 1 16 0 87 0 49 0 16 1 92 1 73
100 0 81 1 38 1 17 1 90 0 68 1 15 0 34 0 62 0 46 1 34 1 49 0 77 0 84 0 53 1 15 0 84 0 47 0 90 0 88 0 16 1 36 1 31 0 96 1 57 1 99 1 37 1 89 1 92 0 94 1 37 0 31 0 8 1 63 1 8 1 57 1 33 0 6 0 95 0 85 1 77 0 84 1 42 0 24 0 18 1 70 0 79 1 13 1 96 0 60 0 75 1 21 0 73 1 1 1 60 1 81 0 5 1 38 0 15 1 70 1 68 0 39 1 40 1 44 0 96 1 29 0 76 1 81 0 47 1 67 1 72 1 57 1 31 1 54 0 19 0 58 0 85 0 15 0 42 0 29 1 27 0 34 1 21 0 49 1 9 0 89 1 61 1 91 0 16 1 78 0 89 0 33 0 83 0 92 1 71 0 34 1 60 0 57 1 59 0 51 0 53
61 0 78 1 33 0 74 1 11 0 8 1 9 1 29 1 53 1 30 1 31 1 51 1 5 0 84 0 57 1 12 0 98 0 29 0 24 1 87 0 75 1 50 0 88 1 47 0 3 0 73 0 27 0 33 0 93 1 63 1 77 0 54 1 60 0 77 0 95 0 71 0 3 1 36 1 78 1 4 1 88 0 68 0 24 0 44 0 3 1 8 0 56 0 23 0 18 0 95 0 66 0 5 0 30 0 19 0 96 1 31 1 61 0 52 0 91 0 1 0 33 1 18
83 1 8 0 74 1 43 1 40 1 99 0 37 0 11 1 19 0 63 1 74 0 62 1 76 1 51 0 64 1 1 0 3 1 34 1 27 1 42 1 52 1 19 0 88 0 44 1 50 0 9 1 25 1 80 0 49 0 26 0 9 0 84 1 82 1 41 0 18 0 46 1 29 1 51 0 42 0 56 0 65 0 26 0 44 1 55 0 16 0 45 0 33 0 76 0 37 1 20 1 22 0 40 0 53 0 52 0 45 1 71 1 42 0 14 1 15 0 68 1 64 1 70 0 20 0 43 1 20 1 31 0 24 0 4 1 49 1 48 1 39 0 10 1 47 0 58 0 29 1 97 0 35 0 12 1 22 0 91 0 51 1 100 1 98 0 51
