3 64
7566781 3566831 7731564
79 0 51 2 57 1 66 0 60 1 33 0 25 2 18 2 78 0 18 2 48 0 33 0 31 2 24 0 2 2 47 2 23 0 74 2 100 0 63 2 57 0 79 2 6 1 42 1 37 1 100 1 70 1 71 0 38 0 83 2 36 2 5 1 34 2 36 2 74 2 90 0 55 0 17 1 3 0 77 2 55 1 53 1 69 1 33 2 90 2 12 0 21 1 82 1 82 0 5 1 61 2 69 2 18 2 41 0 64 0 8 0 56 0 45 2 38 0 28 1 76 0 65 1 59 1 77 0 7 2 23 0 46 2 53 2 56 2 52 2 38 2 4 1 87 1 35 0 62 2 64 1 71 0 59 1 71 0 88
86 2 23 2 54 2 21 2 64 1 66 2 77 2 53 1 84 2 77 0 52 1 86 1 13 0 15 1 99 0 14 0 64 2 64 1 39 0 44 2 52 0 48 2 64 0 7 2 23 0 57 1 57 0 25 2 10 2 21 2 53 2 39 0 30 1 5 1 6 2 82 1 55 1 94 2 25 2 14 2 4 0 60 0 60 2 22 2 41 0 12 1 15 0 64 0 32 0 31 1 61 2 25 2 2 1 31 1 88 0 88 0 92 2 20 2 67 2 50 1 27 2 65 2 62 2 15 2 77 2 92 2 31 0 10 2 37 0 85 2 47 2 77 2 59 1 98 0 56 0 79 2 39 2 45 0 28 1 26 1 56 0 68 1 4 0 4 0 3 2 54 0 59
50 1 85 1 46 1 3 0 14 2 31 2 42 1 3 1 100 1 88 0 28 0 32 2 98 1 22 2 73 2 31 2 53 0 93 2 14 2 52 0 83 2 4 1 79 2 83 2 56 0 46 1 81 2 61 1 55 1 48 2 79 2 57 1 7 2 63 0 4 1 30 2 14 2 18 1 50 0 19 1 59 2 11 0 99 0 60 0 59 1 45 0 44 2 68 2 7 2 41 1 50
4 1 57 2 8 1 9 2 6
87 0 74 1 14 1 4 2 31 2 51 0 70 1 45 1 87 0 37 2 20 1 4 1 72 0 52 2 70 1 50 2 23 1 71 2 25 1 50 2 83 0 88 1 42 2 31 2 6 0 90 0 77 0 40 0 44 1 8 2 82 1 59 1 58 0 72 1 86 0 1 1 11 0 57 1 39 0 18 2 88 0 96 2 16 1 86 2 24 1 97 2 96 2 57 0 71 1 70 0 67 0 65 1 26 2 57 0 75 2 96 2 28 2 76 0 21 0 99 0 43 1 74 0 23 0 57 1 76 1 76 2 71 0 32 1 44 1 13 0 55 2 42 2 3 1 22 2 13 1 9 0 4 1 55 1 83 2 81 0 5 1 19 2 12 1 26 0 29 1 19 0 70 0 40
21 0 42 1 51 2 83 0 78 1 50 0 31 0 14 2 89 0 46 1 62 0 70 2 75 0 83 0 50 2 44 0 76 1 37 2 6 1 82 1 66 2 46
79 2 23 2 68 0 97 1 92 1 46 2 12 2 47 1 74 0 28 1 9 1 94 2 15 0 9 0 54 0 39 1 88 0 35 2 27 1 75 2 7 0 88 1 88 2 90 2 82 1 69 2 10 2 44 1 18 2 65 2 28 0 96 2 92 0 28 0 12 0 81 2 50 1 92 1 98 2 63 0 95 0 97 2 97 1 2 0 11 1 2 2 34 2 34 0 57 2 97 2 69 1 44 0 51 1 11 2 79 0 64 0 37 0 62 0 93 2 31 1 96 2 22 0 63 2 59 1 56 2 38 1 4 0 47 1 47 1 15 2 68 2 40 1 81 1 87 1 30 1 21 2 75 0 93 2 40 2 19
73 0 81 0 55 0 21 1 99 0 29 2 29 0 53 2 42 1 9 0 46 1 34 2 92 1 90 0 61 1 72 2 59 2 24 1 76 0 28 2 37 1 85 0 37 1 5 0 3 0 74 0 5 0 100 0 100 0 42 1 25 1 81 1 74 2 95 2 22 1 95 2 60 0 56 1 63 1 28 2 38 0 89 0 66 2 87 2 29 1 8 2 14 2 26 2 50 1 20 2 68 1 78 1 72 0 73 2 58 1 75 1 89 2 64 2 95 1 56 2 67 1 48 2 56 0 76 2 100 1 5 0 55 2 41 0 93 0 16 1 83 0 14 2 78 2 90
70 2 61 2 25 1 23 0 33 2 18 2 78 2 9 1 66 2 90 0 80 2 49 0 77 2 94 0 21 2 45 2 51 2 69 1 93 0 39 0 17 1 65 1 59 1 49 0 54 2 55 2 79 2 31 1 64 1 53 1 16 2 46 1 77 2 35 1 26 0 16 1 69 1 100 2 52 1 36 0 60 2 18 1 65 0 40 1 23 0 66 0 35 0 8 1 92 1 35 2 57 2 100 1 9 1 62 0 2 1 74 1 25 0 88 2 25 1 27 1 8 2 9 0 28 2 75 0 74 1 45 1 92 0 60 2 46 2 96 0 11
1 0 71
14 2 50 1 41 1 65 1 70 2 79 0 7 2 31 0 63 2 29 1 55 2 36 0 35 0 92 0 18
52 0 45 0 27 0 29 0 77 2 8 0 90 2 40 2 76 0 16 2 79 1 26 2 1 1 78 1 60 0 68 0 60 2 24 0 33 0 1 0 92 1 44 2 17 0 1 1 79 0 35 2 29 2 54 0 50 0 62 1 1 1 37 2 98 0 21 0 33 1 12 0 51 0 41 2 41 2 43 2 71 0 46 1 27 0 50 0 95 0 48 1 14 0 83 2 92 2 35 0 3 2 81 1 33
65 1 56 2 56 1 20 0 17 2 49 2 90 2 5 0 57 0 4 1 15 2 18 0 51 2 96 2 58 2 95 1 21 1 24 0 44 2 37 0 95 0 80 2 99 1 44 2 3 2 6 0 26 1 36 1 7 1 57 1 75 1 56 0 27 0 77 1 80 0 37 2 69 1 77 0 23 2 14 0 85 0 51 2 79 2 39 0 92 0 64 1 97 1 22 2 54 1 17 2 14 1 70 0 23 2 80 1 54 1 84 2 31 1 57 1 59 1 24 0 73 2 70 1 83 1 56 2 48 0 32
68 1 56 1 55 0 94 1 36 2 7 1 35 0 1 1 83 2 99 1 82 2 80 0 65 0 58 0 57 2 41 2 18 2 66 2 3 2 24 2 1 2 50 0 36 2 43 2 58 1 8 2 27 2 24 1 89 1 75 2 19 1 84 1 50 2 82 1 74 2 37 0 61 1 60 0 93 0 10 1 84 2 40 0 15 0 29 1 18 1 9 1 27 1 45 0 72 2 96 0 19 0 10 2 40 2 74 0 83 0 21 2 34 0 9 0 37 2 33 1 56 0 71 0 45 2 1 1 74 2 21 1 66 1 90 0 41
56 0 30 2 9 0 55 2 22 1 99 2 94 1 16 0 34 0 5 0 48 2 9 0 97 0 61 1 33 0 38 0 76 0 67 0 32 1 89 2 84 2 8 1 5 1 83 0 37 1 2 0 10 2 84 0 82 1 74 0 37 1 26 1 88 1 17 2 43 1 88 2 47 2 36 2 52 0 82 0 48 1 58 0 40 0 54 0 81 1 55 0 50 0 48 2 78 1 23 0 43 2 31 0 12 1 63 2 67 2 10 0 93
70 1 8 0 59 0 78 1 34 0 61 2 33 2 32 1 34 2 65 1 62 0 92 0 82 0 59 0 62 0 56 0 68 2 43 2 97 1 2 2 16 0 19 2 15 1 60 2 2 0 11 2 13 1 81 0 85 2 67 2 40 1 75 0 86 0 38 1 68 1 70 2 38 2 4 1 49 0 39 2 92 0 8 2 99 1 69 2 92 2 22 0 66 1 20 0 76 2 3 1 43 0 31 2 78 0 92 0 3 1 84 2 16 0 66 2 66 0 68 0 70 1 93 1 32 0 44 2 62 1 50 0 44 2 90 0 81 2 51 1 32
1 2 84
85 1 31 2 93 1 43 2 33 2 62 1 15 2 92 1 80 2 13 0 92 2 88 0 63 2 94 0 78 0 69 0 89 2 30 2 30 0 9 1 77 1 89 0 70 1 87 0 87 1 46 0 72 1 38 0 29 0 97 2 43 2 86 2 61 2 35 2 38 0 85 2 20 0 46 0 7 1 26 0 14 0 35 2 72 1 38 2 46 0 48 1 61 1 17 2 9 0 95 1 29 0 77 1 54 0 69 2 5 2 69 2 85 0 77 1 55 2 4 2 50 1 28 1 57 0 58 0 40 1 76 0 35 1 23 1 63 1 10 0 32 2 41 0 8 2 10 1 55 0 72 2 91 2 89 1 40 1 62 0 12 2 9 1 27 2 67 0 12 0 33
49 2 88 0 44 2 80 0 74 2 41 1 16 1 21 0 29 2 100 0 6 0 42 2 87 1 31 0 25 2 91 0 90 0 9 0 14 0 99 1 51 2 4 2 37 1 66 0 15 2 1 2 38 2 35 2 99 2 88 1 74 1 90 1 78 2 76 2 45 2 16 1 52 1 85 0 94 0 12 2 27 0 80 1 68 1 40 0 72 0 21 1 7 1 34 0 91 1 81
3 2 30 2 25 2 8
41 2 24 1 1 0 64 0 66 2 94 1 47 0 11 1 83 1 37 2 18 0 46 0 56 2 63 0 24 0 54 1 81 2 26 0 16 2 77 2 29 2 70 2 55 0 2 1 36 0 24 1 84 2 2 1 57 2 18 1 54 1 79 0 25 0 72 1 68 2 73 1 41 2 4 2 1 1 90 0 54 2 32
57 2 47 0 98 1 75 1 35 2 35 0 62 1 16 1 55 0 56 1 66 1 86 2 66 2 91 1 3 1 61 1 4 1 85 0 13 0 50 2 11 2 65 1 55 0 4 1 76 0 54 0 46 2 90 1 79 0 88 1 21 2 50 2 37 1 32 2 31 1 29 1 61 1 56 2 7 0 32 0 36 2 12 0 56 1 72 0 14 0 25 2 49 0 18 2 89 2 30 1 76 1 52 2 60 1 71 2 19 1 54 2 26 2 11
76 2 21 0 89 2 70 2 84 1 47 1 70 1 91 1 60 0 67 1 21 1 24 2 15 0 62 1 3 2 86 2 62 1 39 1 37 0 44 1 59 1 43 0 69 0 20 0 37 2 37 1 94 0 93 2 41 0 14 1 37 1 29 0 83 0 98 2 82 0 1 0 89 1 63 2 48 0 92 0 63 1 55 1 81 0 87 1 90 0 46 2 29 1 70 1 20 1 50 2 45 1 45 1 40 1 58 0 100 1 1 2 33 1 43 1 43 2 73 0 5 1 18 2 57 2 25 2 99 2 34 0 97 1 91 1 73 2 65 2 94 2 84 1 69 2 49 2 56 1 36 1 22
33 0 34 0 80 2 21 0 50 0 67 1 87 1 69 2 23 0 37 0 24 1 47 1 4 1 46 2 11 1 61 2 82 0 87 1 94 2 98 0 5 1 91 0 55 0 82 1 43 2 12 2 52 1 53 1 44 0 13 0 4 1 4 0 12 1 3
13 2 89 2 84 0 21 2 90 1 55 0 11 2 80 1 62 2 56 0 85 1 7 0 80 0 15
34 0 50 1 53 2 78 0 33 2 5 1 64 1 91 0 59 2 24 1 27 1 36 0 88 1 83 0 9 0 15 1 69 2 68 2 89 1 47 0 57 0 88 1 29 1 75 2 25 2 8 0 46 0 2 2 74 2 25 0 90 2 3 0 39 1 42 1 99
37 1 52 2 16 0 47 1 55 1 8 0 67 1 26 2 39 2 3 2 76 1 54 2 31 2 2 2 28 2 83 0 67 1 49 1 18 0 14 2 28 2 74 2 55 1 3 2 48 2 10 0 40 2 13 2 22 2 93 1 73 1 80 1 63 2 12 2 82 0 49 2 15 1 64
38 0 60 2 21 0 87 1 6 2 11 1 82 1 70 0 74 2 39 0 72 1 31 2 79 0 14 0 93 2 87 1 1 0 39 2 28 0 78 1 19 2 28 2 7 2 27 0 20 0 93 1 81 1 94 1 27 1 22 0 57 1 64 2 94 1 63 1 25 1 47 0 39 1 11 1 35
96 1 95 1 71 0 26 0 32 2 43 0 33 1 7 2 48 2 52 2 1 2 64 2 12 2 12 1 15 0 19 0 38 2 18 2 24 2 18 0 9 0 31 1 15 2 60 2 40 1 10 0 30 0 5 1 77 2 67 0 27 2 59 1 72 2 27 2 93 0 95 1 65 0 27 1 74 1 91 0 70 1 63 0 57 2 27 2 28 2 48 0 92 1 8 1 41 1 1 1 51 2 61 0 72 0 96 1 56 1 83 0 62 2 85 0 89 0 19 2 100 0 86 0 15 0 88 1 15 1 86 1 17 1 60 2 80 1 50 1 24 1 51 2 88 2 29 2 24 0 47 0 30 0 81 2 86 2 2 2 69 1 57 0 1 1 36 1 4 1 17 2 15 0 85 2 93 2 55 2 94 0 75 2 32 0 80 1 84 0 52 0 20
13 0 37 1 2 0 94 2 53 1 39 0 95 0 74 1 32 1 60 0 56 1 41 2 1 2 87
9 1 70 0 95 0 96 0 23 0 60 0 57 0 81 0 64 1 39
55 2 72 2 61 0 19 2 55 0 77 2 2 0 58 1 69 1 7 2 32 2 18 1 58 1 83 2 84 2 17 0 69 2 64 1 24 2 24 0 60 0 10 2 29 0 67 0 8 2 98 2 74 0 60 2 55 2 64 2 79 2 13 1 52 0 7 2 73 2 59 2 66 1 95 0 45 2 32 1 39 0 91 2 58 0 99 2 96 0 60 1 37 2 91 0 45 1 72 0 48 2 10 1 91 1 8 1 51 2 63
8 2 80 0 78 0 41 1 52 2 100 0 17 2 18 1 71
88 0 15 2 86 2 80 0 79 1 95 0 48 2 39 2 64 0 11 0 68 0 34 0 43 1 22 0 88 1 11 1 2 0 97 0 44 1 61 1 96 2 48 0 63 1 82 2 94 0 76 0 11 1 33 0 25 2 4 2 86 1 8 1 14 0 92 1 47 1 85 1 90 1 10 0 30 1 80 0 20 2 43 0 100 2 42 0 44 1 41 2 88 0 54 2 82 1 92 2 37 0 36 1 10 0 42 1 97 0 34 1 33 1 44 1 89 2 53 1 45 1 3 0 27 2 57 0 27 1 6 1 11 2 36 2 66 2 98 1 88 1 80 1 3 0 11 0 70 1 53 2 76 1 29 0 50 1 28 1 28 1 71 1 21 0 14 0 8 2 89 1 85 0 85 0 53
34 0 52 0 80 0 19 0 16 2 53 2 15 1 70 0 14 2 69 1 95 2 41 2 13 0 99 0 57 0 64 1 83 0 70 0 45 0 52 0 56 1 45 2 71 1 47 1 23 2 27 0 86 1 15 1 27 1 70 2 3 0 81 2 59 2 26 1 39
88 1 64 1 56 2 59 2 52 0 65 0 44 0 46 0 23 0 52 2 31 2 36 1 11 1 58 1 98 1 28 0 89 1 3 2 44 1 87 1 31 2 17 0 66 1 95 1 63 2 10 0 75 2 1 2 55 2 85 1 43 2 22 2 88 2 16 2 40 2 47 2 4 2 53 2 61 0 42 1 4 1 12 2 40 1 43 2 92 2 38 1 73 1 62 0 4 2 47 2 68 1 31 1 74 1 94 2 28 0 59 0 2 1 64 1 52 0 39 2 91 1 95 1 34 1 54 2 9 1 54 2 88 1 21 1 5 0 40 2 20 2 29 1 93 2 88 2 34 2 91 2 85 0 99 1 53 2 53 1 95 1 89 2 96 2 35 1 44 1 80 0 63 2 6 0 89
72 1 12 1 95 2 10 0 98 1 46 1 72 0 31 2 28 2 58 1 79 1 93 2 100 1 51 0 47 2 76 2 78 0 22 0 47 1 76 0 58 2 1 1 80 0 87 0 36 0 74 1 42 2 61 1 19 0 74 2 4 2 63 1 55 2 5 2 36 0 18 1 63 2 42 2 41 0 15 1 1 0 98 1 26 1 72 2 22 1 18 0 66 1 9 0 89 0 69 0 30 2 57 1 70 0 49 2 47 0 17 2 56 1 78 1 100 2 65 1 67 1 43 0 53 2 70 2 6 1 34 1 27 1 97 0 7 0 14 2 43 0 19 1 62
69 2 91 1 71 2 39 2 5 1 6 1 77 2 95 1 80 2 45 1 34 2 19 1 55 2 43 0 69 1 83 2 9 1 25 1 11 0 23 2 20 2 6 1 6 1 14 1 49 2 29 0 88 1 5 0 38 0 51 0 80 1 94 0 93 2 86 1 67 1 35 0 27 1 86 2 57 0 31 2 70 0 88 0 43 1 100 2 56 2 90 0 49 2 35 0 17 2 38 0 55 2 81 2 11 2 64 2 79 2 64 0 70 1 80 0 88 1 8 2 63 1 15 2 22 1 5 0 5 2 5 2 40 0 8 1 83 0 91
36 0 24 0 92 1 55 1 72 2 44 0 46 0 43 0 3 0 98 2 47 0 35 1 85 1 45 1 5 0 4 2 71 1 6 0 17 2 64 2 4 0 24 0 78 2 97 1 28 0 91 0 28 0 56 0 67 0 95 0 52 1 8 1 67 0 52 1 27 2 57 0 63
25 1 11 2 38 2 68 1 12 2 79 2 68 2 39 2 18 1 41 1 50 2 15 0 29 0 1 1 1 2 70 2 58 1 74 1 31 0 61 0 72 0 11 2 73 2 56 2 17 2 41
85 0 10 0 73 2 5 2 18 2 52 0 23 2 65 0 82 1 78 1 37 1 26 0 30 2 11 0 82 0 67 1 14 2 11 1 74 0 19 2 73 1 39 2 20 0 51 1 22 1 34 1 99 0 39 2 6 0 39 2 62 1 24 2 55 1 40 0 40 1 43 0 28 0 33 2 2 2 21 1 27 1 63 1 98 1 39 1 77 0 26 1 57 0 80 2 11 2 2 2 11 0 51 1 74 0 19 0 56 0 31 1 40 0 14 1 84 0 63 2 87 1 16 0 85 2 21 0 23 0 64 1 5 0 23 2 10 0 91 0 25 1 24 1 44 2 37 0 48 2 2 0 55 2 72 2 17 2 87 2 54 0 83 1 46 0 22 1 41 1 39
62 1 83 0 50 0 94 2 54 2 29 0 4 0 78 0 13 1 79 2 62 2 48 1 49 2 10 0 23 0 65 0 88 1 24 1 9 0 15 0 25 0 4 1 26 0 32 0 65 2 81 2 46 0 34 0 40 0 62 1 1 1 31 1 56 1 85 0 8 0 94 1 27 0 48 2 11 1 79 0 79 1 93 0 62 1 93 2 83 0 42 2 92 1 30 0 45 2 83 2 62 1 34 2 90 1 1 2 86 0 25 2 99 2 5 2 15 2 28 0 14 1 31 1 59
25 0 35 2 94 1 76 2 59 1 3 1 9 0 56 2 38 2 59 0 63 0 53 0 30 0 32 1 3 0 73 1 32 0 80 1 46 0 37 2 85 1 19 0 51 1 63 2 18 1 64
62 0 74 1 4 1 82 1 6 0 11 0 10 1 96 0 54 1 1 1 92 2 96 1 98 0 40 2 33 2 67 1 32 0 56 1 11 2 29 0 92 2 3 1 51 1 18 0 86 0 53 1 97 1 52 2 30 2 13 2 2 0 48 0 59 2 16 2 34 0 39 0 36 0 60 2 53 0 51 2 27 0 81 0 98 0 77 2 10 1 98 0 68 0 9 0 97 1 62 1 3 2 23 0 52 0 95 2 6 2 46 0 10 2 42 0 14 0 83 2 31 1 77 2 12
67 2 36 1 75 0 61 2 52 1 37 0 47 1 62 1 47 2 73 2 77 1 68 0 28 2 48 0 7 0 83 0 65 1 86 0 12 0 38 1 37 0 42 1 76 1 39 2 56 0 75 1 41 1 10 2 30 1 27 2 11 0 28 2 42 2 88 1 18 0 64 1 54 1 64 0 31 0 84 0 28 1 24 0 44 1 69 2 44 0 77 1 54 0 35 1 72 1 65 1 74 2 14 0 78 1 31 1 33 0 77 2 13 0 34 1 87 2 36 0 100 2 33 1 59 2 75 2 24 0 37 2 88 0 70
49 0 72 0 93 1 32 2 88 0 15 0 89 0 81 2 33 1 29 2 76 1 33 1 75 2 66 2 60 1 29 2 65 0 52 2 3 2 92 0 49 2 88 1 2 2 79 0 96 1 34 2 61 1 1 0 37 0 37 2 92 2 34 1 77 0 89 2 90 2 44 2 97 1 98 2 83 2 90 2 9 1 44 0 39 2 20 0 33 1 26 2 64 1 32 1 30 0 18
36 0 33 1 50 1 19 1 69 2 75 0 82 1 57 2 23 1 18 1 24 0 56 0 75 0 93 1 12 0 23 0 67 0 13 0 22 0 56 1 48 2 97 2 36 1 47 0 98 1 38 1 50 0 81 1 9 1 75 2 98 2 70 1 41 2 32 1 9 0 21 2 18
93 0 91 0 45 0 54 1 16 2 94 1 4 1 83 0 21 2 32 0 72 2 7 0 78 1 6 0 83 2 51 2 92 1 56 1 22 2 24 0 47 0 100 2 37 0 82 1 58 1 94 0 76 1 2 0 10 2 17 2 49 1 83 1 87 1 53 2 62 2 23 1 8 2 7 2 11 1 32 0 37 1 87 1 94 0 16 0 72 2 57 1 57 1 54 1 9 0 17 2 35 2 42 1 3 0 4 2 10 2 7 0 94 2 22 1 97 1 8 0 83 2 60 1 40 2 52 0 100 1 15 1 46 1 99 2 65 2 100 0 12 1 16 2 29 1 64 0 32 0 63 0 6 2 23 2 45 1 48 0 46 0 54 0 42 1 91 2 81 2 43 2 83 2 79 2 54 0 57 2 48 2 56 2 52 2 28
77 1 52 2 82 2 17 0 84 2 21 2 80 1 21 2 24 2 55 1 29 2 84 1 14 1 36 1 99 2 11 0 40 1 27 1 3 1 13 2 90 0 55 0 97 2 87 1 87 2 98 1 3 2 99 0 80 0 2 1 94 0 87 1 40 0 57 2 28 2 74 2 63 0 6 0 40 0 70 2 64 1 12 0 13 2 8 2 89 0 53 2 83 1 88 0 25 1 89 0 21 0 87 0 48 2 58 0 53 0 28 0 13 1 44 0 52 0 93 0 59 1 61 2 27 2 3 1 39 1 32 1 18 0 17 2 90 1 4 2 81 0 18 1 16 2 78 0 65 0 81 1 21 1 13
22 2 81 1 73 2 57 1 99 0 57 2 42 2 16 2 97 1 46 2 34 2 77 2 81 1 10 2 9 1 9 1 4 0 57 0 19 1 67 0 85 0 53 2 83
91 1 47 2 18 2 41 0 39 2 63 2 95 0 63 0 34 2 87 1 92 1 81 1 1 0 53 1 81 0 38 2 36 2 6 0 42 1 79 0 48 0 51 0 28 2 15 1 43 0 25 1 44 1 73 0 4 1 10 2 47 1 35 1 18 2 76 2 75 2 98 2 69 0 96 0 98 0 15 1 18 1 5 2 27 2 65 0 23 1 76 1 46 1 40 0 17 0 82 1 89 1 32 2 64 0 4 0 45 1 54 0 49 2 30 0 57 1 80 2 85 1 91 0 12 2 97 1 72 2 35 0 12 0 99 0 40 1 85 0 90 1 37 1 48 0 20 0 28 0 59 1 68 1 24 2 62 2 43 1 35 1 33 1 23 2 83 1 43 0 29 0 22 0 50 0 31 2 10 0 100 0 79
71 2 41 1 78 1 66 0 43 1 99 0 10 0 5 1 34 0 97 2 2 2 7 0 91 2 89 1 83 1 69 0 93 2 65 0 34 1 93 2 14 0 79 0 2 2 37 1 98 0 12 1 64 2 90 1 25 0 20 1 79 1 17 2 87 1 65 0 88 0 99 2 67 0 90 2 69 2 6 0 7 1 20 2 59 1 48 1 67 1 31 0 4 1 40 0 25 2 35 1 95 2 94 2 31 0 29 2 19 1 94 1 24 2 42 0 70 2 74 1 100 2 14 0 41 1 57 0 82 2 35 2 91 0 96 1 98 0 14 0 17 1 32
54 1 4 2 56 2 6 1 1 2 85 1 15 1 17 0 13 0 100 2 64 1 38 2 47 1 31 2 68 1 56 2 63 2 45 2 26 0 81 0 20 1 5 1 4 0 62 2 100 0 62 1 11 2 61 1 76 2 33 1 95 2 62 1 84 2 14 1 32 0 76 2 39 0 5 0 69 0 58 1 35 1 69 0 71 2 7 2 13 0 52 2 17 1 56 1 77 2 91 2 65 0 37 2 92 1 83 2 8
95 0 77 1 51 0 15 1 79 1 51 0 92 2 94 1 9 0 69 0 64 1 51 2 24 1 31 1 61 1 94 1 95 2 70 0 1 2 19 1 3 0 12 2 35 1 25 0 72 0 8 2 87 1 15 1 47 1 99 1 4 1 92 2 91 1 60 0 81 2 23 1 47 1 94 1 55 2 99 1 58 2 29 1 53 1 33 0 29 2 65 0 93 1 25 2 38 1 19 2 12 2 39 1 92 1 48 2 46 0 96 2 97 0 52 1 70 1 64 1 37 2 87 2 53 1 66 0 43 1 5 0 34 0 30 1 13 1 15 0 90 1 67 2 44 0 82 0 33 0 30 2 88 1 48 0 11 1 2 1 74 2 67 2 79 0 1 2 29 0 67 0 69 0 50 2 10 0 42 2 57 2 99 2 44 1 66 1 85 2 44
15 0 72 2 34 2 65 2 80 1 32 2 54 2 8 0 83 2 83 0 81 0 16 1 50 0 25 2 36 1 12
97 0 36 0 76 2 89 0 63 0 68 0 42 1 49 1 59 2 22 2 6 2 8 1 95 2 60 1 1 2 12 2 80 1 33 1 72 0 73 2 73 1 3 0 27 1 30 1 11 1 45 2 92 2 10 2 20 0 46 1 41 0 69 0 20 2 40 1 82 0 62 0 47 2 57 0 54 2 57 0 3 0 98 1 7 1 33 2 97 1 56 0 46 2 69 1 9 1 84 0 58 1 94 0 99 0 93 1 100 0 38 0 59 2 94 1 21 1 7 0 45 0 85 1 12 1 12 0 28 2 77 2 79 1 35 0 70 0 24 1 20 0 47 0 49 0 54 1 4 0 42 2 76 0 27 0 8 1 38 2 58 2 86 1 43 1 13 2 52 0 36 2 82 0 52 1 19 1 4 1 16 1 73 2 99 0 73 0 69 0 20 1 30 0 5
76 1 10 0 99 1 13 1 36 1 5 0 97 1 78 2 78 2 17 2 46 0 35 1 56 2 31 1 21 0 81 0 45 0 49 1 95 1 24 0 86 1 34 0 98 0 94 1 31 1 100 1 5 1 5 1 64 1 45 0 66 1 38 1 63 1 36 2 71 1 41 1 7 0 39 2 97 1 18 0 85 0 60 1 92 2 72 0 22 1 20 0 8 1 82 2 89 1 86 1 82 1 9 2 7 1 97 0 4 0 10 2 19 0 61 2 64 0 56 1 42 0 100 2 8 2 21 1 48 2 36 0 49 2 65 0 75 2 20 2 89 0 84 2 13 0 70 2 70 2 18 2 36
14 2 68 0 35 0 26 0 94 2 2 1 90 2 35 1 51 1 41 2 83 1 52 2 11 1 8 1 80
80 1 71 1 58 2 22 0 93 0 4 1 60 2 6 0 3 1 5 0 99 1 44 0 56 0 92 1 41 1 51 2 90 1 38 1 48 0 42 0 43 0 50 0 69 0 46 2 65 2 10 2 4 1 7 2 82 2 5 1 48 1 31 2 91 2 51 2 97 2 23 1 65 1 5 1 77 1 87 0 27 1 53 1 57 1 25 0 34 2 61 1 38 0 46 1 41 1 23 1 30 2 100 2 81 0 3 0 31 1 71 1 17 2 12 2 65 0 75 0 17 0 99 0 91 1 51 0 55 2 13 1 44 2 49 1 47 1 54 0 79 2 31 2 18 0 71 1 32 1 5 2 95 0 94 0 35 1 24 1 13
30 2 82 1 83 1 70 2 96 0 10 1 95 0 16 1 73 2 45 2 53 1 39 2 36 2 61 2 60 0 72 0 72 1 3 2 55 0 67 2 78 0 89 0 33 1 40 0 10 1 45 2 92 2 30 1 24 2 17 2 59
83 1 99 1 74 0 8 2 8 0 31 0 86 0 77 1 51 0 1 0 18 0 3 1 69 2 44 0 4 2 72 0 69 0 47 1 17 1 75 0 75 1 1 2 85 0 29 1 90 1 34 1 93 2 16 0 59 1 83 2 50 1 69 2 32 0 11 2 10 0 3 0 90 1 65 2 49 0 26 0 67 2 66 1 26 0 2 2 42 2 48 0 30 0 12 0 5 1 85 2 24 1 3 0 14 2 45 1 99 0 87 1 89 2 78 2 15 1 85 1 25 1 17 1 42 0 91 2 36 0 73 0 23 2 72 0 79 0 78 1 63 2 95 0 38 1 96 0 8 1 96 1 9 1 68 2 67 0 65 2 64 2 45 2 77 2 71
43 2 98 2 24 2 19 0 94 2 34 1 52 0 73 2 100 2 17 2 78 1 26 0 38 1 55 0 10 2 91 2 48 2 48 0 48 0 9 2 18 1 28 0 59 1 100 2 37 2 85 2 2 2 78 1 47 2 67 0 45 2 37 1 90 0 60 0 11 0 6 0 12 1 19 2 21 2 96 2 14 0 72 0 90 2 44
49 2 38 2 85 1 7 2 84 0 84 0 26 1 40 0 9 0 43 1 55 1 17 0 25 1 35 1 59 1 1 1 96 0 79 2 92 2 18 0 72 2 84 1 15 1 76 2 61 2 44 1 26 2 31 1 28 0 86 1 32 1 34 1 20 2 38 2 49 0 9 0 49 1 62 0 35 2 52 0 75 1 29 0 66 0 53 1 76 1 20 0 92 0 8 2 85 0 70
54 1 50 1 48 0 74 0 57 0 51 2 16 1 19 2 92 1 24 2 21 1 19 1 51 0 80 0 74 1 14 0 12 0 73 2 58 0 5 1 78 1 53 0 32 1 19 2 87 2 79 2 53 0 31 0 16 2 9 0 74 0 25 2 38 0 11 2 93 1 73 0 89 1 5 1 8 2 27 0 1 0 18 2 31 1 20 0 63 2 39 1 24 0 52 0 28 0 59 0 49 0 10 1 41 1 14 0 31
