10 55
5192775 6012266 4442894 7272789 2245180 6567568 6500751 4498242 7841824 7598085
54 0 26 9 40 2 25 6 40 2 2 6 66 4 54 2 35 9 93 2 67 0 2 0 90 3 24 1 99 2 59 9 32 4 23 6 84 9 80 0 9 4 15 8 38 8 78 8 49 3 48 2 53 7 1 2 41 1 13 0 87 5 47 9 38 2 41 7 60 0 90 1 50 3 65 2 83 5 10 0 24 8 93 4 13 5 31 3 19 1 8 2 79 2 1 2 72 9 32 2 10 4 76 5 43 1 60 2 44
53 0 8 6 7 6 40 0 50 7 16 1 80 7 64 2 84 3 39 1 83 1 4 9 3 2 9 3 47 7 56 2 91 9 85 9 45 7 58 3 36 2 54 2 8 6 52 7 30 4 25 7 34 3 37 9 64 9 83 9 19 2 22 9 61 7 73 1 46 0 70 6 46 1 90 6 74 4 48 8 37 2 41 1 80 8 31 7 15 3 4 6 23 4 86 6 99 1 18 7 68 2 18 8 33 4 66
67 3 74 6 78 2 93 8 69 5 51 4 91 9 34 3 96 8 14 0 54 4 89 8 57 9 21 7 60 1 45 6 51 3 93 2 27 0 12 7 2 5 61 0 100 5 54 6 10 6 9 5 33 1 25 2 49 8 33 0 40 8 36 3 9 3 5 5 20 5 85 4 38 5 4 9 70 3 5 5 78 4 79 7 10 2 70 7 43 7 56 8 14 4 89 0 80 7 65 9 24 8 40 1 95 3 28 9 80 3 54 3 10 8 92 1 95 3 59 0 79 3 47 0 45 4 9 9 30 9 32 4 23 7 21
42 8 73 8 11 5 21 7 16 1 46 4 84 5 3 7 80 8 16 1 87 8 81 5 100 0 66 0 19 0 36 5 38 3 53 9 51 9 84 9 43 0 90 1 75 9 34 9 51 3 96 2 77 4 41 8 41 8 74 1 28 2 14 4 45 3 18 2 29 1 53 2 79 2 29 0 36 8 51 8 89 9 60 1 71
14 7 67 1 30 2 47 0 95 7 4 8 76 3 72 3 37 2 98 2 98 8 21 5 93 2 11 7 73
91 6 32 8 77 3 92 0 83 2 9 9 26 1 92 6 13 3 92 1 52 6 90 4 19 7 90 4 1 6 12 3 74 8 95 7 22 5 76 8 17 7 36 2 31 4 88 4 78 0 40 6 9 7 99 4 92 4 38 3 64 2 13 1 51 8 34 3 68 0 35 4 5 2 31 0 11 6 98 6 80 9 96 0 47 3 47 8 27 9 18 8 18 1 42 5 73 2 68 9 84 8 83 1 20 9 97 5 61 3 81 7 34 9 31 0 8 6 46 3 85 0 69 6 98 8 96 8 42 3 43 3 72 0 16 4 87 2 95 3 67 0 12 3 28 7 38 0 85 5 37 7 65 4 91 9 70 8 16 8 69 6 36 5 27 9 89 1 1 0 70 3 67 1 66 6 46 1 91 0 40 8 1
40 4 14 7 53 6 53 5 98 8 2 8 68 8 27 4 35 6 98 8 31 0 34 0 97 4 63 0 90 4 98 2 8 6 2 5 89 6 6 3 46 2 94 2 78 4 38 3 62 7 46 1 86 3 63 0 14 6 59 9 31 7 17 9 17 5 96 0 71 1 71 2 59 0 22 4 19 4 70 2 23
48 2 34 3 98 1 99 2 82 0 58 1 88 9 84 2 91 3 5 8 73 1 20 8 86 0 65 5 31 1 16 3 60 0 3 1 80 0 33 3 78 3 9 5 100 4 72 9 80 5 88 6 46 3 32 3 57 3 13 3 87 0 6 5 3 5 61 8 55 7 100 6 84 6 54 7 89 1 6 4 54 4 41 7 5 1 15 6 2 4 53 3 5 7 45 2 63
92 9 53 0 20 4 57 8 36 9 62 0 61 0 59 9 40 9 16 1 71 0 55 2 97 4 91 7 40 6 30 6 29 9 68 0 71 6 95 1 54 8 63 8 40 6 46 0 44 1 63 4 36 9 87 1 29 8 94 9 43 0 43 1 64 2 76 2 4 7 27 5 91 1 18 4 89 4 92 0 68 7 81 1 17 1 17 4 70 6 31 7 43 9 29 4 66 9 6 5 69 6 87 3 100 3 74 6 23 8 78 8 78 5 51 3 31 3 93 0 52 9 15 5 74 5 85 5 81 1 81 1 44 0 59 4 39 2 50 9 10 1 22 0 35 0 70 9 73 1 18 2 11 2 67 9 26 0 81 5 52 0 33 7 81 4 11 3 92 1 74 4 54 0 1 8 6 7 53 7 75 5 100 9 88
98 1 70 2 79 3 100 6 6 9 85 2 36 6 89 1 70 0 26 2 31 4 66 8 64 4 4 0 61 0 68 6 15 3 91 1 25 4 79 4 2 0 41 0 20 6 23 3 39 0 2 4 47 2 71 1 67 5 89 8 10 7 52 4 46 0 85 2 78 1 67 5 82 6 93 6 39 9 2 9 84 8 34 1 89 4 72 2 53 1 51 2 99 5 21 8 38 8 47 7 46 2 83 4 81 5 92 0 22 9 64 2 53 3 55 5 44 0 61 1 63 6 41 1 53 0 35 4 22 9 74 1 76 0 49 2 81 0 30 0 56 2 64 3 2 1 18 6 84 6 70 1 90 7 37 8 87 2 23 4 56 4 74 4 94 1 89 3 99 1 91 0 61 6 44 9 4 1 33 8 26 1 38 7 33 2 98 5 13 3 73 7 43 6 49 6 11
85 4 36 3 22 8 86 0 35 1 39 3 24 6 46 4 80 0 16 3 45 4 65 3 89 7 73 1 36 9 1 4 64 3 95 3 89 5 40 0 64 9 18 0 9 8 33 2 85 0 41 5 11 8 64 9 41 8 17 0 58 2 79 8 93 8 22 2 1 7 27 9 79 2 45 1 63 0 54 6 26 6 50 5 75 5 45 7 34 2 17 1 40 7 12 6 44 7 34 4 78 5 94 0 95 2 24 6 13 0 4 9 37 8 68 7 77 5 24 2 37 9 59 2 55 3 78 6 7 3 15 5 91 8 8 5 56 4 35 5 73 3 23 9 36 0 81 5 32 8 100 2 92 7 18 9 62 1 19 3 84 2 86 4 27 0 54 4 47 6 31
48 1 36 5 58 6 2 4 39 4 92 2 5 2 52 6 51 4 16 9 10 3 42 2 55 2 48 3 7 0 81 3 94 4 88 7 52 6 92 5 73 0 45 1 100 0 8 6 53 0 14 6 11 8 21 1 57 7 10 8 11 8 86 5 42 9 50 3 25 4 39 4 97 3 90 6 77 4 2 3 55 1 81 5 99 7 76 3 76 8 5 4 94 4 20 9 38
12 8 55 6 82 7 52 5 30 2 58 9 100 2 37 0 21 0 34 1 46 7 9 0 17
7 5 19 9 70 3 90 5 97 2 73 0 93 0 56
72 5 44 7 93 3 31 4 35 5 47 0 82 4 18 3 98 0 78 2 11 9 20 7 12 6 38 4 99 7 33 8 79 0 89 3 74 8 75 4 29 5 73 1 35 0 94 9 3 2 35 1 98 7 81 0 90 1 31 8 32 8 36 6 96 6 61 1 41 0 94 6 98 8 14 1 74 1 89 1 55 7 13 8 66 9 65 6 46 6 11 9 85 3 69 7 18 3 22 4 87 8 91 1 95 9 65 4 34 6 53 6 27 3 39 8 45 5 31 9 3 9 18 7 9 7 38 4 85 2 69 6 63 3 32 6 60 4 46 2 39 6 14 0 74
74 5 87 7 21 8 25 9 43 3 37 5 92 7 36 1 99 0 67 0 39 4 7 8 34 1 8 4 20 0 12 1 70 9 36 1 91 9 32 8 36 0 26 7 96 5 15 1 21 7 59 6 92 8 37 3 90 9 94 8 78 6 54 6 82 3 92 9 97 2 15 1 69 6 26 8 58 1 9 4 13 5 13 2 35 1 46 8 76 9 91 9 64 5 32 7 45 9 35 6 60 7 63 9 80 3 21 2 18 5 53 0 9 2 30 3 99 9 81 1 22 6 12 4 66 8 21 2 30 3 58 8 52 7 3 3 67 5 96 6 59 9 26 7 45 2 33 2 30
44 7 54 7 90 1 100 6 36 7 35 2 23 9 10 6 48 5 34 8 35 7 29 5 87 6 7 5 33 8 43 0 13 0 17 2 43 4 74 8 5 6 78 4 2 1 12 5 11 1 48 3 85 4 98 1 97 9 4 3 44 4 37 7 97 5 2 2 16 4 1 2 20 4 30 0 41 9 63 9 46 2 92 9 66 5 63 0 78
20 2 62 3 51 4 43 8 29 0 92 8 33 1 12 7 63 1 57 2 82 0 94 3 95 2 69 8 11 5 4 9 37 1 83 4 74 4 37 3 90
91 0 7 2 82 5 4 1 22 4 7 8 86 1 57 8 71 8 1 6 32 0 70 0 63 3 51 4 77 1 88 6 88 3 43 6 75 3 14 5 31 1 53 9 17 2 1 8 53 0 38 8 98 0 72 8 51 1 45 5 40 0 78 1 77 2 95 1 36 4 34 8 24 1 99 6 70 4 22 0 3 8 52 7 82 6 53 1 49 1 70 9 84 9 74 2 52 3 28 2 98 6 37 2 68 3 46 4 10 3 21 7 28 3 96 6 54 8 77 8 69 7 36 1 91 2 60 6 68 4 38 6 70 1 9 1 67 5 34 1 13 5 83 3 1 8 1 4 74 8 86 9 77 0 99 1 44 2 38 0 97 2 29 8 75 7 32 1 80 1 5 3 37 6 63 7 17 9 51 4 49 9 28
11 1 2 7 83 8 63 9 7 4 40 9 81 5 31 5 97 3 69 6 73 2 99
85 7 88 6 48 6 29 8 74 6 15 0 31 6 46 4 6 6 13 4 80 0 25 8 70 9 59 4 4 8 64 9 46 8 11 9 35 1 51 4 1 4 37 9 71 1 40 7 48 1 11 7 83 7 99 5 57 2 79 7 81 8 50 0 10 7 5 4 40 5 71 0 9 0 18 3 19 5 15 8 82 8 87 9 33 0 19 4 23 9 81 5 28 3 75 8 56 4 88 4 1 6 90 1 6 3 92 5 11 6 30 0 23 0 18 2 70 4 52 5 87 3 81 0 24 5 16 0 94 3 42 6 46 3 98 0 97 5 12 1 7 9 59 3 74 4 38 6 28 5 68 9 17 0 53 3 91 1 55 9 59 9 72 3 48 6 46 1 11 8 91
43 0 53 7 15 9 86 7 55 9 74 0 44 5 54 8 9 2 56 2 38 2 91 5 63 5 28 3 15 1 69 6 77 9 30 4 69 1 99 6 47 0 23 7 31 3 6 7 89 0 34 4 79 3 81 9 84 6 26 4 4 4 91 6 36 2 81 0 100 0 9 3 81 1 45 0 12 4 75 8 87 5 4 4 89 2 41
93 3 83 0 57 2 16 5 99 0 32 5 13 3 100 1 67 3 4 6 16 1 8 0 61 4 74 4 87 2 54 6 73 1 6 0 78 8 48 1 61 1 54 0 56 9 92 5 41 3 86 2 10 6 26 5 32 3 69 1 63 1 53 4 54 6 30 9 93 4 13 0 56 1 51 3 90 2 43 2 81 5 32 8 50 0 36 6 46 4 22 1 93 2 4 7 62 8 73 9 85 3 96 5 35 4 100 4 31 1 73 5 1 2 10 7 88 9 93 2 83 5 74 7 9 7 47 6 85 2 10 5 3 7 45 4 93 9 48 7 83 9 31 5 46 0 69 8 28 8 12 2 96 2 61 5 99 0 52 1 63 3 86 5 96 9 66 5 3 0 11 5 93 6 35 8 50 2 20 5 32 2 72 1 46 7 67
74 1 83 1 24 7 53 1 46 2 86 9 62 4 35 8 95 1 54 0 84 5 15 5 35 7 74 5 57 6 98 7 8 0 2 3 96 4 33 9 9 9 12 9 86 5 45 5 30 9 36 5 86 4 44 1 46 6 4 4 29 9 29 4 65 8 93 3 74 7 77 2 43 1 25 8 27 4 30 6 77 0 42 1 57 8 90 0 29 0 96 8 97 4 44 3 10 4 51 7 44 9 44 2 10 8 79 6 76 1 38 3 5 4 48 7 1 6 22 4 73 1 52 1 92 4 19 0 51 9 87 7 94 5 7 7 84 7 63 9 32 8 4 8 59 2 8 5 66
20 8 85 9 55 1 30 3 9 8 72 8 37 2 19 7 46 6 64 3 67 2 7 2 58 5 97 2 54 5 64 0 43 9 93 0 22 0 42 9 4
86 9 54 9 64 2 92 8 83 4 62 3 11 7 93 1 12 9 17 2 35 2 1 6 66 3 16 1 62 2 55 3 26 6 13 9 82 6 39 6 24 0 66 8 57 1 40 6 88 0 72 8 30 0 17 5 59 9 43 2 92 6 76 6 100 5 58 9 15 1 68 1 39 6 58 3 58 6 15 6 78 5 86 4 97 7 28 3 62 8 43 1 92 9 83 1 56 2 61 0 21 0 44 3 48 7 17 7 14 3 47 4 97 4 36 1 99 4 63 0 55 6 85 5 56 1 3 1 61 1 15 1 14 9 65 9 17 6 17 3 57 6 24 5 7 9 91 6 55 0 31 4 3 3 84 1 88 8 63 3 37 0 55 3 14 4 53 9 12 2 1 9 58
22 4 55 2 57 9 52 4 8 6 14 0 29 2 59 0 90 2 78 5 72 5 13 9 22 9 100 1 25 4 98 8 43 9 37 5 48 9 85 4 50 9 66 8 99
29 5 7 5 19 2 40 1 39 2 68 6 41 7 32 5 15 7 91 6 37 8 18 2 55 9 23 9 96 2 11 8 51 9 58 1 27 1 73 8 94 9 26 7 59 4 60 1 62 9 70 0 1 2 18 4 48 3 28
23 7 31 1 77 4 92 6 5 1 82 8 52 9 48 7 61 4 45 6 46 8 75 2 38 7 39 3 81 3 100 5 80 8 38 2 69 3 82 8 40 0 52 3 15 9 44
33 7 25 2 96 4 25 3 31 5 67 4 13 9 49 7 15 6 62 1 76 1 50 4 86 3 32 6 59 0 45 3 31 0 34 0 29 1 19 9 96 1 35 5 98 0 62 8 21 3 8 4 71 2 73 9 40 8 60 3 86 8 89 4 23 6 24
39 5 98 7 100 1 81 0 25 2 71 9 71 4 12 9 88 9 9 6 10 0 11 1 4 3 96 7 88 4 95 0 27 5 34 0 43 9 6 6 58 9 59 5 50 3 65 7 98 4 63 9 18 7 5 0 87 7 44 8 47 0 1 0 63 1 91 7 10 9 11 8 64 7 85 4 64 6 27
30 4 51 8 38 4 37 8 11 4 50 8 21 5 57 6 32 3 19 0 81 0 68 2 89 4 61 3 18 7 44 1 83 5 98 4 72 5 15 8 70 3 99 5 68 5 66 5 93 3 80 7 78 0 82 0 9 9 70 3 86
97 8 60 1 61 3 68 5 12 2 32 2 54 8 88 7 37 9 60 5 86 4 46 8 75 8 92 3 24 5 4 9 35 0 34 0 7 0 70 2 13 8 55 4 80 2 34 7 13 6 32 0 61 0 1 2 99 8 20 9 77 5 17 1 37 5 42 0 8 5 21 3 87 5 46 7 54 1 31 9 9 2 64 6 75 5 42 2 44 0 11 6 1 9 83 3 7 5 29 2 75 5 72 2 6 9 18 0 88 3 1 2 38 3 98 5 72 4 60 6 69 7 4 1 77 0 71 9 22 3 83 5 15 1 16 7 80 4 16 6 83 5 71 7 65 1 36 6 67 9 48 1 29 5 44 9 27 1 60 0 79 1 92 0 56 5 8 6 27 0 16 4 59 3 87 7 40 7 89 7 50 0 24 1 83 0 44 9 50 9 33 5 92 2 49
60 3 24 8 43 0 86 9 51 3 86 6 87 0 56 3 85 1 45 7 88 8 16 2 40 5 93 8 20 9 76 6 40 7 79 4 32 8 49 8 10 1 54 3 24 2 19 8 24 0 76 3 50 4 14 0 48 1 94 7 91 7 14 4 50 6 50 8 76 8 54 5 11 0 97 3 92 9 56 5 32 0 35 4 70 1 7 7 9 7 88 0 46 9 24 4 55 7 5 1 61 6 63 4 95 1 37 7 72 0 1 5 14 0 76 1 83 5 84 3 80
89 7 62 0 94 1 89 4 52 6 50 8 42 7 2 1 21 9 78 2 78 6 13 0 79 4 82 7 83 0 30 9 53 3 74 2 13 0 95 6 24 1 22 8 1 7 6 0 63 9 86 9 43 9 86 1 61 2 45 4 13 5 27 1 59 9 66 9 55 1 84 4 76 2 44 5 100 4 95 4 61 8 37 9 66 0 49 0 99 6 53 1 69 0 86 7 70 8 26 5 91 4 63 0 74 5 65 6 92 8 73 4 85 2 53 0 11 6 15 8 17 3 52 6 77 6 49 0 74 2 93 6 79 9 27 2 21 9 19 4 62 1 33 4 34 3 96 6 8 0 80 7 38 7 100 4 100 7 71 8 7 4 18 6 80 5 66 7 27 0 20 6 22 2 26 5 23 8 43
54 0 67 3 82 1 4 1 54 9 43 8 78 8 98 5 43 2 27 2 63 1 54 2 46 1 7 2 40 1 58 2 21 1 68 3 50 0 31 7 98 7 43 7 60 1 89 4 61 3 64 6 45 6 8 9 30 7 48 1 44 0 74 3 38 8 84 1 34 5 84 4 60 4 85 7 91 0 96 7 79 7 78 1 11 0 72 8 63 5 46 4 56 3 77 8 37 6 78 5 13 2 90 4 25 0 54 6 42
88 0 21 8 55 1 94 5 89 1 19 9 83 6 31 2 17 8 14 0 95 3 50 5 64 2 24 7 73 8 30 5 36 7 11 8 14 0 28 5 17 9 59 0 86 8 33 0 34 5 21 9 72 4 38 8 10 5 11 6 85 6 5 6 42 0 62 5 60 8 77 1 33 0 98 4 80 5 43 4 13 7 60 0 54 3 20 1 76 0 10 0 19 2 81 4 89 9 30 1 43 8 17 5 5 6 13 8 28 4 50 3 75 9 4 6 47 7 69 3 44 7 50 1 97 2 28 7 4 7 93 3 17 8 32 2 59 9 51 0 4 8 89 3 42 1 50 9 4 2 49 9 55 8 28 6 48 5 13 2 98 8 2 8 88 1 59 5 10 4 34 1 21 3 13 0 82
50 3 44 0 96 1 38 5 57 9 88 2 87 4 24 5 56 9 78 8 37 7 78 1 40 4 56 7 66 9 29 8 57 9 6 0 25 4 92 6 44 2 96 0 16 9 50 0 56 0 28 0 90 5 88 3 46 9 16 3 56 8 62 3 35 6 43 9 58 9 72 3 7 3 3 6 29 0 54 4 2 1 89 0 58 7 100 3 90 8 58 6 50 9 18 8 83 7 7 0 79
64 8 38 8 38 4 9 0 55 0 5 9 66 6 13 8 36 8 31 2 15 9 100 3 66 1 11 4 41 9 37 3 75 5 11 5 62 2 54 6 59 4 65 4 59 9 70 8 48 8 62 8 47 5 57 6 70 0 78 1 62 8 82 0 46 0 95 0 4 1 59 8 43 6 11 3 53 5 6 9 42 1 76 0 8 8 21 4 43 0 92 6 12 6 67 6 89 6 40 1 56 6 40 4 97 3 1 5 96 8 53 2 55 0 71 3 77 7 75 3 53 6 64 4 27 8 65 5 7
36 2 94 0 82 2 86 1 44 0 31 6 48 8 92 4 7 5 60 3 34 0 29 3 62 9 41 1 31 7 93 2 73 2 45 6 5 1 50 7 89 7 64 5 71 2 3 9 18 1 94 7 88 4 72 1 33 3 5 0 75 3 6 1 96 5 60 6 59 1 80 2 40
34 4 66 0 83 9 47 3 48 8 96 2 50 9 58 5 84 5 42 2 26 3 66 0 34 1 23 0 68 1 52 9 19 6 64 8 56 0 20 1 30 3 55 0 12 5 23 0 78 7 32 4 53 5 77 7 17 4 59 7 18 0 38 7 50 0 66 5 92
52 1 3 3 17 8 57 6 60 5 32 3 47 9 7 4 72 3 86 2 20 7 28 7 6 2 14 5 41 9 81 2 48 0 19 3 86 0 61 2 8 4 71 1 90 8 27 8 31 8 29 7 76 2 92 6 4 0 11 6 16 3 37 6 29 1 54 8 11 7 85 9 65 7 98 5 82 6 11 3 42 9 35 2 27 8 6 7 2 0 40 9 21 4 68 6 59 0 66 5 15 1 56 9 15
42 3 54 0 63 6 69 7 44 9 10 0 86 7 30 5 77 0 20 2 98 3 29 1 46 8 19 6 47 6 82 8 72 3 46 0 10 6 4 9 28 7 73 6 50 2 34 2 67 7 10 5 24 1 40 6 23 4 86 7 37 3 12 5 53 9 74 5 68 8 7 5 47 7 98 9 7 2 65 2 50 7 46 5 87
57 8 6 0 65 6 28 3 60 9 12 6 11 5 57 1 33 7 59 4 31 5 70 5 55 7 60 1 25 7 77 5 18 7 79 5 73 0 6 0 84 6 23 3 69 9 19 5 51 9 14 8 18 5 98 3 87 9 74 0 80 4 74 4 7 2 69 8 81 1 48 2 84 5 65 1 75 2 53 9 93 3 65 2 75 5 25 6 72 7 71 1 18 5 11 8 21 8 69 4 22 7 32 9 76 3 81 2 84 0 81 9 14 0 83
93 1 1 2 53 7 81 3 57 7 68 6 63 5 32 5 62 6 36 9 81 9 5 1 54 7 45 8 23 9 95 9 51 7 49 4 28 6 20 7 46 3 70 6 44 7 50 2 41 5 63 8 45 6 75 7 97 9 37 0 74 2 70 2 67 7 75 8 4 5 19 1 29 3 61 4 83 8 90 6 100 6 61 1 51 9 33 3 31 7 67 2 72 7 46 6 16 2 81 8 84 5 35 7 86 4 80 9 16 6 12 3 63 1 68 0 12 0 53 0 32 2 23 8 31 6 97 1 12 3 52 1 84 5 16 1 75 9 67 5 57 2 81 7 49 1 16 8 85 2 88 1 44 1 28 5 72 8 73 4 44 4 96 2 14 3 87 9 33 2 38 9 44 3 48 7 43 2 13 2 18 9 89 7 18 8 9
63 9 42 2 84 0 7 8 4 1 70 4 10 2 4 3 84 8 26 5 62 8 100 1 27 3 90 5 42 3 77 5 91 7 15 4 91 3 42 8 85 9 36 9 87 5 70 9 88 1 17 3 97 6 22 2 23 0 23 4 46 7 90 7 35 6 18 0 5 4 89 9 84 8 18 7 70 4 19 5 14 1 89 1 66 8 95 0 14 9 93 1 88 4 31 9 68 2 73 0 78 5 96 5 36 5 81 6 59 3 85 3 47 9 31 0 97 7 17 7 4 0 89 6 11 7 78
14 1 58 5 77 3 38 0 99 8 4 2 35 5 100 3 59 3 46 2 9 1 34 0 75 9 72 2 6
11 6 2 0 23 3 75 7 40 7 95 2 51 2 79 3 90 6 2 9 21 7 72
45 8 78 0 27 2 14 7 71 4 56 0 27 3 65 5 75 5 57 3 77 4 63 7 33 0 19 9 87 9 81 1 2 5 52 5 14 1 61 2 53 4 13 5 71 6 49 7 26 0 25 2 33 3 58 6 3 2 57 0 42 8 2 8 68 1 46 1 65 0 46 7 98 3 39 6 92 5 24 6 72 8 25 8 65 0 71 8 37 7 97
88 4 93 9 98 1 9 3 37 4 71 3 27 5 92 1 29 0 25 2 94 9 29 7 29 6 34 4 98 2 14 5 49 5 32 5 14 3 41 4 65 7 47 7 31 0 89 5 31 7 2 9 57 9 10 7 82 5 46 0 8 4 48 8 44 9 43 3 67 0 91 7 68 9 23 6 18 4 21 5 52 3 43 2 15 2 47 4 1 6 63 9 45 8 99 8 17 8 45 6 2 0 18 8 97 6 99 7 2 8 81 7 44 7 81 8 49 5 93 4 17 5 25 9 28 0 92 1 33 2 96 7 64 6 87 5 85 8 15 9 24 3 95 7 12 8 74 1 90 9 53 6 37 9 40 6 25 3 97 8 44 2 4 6 14 6 14 9 24 8 18 1 38 0 25 0 77
48 8 73 2 63 6 28 5 22 6 8 0 85 2 26 2 39 0 83 9 56 7 13 1 70 1 26 8 14 5 1 0 53 2 73 1 33 5 13 5 15 9 21 0 9 9 25 5 82 1 50 4 16 1 55 8 84 6 55 9 6 9 71 1 80 7 7 2 90 9 54 2 75 3 97 2 49 6 35 3 88 2 63 1 24 1 74 9 83 9 46 6 22 8 47 9 48
37 6 78 2 60 7 12 5 32 7 3 3 97 4 37 8 69 0 97 1 99 6 46 1 5 9 97 1 5 0 79 3 2 7 81 6 34 6 51 5 4 6 8 8 25 2 52 9 87 3 4 7 90 0 18 0 32 7 70 6 93 2 24 8 41 2 28 4 67 0 80 6 57 2 25
3 1 18 1 86 8 14
7 9 92 3 34 6 62 8 74 9 66 2 28 5 80
48 2 85 2 92 3 54 6 75 6 8 9 42 2 8 7 12 1 93 5 37 9 31 9 39 1 16 0 73 4 57 3 83 5 12 9 33 1 87 1 20 5 45 6 84 3 79 6 64 8 94 7 73 0 96 3 5 0 22 1 9 5 43 5 65 0 16 0 63 4 69 1 29 8 53 1 91 1 27 0 79 3 99 9 74 4 11 3 2 3 20 7 63 0 100 3 41
