5 93
7370917 861094 8090776 720122 6085363
82 2 67 4 96 2 21 4 50 3 23 0 66 1 88 4 42 2 58 4 8 1 64 4 83 3 92 4 55 1 26 3 74 3 62 1 57 1 54 0 93 1 50 4 88 1 27 3 57 2 89 3 51 4 82 3 67 3 91 0 77 1 32 4 75 3 73 1 61 3 54 3 40 4 85 4 24 3 23 0 96 0 1 4 66 4 49 4 23 2 72 0 17 0 49 2 66 0 40 4 87 0 39 3 7 3 78 0 8 3 5 1 25 2 39 3 81 4 59 0 35 0 79 1 12 3 21 1 30 2 54 0 34 3 91 3 20 4 68 4 31 3 36 2 59 4 89 4 98 2 18 0 89 2 3 2 21 4 26 4 100 0 43 4 33
32 0 93 1 59 3 61 0 87 0 80 0 77 2 75 2 56 4 1 2 63 0 79 1 12 2 87 1 1 0 33 0 51 1 77 1 29 1 16 4 4 1 57 4 8 3 53 4 93 3 28 2 58 1 1 3 83 3 90 2 79 2 92 0 44
28 1 17 0 97 0 24 2 12 4 94 3 26 1 84 1 4 0 62 2 23 4 95 1 32 1 74 0 14 1 46 4 30 1 97 0 48 2 4 4 53 0 5 2 11 4 28 1 98 1 83 2 29 1 81 0 45
37 2 28 2 59 0 26 3 57 0 2 0 68 1 21 1 38 2 44 1 82 0 89 0 85 3 30 0 82 2 65 4 86 4 18 2 99 0 14 3 65 0 2 2 92 0 24 1 83 3 81 2 40 1 59 0 36 4 81 1 32 4 66 4 59 3 72 4 6 3 81 0 22 3 64
29 1 16 0 68 3 37 0 68 2 72 2 95 0 21 4 41 3 20 2 79 2 44 0 44 2 5 2 18 3 61 4 90 4 49 1 4 3 39 4 59 0 89 1 50 3 91 4 58 3 65 1 83 1 48 1 22 2 26
43 1 36 2 58 4 99 3 67 1 39 1 71 4 59 4 92 1 86 4 21 0 47 4 41 2 47 3 5 4 42 2 10 4 79 0 93 0 73 1 66 3 81 4 50 2 36 1 11 0 80 0 82 2 41 0 30 4 33 3 13 3 32 0 100 3 12 1 88 2 1 4 74 0 43 0 19 0 21 4 77 0 29 2 75 0 81
28 0 91 3 64 4 58 0 73 2 66 4 77 3 29 1 94 1 35 1 25 0 20 0 48 4 71 2 13 0 22 2 57 1 32 3 33 0 31 1 99 3 37 2 25 3 94 2 97 2 54 0 47 1 73 3 72
8 3 81 0 25 4 40 1 47 2 21 2 92 4 69 2 1
59 4 93 0 5 2 39 4 94 4 40 4 29 2 22 1 52 4 37 2 30 4 33 2 45 1 45 3 28 2 32 3 15 2 1 4 52 1 86 0 3 3 5 2 36 3 92 1 55 1 2 0 46 2 95 0 7 3 8 2 5 2 73 2 49 3 48 1 37 3 24 0 38 0 52 1 19 1 73 4 73 4 12 1 32 4 16 3 25 2 75 3 63 0 2 3 98 4 55 0 29 2 67 4 17 4 78 0 31 1 6 1 16 3 66 3 92 2 66
63 2 4 4 86 0 77 1 6 3 30 4 33 4 87 4 70 2 86 2 16 0 61 4 31 2 29 3 95 3 50 3 2 0 2 2 46 1 85 0 10 4 74 3 28 2 41 0 86 0 32 0 79 0 83 2 67 2 91 4 68 3 82 0 16 3 73 2 63 0 1 1 100 1 36 1 7 0 17 3 26 1 36 0 71 4 78 4 100 3 18 0 29 2 89 2 78 3 93 0 88 3 39 2 96 3 83 2 91 3 57 3 72 2 90 4 55 0 14 0 79 3 53 4 2 0 98
78 0 48 4 15 4 85 2 45 0 27 0 75 1 56 2 39 4 4 1 44 3 89 0 94 2 39 0 86 4 48 2 71 1 70 2 47 3 13 1 10 2 85 0 96 3 51 2 19 4 50 4 41 3 40 3 15 2 96 1 99 2 92 0 6 4 65 3 10 3 40 2 28 1 84 4 39 4 16 0 59 1 38 3 74 3 20 2 41 1 60 3 90 2 61 3 91 3 63 2 39 1 6 2 18 1 86 2 21 1 97 4 67 1 87 0 81 3 1 0 79 0 93 2 66 2 45 1 95 4 25 0 58 3 27 3 94 4 70 3 77 1 58 0 7 1 8 4 93 3 44 1 36 0 10 0 44
77 4 73 2 20 1 22 0 15 0 94 1 75 4 75 4 91 3 99 0 66 4 57 4 54 1 17 4 94 4 24 3 65 4 78 0 58 1 68 4 16 4 11 1 8 1 90 3 36 1 7 4 53 1 60 3 84 3 20 1 4 1 95 4 67 1 1 0 88 2 4 0 80 3 63 1 35 4 17 4 7 2 60 2 5 2 95 2 30 2 78 4 30 0 21 4 92 2 85 2 59 1 65 1 71 3 90 1 48 3 49 2 41 1 26 4 46 4 25 4 90 3 6 3 2 2 48 2 60 0 97 0 45 0 47 0 80 1 72 3 79 2 25 3 55 0 54 4 57 3 80 1 40 1 24
75 2 89 0 60 0 85 0 73 2 60 2 16 1 91 2 55 2 32 2 69 4 67 4 62 3 39 1 68 4 49 3 47 3 23 2 92 2 5 2 84 4 54 4 6 4 15 3 10 3 97 4 59 1 23 2 39 0 64 0 54 0 12 2 36 4 24 0 26 4 97 0 43 1 64 1 53 3 11 2 4 2 67 4 52 4 54 4 3 4 39 4 69 0 77 4 99 4 13 3 67 3 33 1 60 2 1 0 58 3 44 4 17 0 48 0 41 2 3 3 22 4 12 3 66 3 15 1 2 1 23 4 28 3 29 0 23 4 33 4 23 2 71 3 100 4 25 3 82 3 95
24 2 83 4 26 0 53 3 54 4 58 2 80 3 31 4 90 3 80 3 27 1 82 4 23 4 78 3 23 0 19 0 42 2 99 3 28 2 37 2 4 0 56 0 74 3 2 0 25
77 1 57 0 34 0 97 2 25 0 48 3 22 2 69 4 66 4 59 2 20 0 79 4 92 2 86 1 1 0 14 2 25 2 66 0 67 2 45 1 36 0 48 3 98 4 45 3 5 2 86 1 45 3 5 0 51 2 51 4 61 1 16 0 53 0 37 2 18 2 97 3 58 1 77 2 21 3 53 3 23 4 69 4 74 3 86 1 30 0 61 1 85 2 64 4 88 1 38 0 53 3 44 2 37 2 6 1 20 0 41 2 4 0 19 1 60 1 5 2 52 4 13 0 71 3 99 2 56 4 36 2 1 3 36 3 32 2 27 3 2 3 51 3 60 1 58 0 68 3 80 2 3 0 81
98 0 25 0 95 0 87 0 39 1 68 1 53 2 40 3 14 0 12 0 74 4 9 4 60 3 50 4 23 4 68 3 78 0 57 2 32 2 36 0 69 4 33 2 67 4 34 4 79 3 4 2 23 2 12 1 84 4 37 2 59 0 68 3 1 3 54 0 68 2 72 4 80 0 20 0 36 4 27 4 78 4 74 0 12 1 74 1 93 1 89 0 4 3 93 1 90 3 97 3 56 4 19 0 13 2 50 1 55 4 12 2 2 4 18 0 43 4 41 2 14 3 29 0 63 1 32 4 7 2 48 0 39 2 78 2 1 3 40 3 97 1 27 1 74 0 100 4 98 0 63 1 75 3 99 3 96 2 54 3 24 4 65 2 88 1 86 3 75 3 5 4 44 3 17 2 42 2 37 4 83 4 54 1 91 1 18 0 89 3 38 4 89 2 49 3 84
83 1 34 0 56 3 1 3 6 1 53 2 32 1 72 2 94 3 89 1 82 1 10 3 10 0 52 3 42 3 82 0 56 2 80 3 51 1 2 0 92 0 65 1 42 4 52 0 88 0 94 2 59 1 48 2 91 4 21 2 88 1 26 4 13 1 39 3 62 3 85 2 72 3 44 0 48 2 84 1 47 1 51 0 63 1 96 1 69 0 93 3 60 0 82 2 19 2 8 3 17 1 43 4 17 0 21 4 6 4 32 2 5 2 93 1 87 3 51 4 65 0 88 4 59 0 26 1 94 3 19 4 84 1 56 4 91 4 29 4 90 1 11 3 80 0 70 2 75 2 25 0 66 4 89 0 11 0 9 0 86 3 80 1 41 2 2
60 2 70 0 83 4 23 4 60 4 48 1 32 2 62 1 49 1 59 0 47 4 51 3 13 0 85 0 7 0 60 4 40 1 20 1 45 1 44 2 57 4 23 1 71 1 85 4 70 1 86 2 50 2 1 4 60 0 99 0 32 1 100 0 16 0 6 3 34 4 38 2 42 1 54 2 37 1 84 3 25 0 60 0 67 4 38 0 21 0 81 2 36 2 26 4 77 2 43 0 77 3 74 3 2 3 73 3 21 3 65 2 32 1 53 4 55 0 85 3 44
38 0 8 3 64 2 9 3 87 1 17 4 7 4 68 0 57 4 68 2 42 3 18 0 91 3 100 1 97 3 69 0 51 4 57 1 5 2 26 0 84 3 99 0 68 3 11 2 36 2 75 0 56 3 83 0 78 4 83 2 4 0 88 3 67 2 61 3 49 3 46 0 95 4 10 4 89
72 3 1 1 39 4 72 4 94 0 70 4 36 1 29 1 5 2 65 1 38 3 65 2 96 4 35 1 35 3 15 2 7 1 34 0 86 3 92 3 39 2 82 0 98 3 82 3 99 2 3 3 9 4 68 0 46 1 47 0 51 4 99 4 51 2 96 4 6 4 89 0 37 2 78 1 35 2 60 2 10 2 12 2 15 3 67 4 62 3 12 1 59 1 38 1 61 3 74 4 84 2 31 3 49 4 41 0 99 4 57 4 9 1 78 0 70 4 26 1 22 0 75 0 92 2 67 0 81 1 68 3 95 1 18 4 28 1 23 3 99 4 89 4 74
9 2 11 1 60 3 22 4 89 3 39 1 78 3 28 0 99 3 7
15 0 29 1 62 0 42 0 72 3 24 2 10 1 46 3 23 4 19 0 90 3 66 3 79 2 95 0 1 4 21
37 4 61 2 45 4 13 3 3 3 39 1 81 2 72 3 4 3 52 0 59 4 24 3 54 4 89 2 72 0 100 1 22 0 31 2 6 0 3 3 24 1 9 1 70 3 39 0 7 0 91 2 3 0 32 2 99 4 86 1 64 3 8 1 58 4 58 4 96 3 40 3 72 4 35
90 0 82 3 73 3 7 2 93 1 5 0 92 2 49 3 97 2 7 1 46 4 88 3 36 1 95 3 3 0 38 4 4 4 71 3 41 1 9 3 46 3 59 4 81 3 36 0 83 3 80 2 87 2 66 0 27 4 99 0 95 2 10 3 53 1 7 3 70 2 67 2 2 2 84 2 20 3 6 1 24 1 84 3 32 0 92 1 35 0 62 4 74 3 98 4 84 4 84 2 19 0 8 2 42 2 52 2 31 2 56 1 58 1 39 4 60 4 41 4 29 4 27 2 25 1 5 0 21 1 73 2 98 4 88 4 33 3 91 4 72 0 53 0 39 2 6 4 80 1 95 0 57 3 68 1 12 1 42 0 48 3 16 0 69 0 91 3 51 2 87 2 63 3 45 3 50 2 73 4 4
4 1 25 3 42 3 80 1 89
20 3 83 1 60 3 41 0 12 4 49 3 73 0 31 2 85 3 16 4 17 0 8 1 82 2 29 4 73 1 48 1 77 1 54 2 7 4 39 1 44
9 1 62 2 97 0 30 1 49 4 86 4 65 2 40 2 52 2 84
52 1 46 0 72 1 72 0 13 1 18 3 54 0 67 0 36 0 90 1 10 3 66 0 17 1 83 0 54 0 53 1 61 3 71 4 96 0 75 2 30 1 45 4 37 4 63 3 40 4 5 2 93 2 41 1 95 1 73 4 92 2 83 2 65 2 7 4 84 0 70 2 96 2 15 2 9 4 52 0 36 2 97 4 71 0 45 3 20 2 45 3 47 2 1 0 26 0 25 3 39 2 43 3 27
47 0 29 0 30 3 91 4 23 1 5 0 2 1 41 0 81 0 23 3 46 1 8 1 24 2 54 4 33 0 75 2 10 3 31 2 96 4 54 0 41 0 14 4 54 1 3 4 20 4 5 0 65 4 59 3 39 3 29 2 76 3 57 1 44 0 16 3 83 0 18 1 3 0 45 2 31 4 51 0 39 1 53 4 59 3 59 1 67 1 70 3 96 1 72
35 4 79 3 62 4 11 0 39 0 20 3 55 3 95 2 50 0 84 2 68 1 47 4 92 4 98 1 95 1 88 0 75 3 92 1 20 3 88 1 51 2 15 4 50 3 4 4 91 1 26 3 27 2 45 1 19 3 93 4 69 2 68 1 92 0 14 1 27 1 67
7 3 84 4 19 3 44 0 44 3 83 3 84 4 53
88 3 20 2 25 3 61 1 47 3 36 0 97 4 22 4 86 2 61 0 70 4 78 2 48 3 98 2 49 2 29 1 91 3 49 0 93 3 54 1 23 4 35 3 99 4 22 2 37 0 29 3 72 3 24 3 84 1 96 4 42 2 50 4 79 3 45 2 7 0 55 2 53 4 42 1 29 2 25 1 54 0 16 4 13 0 50 1 37 2 79 4 40 3 91 4 16 0 92 2 18 4 24 0 22 4 79 4 42 0 86 0 66 1 11 0 3 1 59 2 90 4 23 0 45 2 5 2 49 1 80 3 48 3 44 2 25 4 54 0 85 2 55 4 30 0 79 0 11 3 4 4 20 3 54 0 30 1 69 1 85 0 32 2 76 1 25 0 83 4 93 0 40 3 9 3 41
63 1 56 2 56 2 75 4 55 3 61 0 19 3 100 3 87 0 45 1 52 4 23 4 54 0 20 4 15 4 38 2 70 4 50 0 79 2 27 0 11 3 14 1 78 0 2 1 65 0 79 1 57 4 5 2 36 3 6 4 94 3 63 1 6 0 90 4 77 1 90 3 87 4 30 2 47 2 90 1 45 2 24 3 45 3 46 4 51 4 25 2 96 4 20 3 81 3 95 1 3 3 20 4 14 3 60 0 6 2 25 1 91 2 97 2 44 3 89 2 93 2 83 0 17 3 88
7 2 32 2 67 3 31 0 1 2 45 0 65 2 85
46 4 76 1 64 4 5 1 52 0 7 1 52 0 69 1 18 2 80 2 94 0 37 1 36 3 43 2 39 2 3 4 79 3 52 1 68 2 97 0 78 1 22 4 59 3 16 4 40 2 63 2 82 4 67 3 55 2 50 3 77 3 13 4 74 4 50 3 58 1 38 2 11 4 65 0 46 0 56 2 88 3 42 0 12 1 82 0 98 3 82 1 43
84 1 57 2 64 1 18 4 19 3 35 4 93 0 13 1 53 1 25 2 73 3 32 4 99 4 52 0 46 1 81 2 43 4 87 0 99 3 33 3 88 4 71 3 35 2 99 2 90 3 36 3 94 0 73 3 57 4 28 3 30 0 36 2 93 2 57 1 84 1 26 1 81 4 1 0 55 0 88 0 26 2 47 1 83 2 3 1 12 2 62 2 50 3 82 3 58 1 6 2 99 3 2 0 47 4 46 4 87 4 73 2 15 0 48 2 12 4 96 4 50 3 57 2 23 2 9 2 32 4 89 3 62 0 34 2 59 1 76 2 96 4 96 0 71 0 85 1 40 4 84 1 63 1 52 0 4 1 58 0 92 3 79 2 85 1 51 1 29
89 4 78 2 38 1 36 4 99 0 25 3 1 1 28 4 68 3 22 2 94 2 20 0 23 2 68 1 85 4 92 3 90 3 75 3 75 2 60 3 86 0 10 3 5 0 21 2 72 2 14 0 82 1 45 0 55 0 82 0 97 0 58 0 76 3 40 0 34 2 13 0 30 3 39 1 62 2 53 0 2 4 94 3 76 0 35 4 34 2 70 1 54 2 15 4 37 2 12 1 90 2 66 1 63 2 75 1 61 1 31 3 97 0 22 2 54 1 60 1 66 2 21 2 94 2 58 4 6 0 66 0 36 2 97 1 29 2 9 3 42 4 5 0 91 4 35 4 11 1 87 3 91 0 97 4 11 3 78 4 100 2 48 4 46 2 16 3 16 0 51 1 70 2 20 3 89 0 4
25 1 74 4 29 3 69 4 53 0 85 1 63 3 56 2 30 4 21 1 10 2 80 4 38 1 43 2 94 3 21 2 64 0 37 1 1 2 69 1 7 4 68 1 46 1 63 1 64 1 64
16 2 37 4 80 4 76 3 76 4 67 3 87 3 17 1 72 0 98 2 68 0 3 3 35 2 37 1 16 0 84 4 72
51 0 62 4 92 1 86 3 42 4 53 4 15 4 96 1 92 4 61 3 30 0 91 0 21 2 1 0 48 4 81 3 2 3 69 3 60 4 10 0 29 4 84 3 66 0 39 3 15 0 52 2 66 1 7 2 22 0 29 4 54 0 92 3 68 2 1 0 77 1 6 0 86 3 43 0 91 4 59 2 36 0 63 1 9 3 1 0 21 4 86 2 44 0 84 4 30 4 70 4 8 0 95
26 4 90 0 49 0 90 0 43 4 24 4 43 1 41 3 82 4 33 4 94 1 59 2 59 3 22 0 52 0 86 0 100 4 96 3 13 3 51 0 12 0 77 3 72 0 48 4 24 2 91 0 86
30 4 8 1 73 2 68 4 57 3 64 2 54 0 2 3 76 3 23 1 95 2 16 2 37 1 40 0 5 1 15 1 96 2 99 2 99 4 27 1 23 0 46 4 73 4 17 4 90 3 38 3 77 2 4 3 97 4 56 0 87
95 3 10 4 95 3 38 3 21 2 45 1 66 3 92 0 100 4 1 4 51 4 49 1 80 0 19 0 35 3 9 1 31 0 16 1 68 4 69 2 6 0 92 3 74 4 6 4 24 1 71 1 96 2 28 0 45 0 69 0 97 4 56 1 86 0 96 0 1 0 17 0 43 2 76 4 12 2 97 2 14 2 28 2 16 2 47 2 57 2 9 3 74 4 39 0 85 0 34 3 61 2 21 1 34 1 43 3 20 3 93 3 7 0 39 1 13 1 49 1 62 3 56 1 16 0 10 2 33 3 81 1 48 2 25 1 39 2 80 2 93 3 36 3 58 0 76 0 9 0 43 0 24 1 10 4 28 3 17 1 81 1 77 3 49 2 29 0 73 4 48 2 21 1 92 3 60 4 23 2 98 4 3 4 76 2 75 1 100 4 32
81 0 2 1 67 0 67 1 71 4 12 1 58 2 70 2 99 2 96 0 55 3 31 1 30 2 5 4 77 2 54 2 27 4 6 2 24 4 53 2 82 1 51 0 78 1 98 2 21 0 16 2 83 4 98 2 62 4 60 4 99 0 73 2 61 1 19 0 18 2 66 4 73 3 12 1 4 4 79 0 77 2 60 4 40 2 29 4 81 3 35 2 17 0 29 0 15 0 100 0 83 3 99 4 51 0 81 1 33 1 33 0 49 1 34 0 61 3 11 0 26 4 64 1 56 2 8 4 29 4 98 3 96 1 23 1 54 3 63 1 91 2 90 4 86 2 98 1 3 3 34 2 3 0 33 0 52 3 25 1 12 1 17
43 4 99 3 8 4 43 4 4 2 20 4 61 3 82 4 95 3 27 1 89 3 56 4 86 1 61 4 78 2 82 4 20 2 87 0 1 0 39 0 71 2 32 4 31 0 41 4 91 1 23 4 75 0 4 0 22 3 69 0 35 3 81 4 14 3 54 3 38 0 23 0 6 4 82 3 44 3 24 4 46 0 30 4 80 0 92
83 2 79 2 96 0 7 4 10 0 30 2 98 2 13 3 58 4 47 3 17 1 5 3 17 3 32 4 68 0 79 1 62 0 17 4 68 2 71 2 92 2 26 4 69 2 99 1 45 2 77 4 12 2 68 4 14 2 75 2 50 3 55 2 89 1 63 4 42 0 45 4 55 4 67 2 8 0 71 3 46 3 7 1 40 4 98 3 15 4 14 0 42 4 92 2 75 4 13 2 72 3 55 4 79 1 88 1 53 3 22 4 6 3 98 4 82 4 100 4 86 2 12 1 92 1 14 3 36 3 41 1 2 1 12 1 92 2 92 1 87 3 15 4 31 1 27 0 65 3 84 2 94 2 34 1 37 3 79 2 48 2 88 1 44 2 98
52 2 56 3 99 1 67 2 88 4 15 0 40 4 18 2 39 4 11 2 70 2 48 4 3 1 27 1 45 4 82 4 67 1 53 1 34 0 59 2 19 2 14 2 58 4 65 3 31 2 76 0 79 2 63 2 59 2 49 4 28 4 95 0 7 4 99 1 82 4 16 2 26 1 43 3 6 2 68 3 32 0 88 3 82 3 49 1 56 4 8 4 17 3 92 0 7 4 76 4 19 2 85 4 42
33 4 88 4 39 3 60 2 9 4 24 1 28 0 89 0 85 4 95 4 60 2 84 1 74 3 69 4 12 3 68 1 6 0 52 2 2 3 17 4 69 0 25 2 9 0 37 0 82 2 95 3 22 3 30 2 37 4 93 2 70 0 9 2 97 0 29
15 2 43 4 98 2 82 3 53 3 2 4 10 2 93 0 22 1 10 2 3 3 53 3 55 2 62 1 87 1 67
79 4 60 4 58 1 60 1 76 0 96 4 31 1 99 1 42 3 99 1 17 3 89 0 31 3 72 1 83 0 17 4 15 1 21 2 72 2 98 2 42 4 10 1 50 2 12 0 20 0 39 4 30 3 83 4 90 4 89 4 93 4 21 3 35 4 71 4 27 2 26 2 26 4 62 2 46 1 82 3 74 2 29 4 37 3 68 4 35 4 66 1 96 4 49 4 74 4 53 0 68 4 81 2 78 2 14 4 1 1 67 2 73 2 24 1 97 3 76 0 52 0 10 4 60 1 13 1 69 0 43 1 62 1 100 4 32 0 74 3 62 4 86 4 100 2 91 2 9 0 61 0 31 1 94 1 37 1 70
99 1 91 2 64 3 82 4 8 4 68 3 1 0 81 0 90 4 72 2 48 3 12 4 29 4 19 1 34 2 2 3 88 2 77 2 41 2 45 3 70 4 50 4 92 4 20 4 69 0 91 1 34 2 50 0 27 4 65 4 5 0 46 4 70 1 15 4 99 1 6 1 34 1 66 2 30 2 42 2 29 0 43 3 15 1 26 2 62 3 41 4 33 1 98 2 16 3 79 3 13 4 21 1 9 0 96 1 60 4 11 2 22 0 31 4 85 0 49 1 17 1 24 4 64 1 51 3 70 2 26 1 67 4 8 2 57 1 18 3 84 1 28 2 89 2 73 3 19 2 80 1 69 4 80 1 99 3 30 0 86 2 43 2 86 2 74 4 48 3 4 4 36 3 23 0 95 4 96 1 19 0 74 0 15 4 94 0 48 1 25 0 17 3 67 1 94 1 68
99 4 33 0 88 2 93 1 2 3 91 0 64 0 10 4 77 3 28 2 1 4 79 0 64 4 8 1 4 4 65 3 12 2 74 3 95 1 98 0 97 3 27 0 19 1 4 4 78 3 21 1 49 4 67 0 37 4 2 1 78 0 41 1 64 1 41 2 77 4 56 0 13 4 68 3 86 1 8 2 3 4 100 2 20 4 17 4 13 3 12 3 42 1 89 0 11 1 17 4 12 2 79 3 63 2 74 1 97 4 78 1 39 4 91 1 11 4 45 1 65 0 34 1 53 3 95 0 63 1 64 3 24 0 30 3 99 3 64 2 77 1 37 4 88 1 51 1 66 0 75 0 71 3 55 4 97 1 94 2 89 4 34 1 48 2 20 3 5 1 96 2 57 4 82 1 76 3 94 2 38 2 88 1 63 2 4 4 42 1 90 3 41 3 96 3 70 1 47
82 0 24 3 56 1 58 0 15 4 97 2 11 2 70 2 65 3 84 4 30 3 44 2 42 2 26 0 51 4 43 3 3 3 98 0 91 4 33 4 18 4 88 4 7 4 47 1 91 1 34 0 14 1 31 3 97 4 60 1 92 2 67 4 85 4 11 2 71 1 41 4 49 4 36 2 78 1 86 1 88 2 17 2 28 0 37 0 66 0 99 2 18 4 40 1 55 4 22 2 61 1 22 2 42 4 15 4 89 4 58 2 53 0 91 4 90 1 31 0 77 4 24 4 55 2 97 3 6 0 43 3 86 4 44 1 44 2 9 4 52 4 5 0 48 1 46 2 63 2 1 0 8 1 67 1 50 4 66 2 3 1 53 1 93
90 3 65 3 80 0 4 2 95 4 1 4 92 3 75 2 21 3 53 0 19 3 42 4 22 3 96 0 87 0 17 2 29 0 77 1 79 4 64 3 70 2 41 3 79 3 98 1 59 2 31 4 72 0 31 4 91 3 6 3 24 4 13 2 44 3 47 4 60 2 10 3 68 4 57 4 10 0 3 3 47 4 21 3 47 0 29 1 17 1 43 0 38 4 16 0 34 4 35 2 35 3 80 2 61 2 20 3 59 4 60 2 2 0 47 3 68 0 83 2 39 0 84 3 93 1 16 2 17 4 77 1 20 1 70 4 70 4 25 2 6 4 75 1 25 0 84 3 5 3 61 4 84 3 19 1 3 0 32 3 98 0 62 4 23 0 99 2 49 2 21 1 87 4 67 0 25 4 78 0 60
68 0 56 4 97 2 45 1 84 2 100 4 38 3 21 3 73 4 72 4 52 2 70 1 48 1 74 1 99 4 40 2 92 2 38 0 72 4 1 1 24 1 56 1 33 4 55 0 5 4 8 2 68 1 80 3 68 0 66 4 25 0 23 1 54 1 23 1 52 0 47 4 77 1 76 3 94 1 4 4 92 3 27 0 97 0 54 3 33 3 4 1 3 2 87 1 80 1 58 4 55 1 92 3 90 3 36 4 17 0 23 3 54 0 56 1 99 3 6 3 21 3 67 1 84 1 76 4 16 3 10 4 91 1 75 2 27
30 4 97 1 57 3 53 4 80 0 38 4 79 4 78 0 59 0 16 0 21 0 27 3 94 1 23 0 82 3 7 0 36 3 49 1 30 1 4 0 32 3 59 4 61 2 48 1 98 3 95 3 85 4 42 4 93 0 20 1 61
21 3 10 1 51 1 20 2 64 3 48 0 10 1 36 4 61 4 33 3 12 0 31 1 15 3 41 3 68 2 85 4 69 1 83 0 36 0 15 1 72 3 31
62 2 100 2 88 0 24 3 58 3 79 0 62 4 33 3 17 3 67 0 56 4 74 0 51 2 83 0 44 4 22 1 52 4 59 2 8 0 26 0 59 3 38 3 62 1 43 2 42 4 2 2 90 1 62 2 46 2 46 4 80 2 43 4 74 2 84 1 72 3 59 3 27 1 81 1 57 4 38 0 9 4 2 2 84 4 18 4 44 3 50 0 71 2 46 2 65 2 15 4 57 2 27 4 92 2 79 4 73 3 6 1 67 0 43 3 3 3 71 3 66 0 18 2 94
16 1 44 3 30 3 46 0 11 3 75 4 47 4 40 3 42 4 23 2 96 0 14 1 7 0 52 1 47 3 22 4 48
43 2 36 3 23 0 42 0 83 4 66 2 74 4 44 3 53 2 50 3 74 3 86 2 97 2 20 3 89 4 9 3 93 3 49 1 62 3 23 1 5 2 30 4 55 2 58 4 43 0 22 2 58 3 13 3 73 3 91 1 9 1 58 0 34 0 48 4 68 3 87 2 97 0 3 0 57 2 29 3 67 2 60 0 11 1 10
63 0 30 1 50 0 27 2 83 0 99 3 86 4 25 3 21 2 53 0 18 4 64 2 61 3 71 1 76 3 29 1 86 2 29 1 1 0 97 3 37 1 24 2 66 0 92 3 12 1 48 4 84 4 3 1 52 2 43 2 56 4 18 0 38 2 56 3 42 4 26 3 80 2 98 3 1 1 97 3 5 3 49 3 38 0 79 1 54 1 5 2 95 2 65 0 83 2 44 3 57 0 65 2 44 2 92 3 12 3 60 2 75 2 7 0 5 1 93 2 96 4 79 4 3 4 56
44 0 55 0 45 1 6 4 89 4 65 3 15 0 22 4 70 3 57 4 52 1 77 2 15 4 15 1 82 1 58 3 72 2 19 0 3 4 56 4 78 0 8 1 87 3 35 2 58 4 36 0 38 2 13 3 28 0 49 1 38 4 32 0 81 2 1 2 54 2 48 0 69 4 61 3 20 4 14 1 4 1 22 2 31 4 93 0 39
56 2 34 1 22 3 44 4 77 2 82 3 88 0 94 3 100 0 14 4 91 1 96 4 37 3 40 1 81 4 89 0 51 0 15 2 10 1 27 2 26 2 65 4 31 0 86 0 19 1 74 3 58 4 68 0 51 0 51 0 1 0 78 1 2 3 14 4 54 4 16 4 8 0 92 3 24 1 29 1 58 3 36 4 34 4 46 0 48 1 18 0 19 4 85 2 65 3 4 2 52 1 11 0 16 0 55 3 22 0 82 4 36
60 1 27 3 39 3 83 1 68 0 49 2 73 4 70 3 12 3 44 0 50 2 22 4 56 3 55 0 58 0 39 1 61 3 16 1 39 3 26 3 95 2 43 3 6 1 16 3 58 1 83 4 67 0 88 3 62 2 44 4 68 3 82 1 89 2 12 3 79 0 83 1 4 2 22 0 74 4 21 3 44 2 33 4 50 2 99 4 36 3 57 1 79 2 26 2 84 2 90 0 59 0 2 1 8 0 61 2 55 4 34 4 27 3 14 4 88 2 42 0 25
100 1 69 4 1 2 38 4 5 2 57 2 82 1 59 1 30 2 54 3 90 3 19 0 35 0 75 2 81 1 13 2 87 2 26 3 41 4 9 0 15 3 49 3 1 4 73 0 96 3 17 4 10 1 20 1 7 4 74 3 75 1 37 2 86 0 77 2 2 1 43 4 80 0 90 4 70 4 15 2 88 0 53 1 44 1 85 1 24 4 68 4 86 2 40 3 71 0 6 2 99 0 45 0 54 1 54 0 73 2 99 0 47 1 43 4 53 1 30 1 91 2 27 3 65 4 15 2 81 4 4 0 4 2 41 2 57 1 29 3 49 2 28 2 1 4 3 4 86 0 9 1 32 3 64 1 21 2 2 1 97 1 63 1 33 2 74 1 45 2 9 3 26 2 92 4 2 1 49 1 71 1 63 4 68 1 100 1 50 3 67 0 60 1 22 4 93 2 36 3 18
24 4 1 0 3 3 27 0 96 1 43 4 31 1 25 1 100 3 23 0 14 4 53 3 33 1 65 0 28 2 75 3 59 3 71 1 77 1 18 4 37 4 20 4 64 4 94 0 17
1 1 25
52 2 66 3 17 3 55 0 17 1 27 3 35 0 65 3 28 2 75 0 99 0 30 3 34 2 42 4 88 1 28 0 43 4 15 3 37 4 81 3 57 2 54 2 85 2 10 4 73 2 4 2 90 0 21 2 60 1 12 4 55 3 20 3 81 3 31 4 29 2 39 1 23 4 60 4 88 4 74 2 79 1 66 3 31 3 96 2 49 0 79 0 22 4 44 1 53 0 55 4 94 4 76 2 73
3 3 84 0 35 0 66
20 4 37 0 94 2 83 1 11 4 85 4 41 3 65 4 18 0 17 4 83 2 45 3 78 3 77 4 95 3 92 2 66 0 62 4 86 3 73 2 44
97 1 60 1 7 1 25 2 10 4 30 4 85 1 44 1 24 0 98 4 95 2 20 4 70 2 19 0 67 4 19 0 95 0 56 0 52 3 21 0 16 2 11 1 49 1 90 1 53 2 58 1 29 4 43 4 41 2 22 2 87 2 85 0 81 1 74 3 58 2 59 4 8 1 52 1 65 2 27 1 66 1 79 2 52 2 96 3 87 1 57 3 76 3 30 4 19 3 58 0 81 0 61 0 28 1 82 1 78 1 33 0 81 0 8 0 64 4 90 1 30 3 37 2 22 3 4 4 79 1 74 2 84 0 40 3 77 1 94 1 24 2 72 2 94 2 87 4 93 3 50 4 89 2 11 4 54 3 17 3 97 1 92 1 78 1 77 1 8 1 88 3 50 2 71 1 53 3 31 3 55 3 45 3 99 1 92 3 100 2 61 4 93 1 73
4 0 30 3 64 2 87 4 13
70 1 56 4 76 4 21 0 76 1 49 1 54 0 21 4 49 2 13 0 50 0 86 0 52 4 49 0 76 1 5 1 9 4 84 4 6 4 62 2 55 1 45 0 40 3 49 2 88 2 60 4 77 4 73 4 29 1 2 2 49 2 56 2 57 1 62 1 86 1 23 2 55 2 51 3 100 1 2 4 37 1 11 3 28 3 49 0 84 0 19 4 86 4 46 2 50 4 61 0 76 2 84 4 81 2 59 4 24 0 65 1 55 0 14 0 5 3 52 0 15 3 90 3 54 0 98 0 61 1 6 0 70 4 33 2 1 0 51 3 1
42 1 44 2 86 3 46 3 81 1 41 4 8 3 35 2 7 1 21 4 77 3 25 1 11 4 34 1 58 4 26 2 78 2 100 3 65 2 69 4 17 2 83 0 6 2 92 3 33 0 26 0 11 1 55 2 6 1 49 0 82 0 76 3 10 4 49 1 88 1 70 0 6 3 20 0 93 1 67 3 79 2 55 3 11
57 2 80 2 75 2 100 4 51 1 48 1 84 2 12 2 41 1 56 4 70 0 5 4 81 4 41 4 72 1 43 3 80 2 80 3 38 0 12 4 49 1 4 4 46 0 77 2 11 2 69 0 59 0 1 2 97 2 65 0 19 1 18 2 87 3 24 4 48 3 86 3 73 1 77 1 87 3 67 0 38 4 61 3 49 0 56 3 74 2 63 4 27 2 59 2 71 4 36 4 29 4 95 2 19 3 41 0 48 2 86 0 93 2 55
99 2 35 0 73 1 49 1 69 2 84 3 72 3 29 1 86 0 98 1 92 3 60 4 89 2 16 1 20 2 26 3 78 0 25 0 73 3 84 2 21 2 55 3 84 1 8 0 60 2 20 4 89 1 88 3 61 1 37 4 78 3 29 4 82 3 21 0 13 2 69 3 72 0 30 1 24 3 93 3 6 0 60 4 81 1 96 0 75 0 81 2 93 3 45 0 7 1 25 0 100 4 19 1 25 3 41 1 88 4 80 4 60 1 51 3 69 3 18 2 59 4 51 2 58 1 81 0 66 3 92 4 61 2 27 4 40 2 37 4 70 0 67 2 28 0 93 1 5 0 88 0 41 0 96 4 89 1 59 1 11 1 73 0 72 1 64 4 27 3 67 1 19 1 74 3 59 1 1 2 55 1 29 2 55 2 62 0 64 1 7 1 23 4 80 4 9 1 85
29 3 89 0 64 2 87 1 23 0 11 2 25 1 23 4 74 1 20 0 56 1 79 1 100 3 57 1 63 0 54 2 71 2 100 1 39 0 62 4 69 1 60 2 69 1 60 1 41 2 57 1 77 1 55 2 19 3 21
3 1 9 4 37 3 26
6 4 85 4 39 4 49 1 3 4 1 3 86
41 4 3 1 33 3 42 3 7 4 12 1 16 4 1 2 37 1 56 4 62 3 28 1 82 1 78 0 70 4 66 3 30 0 13 2 17 2 6 2 30 3 4 3 54 2 46 0 10 1 7 2 81 1 36 3 89 1 3 2 35 1 42 2 93 0 4 0 17 0 62 1 37 3 8 4 81 4 28 2 69 2 52
75 0 10 1 41 1 71 2 71 3 61 2 28 2 74 4 94 2 30 4 2 1 42 0 22 3 1 0 96 2 21 0 76 1 12 2 23 1 78 0 88 4 84 2 26 3 25 4 32 3 60 3 21 3 59 4 57 1 25 4 66 1 68 2 79 1 20 3 58 0 22 4 53 2 100 4 75 2 66 1 37 4 58 2 4 0 84 2 71 1 18 3 97 2 52 0 80 2 54 3 41 0 61 2 23 0 39 2 66 0 94 1 18 1 34 2 61 4 30 0 99 2 21 1 91 4 54 0 59 0 80 3 6 4 60 3 10 4 63 2 87 1 76 0 22 3 19 2 25 1 6
76 1 14 1 20 0 21 3 59 0 4 0 44 3 98 1 78 4 80 2 89 3 42 2 29 0 96 0 65 2 16 4 99 2 68 3 79 2 26 1 50 1 15 2 38 0 55 3 43 2 7 4 73 0 78 1 41 3 24 0 69 0 58 2 66 3 38 3 63 4 41 0 54 1 28 0 41 3 29 2 65 4 17 4 59 2 59 3 82 2 76 1 3 1 61 2 9 4 8 1 84 2 27 3 74 4 99 4 99 2 70 2 57 1 82 1 19 3 100 2 21 4 70 3 8 2 15 0 21 3 44 2 22 0 75 0 31 4 36 0 66 1 4 2 95 1 38 1 24 1 79 1 36
46 1 11 1 91 0 38 3 40 3 97 4 92 3 92 0 95 2 28 0 78 1 95 2 35 4 58 0 85 4 59 4 77 3 89 0 47 4 52 2 7 0 59 4 34 1 37 1 37 2 89 0 33 4 70 3 12 1 5 3 49 4 41 4 95 2 23 4 87 0 76 3 9 1 63 1 62 0 57 0 8 0 89 4 74 3 59 3 15 3 27 1 86
36 2 28 0 35 1 71 0 50 4 76 1 10 2 50 4 39 2 2 2 17 3 10 1 36 4 72 4 65 3 61 1 50 2 9 3 55 1 22 4 85 0 21 2 83 3 57 2 39 3 27 4 52 1 59 3 15 0 99 1 18 1 71 2 98 3 98 0 76 1 94 4 77
87 3 62 1 98 0 68 0 25 2 51 2 17 2 87 3 22 2 22 1 97 4 30 1 83 0 11 3 30 0 38 0 70 3 38 3 21 0 37 3 98 3 89 3 61 4 15 0 90 4 63 3 60 2 49 0 77 0 47 4 5 2 4 0 94 1 88 2 38 3 21 1 82 4 74 0 40 4 89 1 41 1 88 4 43 2 14 0 40 1 44 0 31 1 96 2 38 2 47 4 90 4 41 4 30 3 94 2 18 3 94 3 63 2 16 3 58 4 99 2 1 1 67 4 26 3 68 4 12 2 20 4 35 2 28 2 63 1 46 1 61 2 76 2 10 4 3 3 67 3 97 2 73 0 22 1 92 4 13 1 87 0 45 0 33 2 55 0 52 4 21 2 88 1 83
80 4 76 3 40 4 42 3 25 4 4 1 24 4 29 3 70 3 90 2 26 0 92 2 23 4 32 4 88 0 27 0 17 2 92 2 62 3 52 3 77 1 7 2 8 4 35 4 45 1 1 3 81 3 19 4 39 3 63 3 83 2 53 0 39 4 74 1 46 1 95 0 76 1 40 0 45 3 82 1 42 2 69 1 43 4 72 0 42 1 28 2 25 2 32 4 11 4 40 3 34 4 6 2 25 4 14 3 52 4 69 3 64 1 78 2 13 0 100 3 12 4 100 1 13 3 61 0 78 4 86 1 50 2 43 0 68 3 27 4 81 4 44 2 67 1 67 4 84 4 73 3 5 1 34 3 94 0 22 0 80
18 2 22 1 90 0 25 2 37 0 28 4 68 2 45 1 24 2 90 2 60 2 51 4 94 2 76 4 53 3 13 0 83 1 26 0 6
94 3 51 1 93 3 67 1 56 1 13 2 46 3 89 3 48 1 36 2 72 1 2 3 75 3 78 0 91 3 100 1 58 4 17 4 91 1 9 4 14 4 87 1 61 4 58 3 7 0 36 2 2 1 100 3 35 3 81 4 71 0 57 4 68 1 12 2 56 1 30 4 58 4 28 1 11 1 13 0 14 0 81 4 58 0 58 0 26 3 83 0 32 2 33 3 4 2 42 1 42 3 50 4 28 2 17 2 46 3 32 2 38 0 24 1 30 1 39 0 67 3 65 2 93 0 100 0 99 2 94 4 59 3 14 2 21 2 98 2 33 4 35 0 53 4 1 1 56 1 15 3 45 4 9 0 19 2 38 4 53 4 63 2 97 2 11 1 11 1 1 0 28 0 81 0 67 0 82 2 99 0 93 0 70 4 3 0 7
7 4 64 2 45 4 27 2 87 4 90 3 53 2 89
41 3 47 4 3 2 22 0 97 0 40 1 10 4 40 1 13 1 87 3 89 1 91 0 3 3 84 1 39 1 18 2 24 1 47 2 30 2 87 0 13 1 58 4 33 3 12 2 23 1 62 1 80 3 61 2 58 0 46 4 49 1 32 2 55 1 65 0 51 4 15 0 80 2 83 1 84 3 28 2 78 1 71
8 1 2 4 2 3 54 3 55 1 13 1 62 4 48 1 65
52 3 2 0 28 1 2 1 6 2 35 2 56 4 80 0 81 2 6 3 98 0 76 3 99 2 9 1 9 3 51 3 41 1 97 1 31 4 36 2 2 2 92 1 75 2 25 1 47 3 13 3 15 4 69 1 43 0 59 2 2 4 46 1 25 4 60 4 26 0 6 0 24 1 2 4 19 1 72 2 86 3 80 3 21 0 66 2 13 4 18 2 67 0 45 2 46 0 34 4 35 0 45 3 87
19 0 22 2 69 0 90 3 10 4 20 4 45 3 27 1 39 0 88 1 65 4 17 1 67 3 83 1 99 0 7 0 71 3 70 4 52 2 97
