7 79
5386416 583548 2325052 8052166 8514071 5393574 8697451
44 1 45 3 41 0 47 3 46 6 10 0 8 1 43 5 79 1 10 5 35 4 74 4 8 3 14 4 53 3 89 4 89 6 58 0 90 1 81 0 44 4 85 6 43 5 98 1 70 2 82 2 59 0 48 6 19 2 25 5 16 4 91 3 56 0 33 2 29 3 21 0 61 1 26 0 91 2 81 3 61 5 18 4 13 0 11 2 13
85 0 24 5 71 5 30 1 50 4 44 0 81 0 14 5 72 5 32 0 45 1 4 4 43 4 1 5 64 4 15 0 94 1 64 6 70 5 31 1 19 0 1 3 44 0 99 0 12 6 69 0 30 0 58 4 21 2 28 2 85 6 60 1 31 4 50 6 74 0 19 0 61 1 36 6 100 0 84 6 50 3 50 4 38 1 76 6 40 6 18 1 5 4 82 2 14 0 50 2 80 2 85 6 88 2 1 2 31 2 52 6 82 3 76 3 64 6 12 0 24 2 100 0 99 0 34 5 68 3 54 0 24 0 60 6 62 0 14 4 2 1 92 3 65 3 89 4 88 4 43 6 45 0 74 6 31 1 41 4 47 1 93 4 33 1 61 1 56 3 41
55 0 9 2 9 5 85 2 25 2 68 4 84 0 58 1 47 5 86 3 57 6 50 4 51 0 78 2 67 2 94 4 4 1 46 3 88 1 61 2 89 6 9 2 29 0 83 0 79 4 59 3 39 0 54 1 64 1 24 4 74 3 26 6 98 5 69 3 36 5 48 5 4 5 45 2 55 5 72 2 74 1 54 5 45 6 72 3 84 6 79 2 93 3 6 2 10 0 91 4 79 0 3 1 32 6 39 0 39 2 28
19 6 98 4 64 4 18 5 65 5 71 2 7 1 63 3 52 5 29 3 35 6 41 4 51 3 81 0 23 3 90 5 12 3 13 5 20 4 17
42 5 82 2 59 1 65 2 74 1 82 5 79 4 13 1 27 6 23 6 19 4 27 2 56 0 56 3 40 5 91 2 7 6 13 5 54 6 70 3 24 4 50 2 75 4 78 0 60 1 40 3 38 6 97 3 22 5 17 4 28 0 76 0 94 4 14 6 35 4 77 1 68 1 57 4 87 6 19 1 9 5 86 3 73
79 5 20 3 88 5 61 1 37 0 71 4 69 1 22 4 1 1 6 5 97 0 53 3 44 4 35 5 88 4 68 3 90 1 20 5 65 5 91 1 56 6 25 0 26 4 37 5 84 5 76 2 68 5 59 3 93 4 23 1 84 4 77 1 5 1 81 2 30 4 98 0 98 3 36 5 12 5 46 5 61 0 77 1 85 6 53 6 79 1 21 3 11 0 35 6 100 0 90 4 51 2 32 2 96 3 18 1 20 0 15 5 20 6 12 4 51 4 63 2 53 5 2 5 80 2 12 1 1 4 78 0 18 6 40 3 58 1 72 6 23 3 10 2 31 0 80 4 35 2 19 5 91 3 47 2 42 5 87
11 5 95 3 41 4 21 1 73 1 61 1 45 3 6 6 61 0 56 6 89 5 39
79 4 69 3 18 5 97 1 35 5 78 4 75 4 94 2 75 4 34 3 3 6 24 0 67 6 21 0 54 0 71 4 21 2 49 6 60 0 98 4 17 3 72 4 11 5 11 0 21 5 66 5 81 4 59 0 83 4 39 4 62 5 32 1 7 6 50 6 98 2 53 2 49 5 46 1 68 0 41 1 92 5 18 6 34 4 4 1 88 2 77 0 10 1 56 3 62 5 56 3 11 2 55 2 22 0 76 3 16 6 4 2 84 5 34 3 66 2 46 3 4 6 58 1 21 2 16 5 45 0 17 6 19 4 39 0 11 6 17 4 31 6 50 6 36 6 58 5 11 1 8 3 9 1 5 0 38 0 24
44 3 55 2 46 6 100 1 87 1 29 0 14 4 90 0 29 0 21 6 19 0 11 2 3 2 42 4 89 4 98 0 98 1 18 6 5 2 15 2 80 0 19 0 19 0 50 4 83 2 17 0 32 1 66 5 15 1 66 5 75 1 90 3 75 1 34 2 54 1 70 3 27 3 33 4 91 6 63 1 81 4 4 3 88 1 40 4 57
28 0 93 6 47 6 39 4 10 5 18 2 14 0 35 3 16 2 89 2 81 0 23 1 85 4 75 5 89 3 29 3 6 1 19 0 41 6 96 4 74 4 1 0 34 6 16 6 23 0 54 3 12 6 64 5 1
92 4 49 5 60 5 93 0 78 6 42 6 34 6 28 6 30 6 29 4 65 1 56 1 17 0 2 0 23 0 15 2 22 4 54 6 94 0 76 1 77 2 43 4 89 0 75 5 86 5 58 5 1 2 78 2 30 5 41 6 2 5 96 1 38 6 38 6 16 0 43 0 80 6 80 5 83 5 75 5 18 0 21 5 30 4 73 1 78 6 63 1 34 0 57 1 64 2 9 2 39 3 80 4 76 1 17 3 49 0 45 3 96 6 44 0 57 1 57 4 82 2 100 3 7 3 80 6 32 4 76 3 26 2 14 6 48 3 27 3 33 4 8 0 32 0 69 5 7 2 10 1 9 3 60 3 65 6 20 3 37 5 5 1 77 4 29 1 13 1 14 0 79 6 22 6 7 3 84 0 37 6 99 0 35
53 0 51 2 2 5 42 1 41 4 37 1 99 6 57 4 54 1 78 3 29 5 93 4 34 1 100 6 43 4 75 3 60 4 61 1 20 2 55 2 36 1 95 6 91 3 7 6 99 2 22 3 57 4 21 6 51 2 22 0 92 1 54 1 77 4 14 6 9 1 70 3 39 4 87 0 13 6 90 4 63 2 63 3 14 0 87 6 81 4 56 0 79 4 31 5 77 4 3 4 64 3 85 2 18 5 33
52 5 26 4 80 6 99 1 28 3 46 4 42 4 20 3 60 0 17 2 52 3 28 6 93 0 9 4 31 5 61 5 66 3 29 2 6 5 26 3 33 0 60 5 84 2 92 2 49 1 33 1 45 2 56 4 5 4 82 1 42 3 11 1 90 3 26 4 64 0 60 1 42 4 10 1 91 3 77 0 46 1 100 6 36 0 32 1 98 0 5 2 90 3 83 6 9 3 23 3 85 6 63 1 93
69 3 37 4 30 5 47 3 45 4 4 1 24 4 33 2 28 6 17 5 95 4 55 0 67 0 64 5 95 2 98 4 26 2 87 6 13 5 45 3 65 2 95 4 83 4 16 2 97 4 54 1 72 6 41 3 47 6 2 5 16 6 4 3 23 5 50 0 30 6 65 4 94 6 72 0 19 5 27 1 15 4 23 1 75 3 90 5 75 1 67 4 97 1 44 6 95 1 93 4 35 4 21 2 11 3 99 1 54 4 24 5 59 1 45 0 78 3 15 0 90 6 80 4 75 0 92 0 32 4 73 2 6 5 36 5 54 4 94
89 5 69 0 32 5 20 0 38 5 54 5 73 6 71 6 62 0 51 0 25 4 81 0 18 5 66 1 78 0 19 0 41 2 92 6 60 6 58 5 7 0 77 6 21 0 22 1 87 5 54 1 52 3 46 3 68 1 56 4 61 1 16 3 60 5 52 3 65 6 18 4 10 0 55 5 20 6 95 4 5 5 1 5 24 3 96 3 48 2 24 4 15 1 92 3 30 3 60 0 25 3 43 2 14 2 57 0 3 6 93 5 12 3 56 5 18 3 12 1 93 5 60 2 24 6 12 2 29 1 4 2 31 2 34 3 29 0 57 0 15 2 29 2 1 4 63 4 90 0 90 1 94 4 3 6 53 0 65 3 90 5 62 2 33 5 15 1 4 0 70 4 74 1 87 0 92 4 14
73 4 80 5 3 3 65 5 75 4 59 4 76 6 48 5 77 5 87 6 1 1 94 2 87 1 77 0 24 1 40 2 70 4 44 4 76 5 86 5 61 1 70 1 12 1 61 2 9 5 3 3 74 6 85 5 70 1 65 4 69 4 97 1 30 1 70 2 45 3 43 2 73 6 62 2 83 5 74 1 84 2 10 2 58 5 18 1 37 5 67 6 4 1 1 4 97 2 45 1 6 2 6 5 96 5 98 2 35 5 19 0 44 6 4 2 57 3 28 4 48 5 28 5 42 1 77 6 39 0 19 2 92 5 71 3 11 6 28 5 49 2 61 3 37 4 85
90 2 3 4 83 2 79 6 35 1 13 4 28 5 13 5 16 0 21 0 34 6 71 3 83 5 6 6 5 1 49 3 41 6 12 2 56 3 83 3 11 3 89 5 91 2 51 2 59 4 58 0 90 6 67 1 19 2 29 5 87 4 90 1 95 4 83 6 6 0 78 3 55 1 58 1 50 3 72 6 72 6 13 6 35 6 62 5 61 5 35 6 69 0 38 1 70 5 8 1 32 4 22 1 95 3 9 6 30 4 95 6 71 2 81 3 53 3 62 3 70 0 35 3 86 5 37 0 75 2 98 0 75 0 93 5 44 2 14 2 3 1 97 2 64 6 92 5 4 3 22 1 29 0 22 6 74 4 50 0 2 1 12 1 19 1 19 3 78 2 97 5 69 6 52 3 89 0 89 2 59
59 1 28 2 81 5 29 6 58 6 30 4 7 4 25 0 96 0 88 0 34 3 75 0 84 5 91 3 45 2 54 5 36 3 20 4 41 4 57 3 60 5 92 5 65 5 36 6 67 5 42 0 15 4 78 3 16 0 80 3 86 6 74 6 63 2 6 1 94 2 8 5 80 1 14 2 4 1 94 5 19 3 54 0 12 0 64 2 87 4 23 5 30 6 63 1 62 3 81 1 83 6 2 3 83 1 62 4 30 5 1 6 46 5 59 4 38 3 75
64 0 49 1 18 6 43 6 63 3 3 3 33 4 35 2 2 5 31 3 94 5 65 4 63 5 67 0 6 5 94 3 24 2 7 3 48 1 97 0 29 4 3 5 91 6 52 3 85 3 71 6 66 2 25 2 53 6 57 1 68 5 71 6 18 5 86 3 37 6 73 0 82 3 32 6 26 0 99 5 35 2 60 0 76 0 46 3 26 6 55 5 58 4 80 0 74 2 26 2 60 0 58 1 35 5 53 3 55 0 65 0 3 4 64 2 8 6 41 5 15 4 89 5 56 5 68 1 20
55 5 82 5 36 4 10 4 19 0 60 5 90 1 63 2 67 2 52 6 6 2 81 2 61 2 72 5 88 2 26 4 75 3 12 3 79 0 11 4 32 3 30 1 67 4 78 5 41 1 76 6 74 2 5 4 63 5 80 0 57 2 50 2 50 5 4 0 84 3 22 3 13 4 60 1 77 2 27 3 11 5 16 5 22 6 12 4 55 5 45 4 99 2 98 6 61 0 31 6 37 5 52 6 37 5 96 4 22 1 76
98 3 18 4 23 2 73 6 64 5 47 2 69 3 63 0 79 5 49 6 29 4 89 5 59 0 48 4 86 2 56 5 64 3 37 5 52 1 59 6 24 1 76 1 18 1 86 6 27 2 94 0 31 1 68 4 40 0 81 0 93 1 38 4 69 0 16 5 9 0 42 1 96 6 29 6 53 2 38 4 45 5 88 5 76 2 68 0 47 0 89 0 6 3 29 6 62 6 82 3 39 3 82 0 37 0 95 0 64 0 31 3 16 3 62 0 40 4 53 5 83 4 7 0 74 4 65 6 74 6 25 6 58 6 23 5 100 2 90 6 76 3 75 3 98 1 38 3 64 1 83 1 41 6 41 6 70 4 58 2 58 2 22 5 73 4 96 1 60 3 23 4 15 3 40 1 69 2 50 3 91 4 64 2 57 0 39 3 28 5 36 2 42 1 26 6 99
4 5 22 1 2 6 69 5 96
60 6 77 3 49 5 72 5 61 1 14 3 50 1 45 5 32 5 57 1 52 6 9 2 60 0 87 6 44 1 67 5 68 5 16 5 12 4 78 6 37 1 49 6 17 4 29 3 1 6 81 6 7 6 6 6 82 3 24 6 81 0 33 0 10 5 85 5 87 2 74 0 99 4 87 0 64 3 83 5 50 3 8 3 81 4 34 0 11 2 26 5 14 5 26 6 81 5 78 3 21 2 42 3 40 2 4 6 41 6 82 4 99 4 14 6 50 3 93 3 20
88 2 86 3 39 5 98 5 31 1 64 3 86 5 59 1 60 5 10 2 32 4 42 3 38 6 31 0 3 6 33 6 86 1 72 6 11 2 11 4 51 0 60 4 7 3 82 3 13 4 88 1 84 6 70 6 69 1 56 3 45 1 68 1 88 3 22 2 73 6 20 2 90 4 59 0 12 2 1 4 47 5 65 0 97 0 37 2 6 0 61 3 17 1 98 6 39 6 55 4 27 1 91 2 8 1 25 2 5 3 95 4 36 2 32 2 84 0 89 3 64 0 87 6 95 3 44 3 53 2 19 1 90 0 64 4 94 5 38 2 98 1 57 0 74 6 64 2 5 1 28 2 94 5 57 0 10 4 64 1 39 2 83 2 22 6 100 3 80 6 7 2 22 0 86 2 24
6 6 43 2 100 0 24 4 92 2 68 4 77
51 0 39 3 83 2 78 6 97 1 47 0 32 1 78 4 42 6 6 3 77 1 50 4 64 6 90 0 22 2 3 2 9 2 44 3 19 3 60 2 77 4 65 2 36 3 43 0 11 1 87 2 81 3 48 6 24 2 21 1 97 0 9 2 100 2 7 3 95 0 85 5 22 1 83 6 68 1 2 6 59 5 5 3 53 1 30 1 45 4 31 1 31 4 41 3 25 4 69 6 17 6 9
48 0 45 0 53 1 46 4 3 0 41 6 18 4 47 6 63 0 7 4 80 6 94 2 90 2 76 5 23 2 89 5 48 4 53 2 96 1 90 6 16 1 73 1 46 0 15 4 95 2 10 0 93 4 95 4 49 0 81 5 7 5 70 6 30 0 59 5 9 0 16 6 36 4 72 6 14 1 21 5 19 4 45 4 42 2 60 1 79 6 10 5 48 2 29 3 2
71 2 23 4 31 0 91 6 41 2 41 6 99 5 15 1 11 0 64 2 83 6 46 3 40 3 80 4 61 3 6 0 22 0 81 6 6 0 51 6 81 1 99 5 17 6 100 1 71 4 12 5 96 1 85 2 69 3 89 0 90 6 43 3 33 3 79 4 48 3 93 5 46 6 85 4 74 0 41 6 30 0 19 2 99 5 46 1 48 5 31 1 38 4 25 0 17 1 48 4 95 4 82 3 36 6 30 5 60 3 78 1 62 1 40 0 33 4 22 5 43 0 31 1 47 5 44 3 19 0 94 6 77 6 21 1 40 4 55 5 4 0 18
58 1 48 4 6 5 51 1 24 3 4 0 22 5 2 0 100 5 67 3 58 3 76 4 46 4 55 6 29 3 77 0 42 1 86 3 98 4 14 6 7 0 93 1 6 2 100 5 26 1 89 3 82 3 3 4 65 1 32 5 64 4 43 4 45 1 69 0 62 4 73 5 90 4 69 4 51 0 36 1 79 4 13 4 84 1 57 4 90 0 69 0 86 0 81 5 21 4 51 6 89 6 6 3 76 6 37 0 99 6 94 4 60 3 56 4 6
49 0 21 5 29 4 39 3 84 1 40 5 8 1 58 5 41 4 42 0 74 3 31 6 46 3 86 5 49 5 74 0 37 5 39 6 71 2 56 5 16 1 38 6 73 1 89 6 94 2 83 0 48 5 44 6 52 1 57 5 27 2 68 3 72 4 26 6 34 2 62 3 67 6 96 1 20 1 89 3 54 6 87 0 78 1 97 0 93 6 17 3 58 3 3 6 69 5 55
11 0 35 4 19 2 3 0 45 0 94 4 43 5 66 3 24 2 34 5 36 0 51
81 6 15 0 30 4 62 2 81 0 15 0 67 2 41 1 26 1 40 2 39 6 84 4 54 0 85 6 17 5 84 3 32 4 72 4 50 1 60 2 65 4 65 3 94 4 69 6 58 3 28 1 84 1 30 0 47 0 39 5 52 1 97 1 5 3 53 4 21 2 13 1 51 5 54 4 70 0 29 2 2 1 43 6 30 0 95 5 45 6 81 5 98 2 8 0 67 6 83 6 1 3 9 0 63 0 56 2 10 6 97 2 29 3 88 6 71 3 88 2 60 2 89 4 71 5 47 3 23 4 94 3 81 1 53 1 25 2 20 2 36 2 42 4 82 2 14 4 55 2 28 2 25 2 10 3 16 4 97 0 10 1 12
54 2 98 6 45 4 47 1 41 6 66 3 75 4 58 3 34 0 28 0 61 3 3 0 63 5 46 5 63 4 59 0 46 4 54 5 94 0 29 0 45 0 45 0 68 1 68 3 5 0 17 1 40 5 9 2 22 6 74 3 26 3 55 2 53 6 33 1 97 1 10 6 38 0 57 0 17 4 96 0 28 3 54 1 70 2 69 5 14 6 75 1 21 6 79 5 19 0 40 5 35 0 66 1 18 6 44 1 99
30 5 32 3 99 1 32 5 30 6 95 2 23 2 85 1 30 5 18 4 3 5 41 1 65 0 11 0 39 1 67 4 87 1 3 6 6 4 75 0 22 6 51 3 2 2 51 4 58 3 95 1 56 1 77 3 66 4 75 2 2
51 1 62 6 70 3 97 2 66 3 12 2 56 0 71 6 32 6 89 4 69 0 3 3 35 1 22 1 68 5 71 0 13 6 67 5 42 2 23 4 64 3 82 5 58 5 77 3 81 2 56 2 4 4 21 0 60 6 40 1 20 6 24 1 52 4 23 2 55 1 80 4 33 4 57 4 12 1 35 4 27 0 15 1 7 3 45 0 81 4 45 3 53 0 3 3 84 2 91 6 69 2 46
29 2 10 5 25 2 9 4 70 3 82 3 69 5 41 5 33 1 32 2 82 3 79 0 92 5 19 0 37 5 86 0 44 4 67 0 52 3 61 5 78 0 47 1 86 2 70 3 24 6 84 4 33 5 17 1 34 6 78
83 5 58 5 1 4 80 1 69 0 5 0 56 5 40 6 62 4 7 1 62 5 89 0 49 2 34 4 69 4 94 6 71 4 95 6 54 0 12 1 51 2 35 5 15 3 83 1 98 6 55 0 37 0 11 6 61 5 82 4 9 5 6 0 24 6 70 3 87 0 78 5 50 4 15 1 28 3 54 5 64 1 83 6 37 3 81 4 9 0 88 5 48 6 100 4 31 1 64 4 72 2 5 5 36 1 48 1 60 2 42 2 71 3 15 6 47 3 48 2 19 1 76 6 30 6 21 2 71 0 31 0 29 5 38 0 72 5 29 5 53 3 42 6 37 1 29 3 3 2 88 1 47 3 10 6 51 1 90 6 89 3 45 3 98 0 14
43 5 63 0 28 6 54 6 64 3 7 3 12 0 23 0 12 4 24 3 28 0 47 2 58 5 12 6 52 4 17 4 85 0 80 6 47 3 10 5 38 3 72 0 68 1 86 0 65 6 100 5 24 3 2 6 70 1 84 6 30 6 90 6 58 6 40 0 9 5 33 2 33 2 87 6 21 2 55 0 37 6 78 6 8 0 54
87 4 48 1 54 6 76 2 82 1 91 5 60 5 24 0 49 4 65 4 84 2 50 3 21 2 39 2 18 0 94 3 25 4 51 0 87 2 21 2 34 2 58 1 33 4 8 1 11 3 22 2 13 0 92 2 47 1 62 5 19 3 75 5 1 5 93 3 47 4 43 6 5 2 1 1 46 6 51 4 99 4 63 4 29 2 62 3 5 6 70 3 63 6 51 2 42 2 56 1 67 1 22 4 24 6 80 2 12 6 21 3 74 1 3 0 70 4 9 1 57 3 56 0 78 6 50 1 26 4 52 4 63 5 87 0 54 0 20 5 50 1 98 0 88 1 53 2 15 0 17 5 80 4 15 6 94 1 12 1 36 3 29 0 100 5 72 1 33 0 3 0 27 2 75
99 1 30 1 55 5 32 5 34 0 58 0 5 3 29 6 54 1 43 5 91 4 28 4 32 3 51 3 54 5 53 4 57 3 97 0 58 5 76 2 84 5 100 4 89 5 41 3 84 5 81 5 30 2 46 3 87 1 14 0 92 1 23 3 53 6 34 3 29 0 69 2 80 3 12 1 42 5 56 2 59 1 40 5 42 0 10 1 26 0 29 2 44 0 71 3 45 0 83 5 29 1 70 6 33 5 92 6 30 6 6 6 98 4 90 3 41 4 89 2 83 0 24 6 17 6 6 5 19 2 25 0 4 3 45 5 85 0 66 5 8 0 85 6 95 3 72 2 4 4 68 1 61 1 87 0 48 4 70 3 29 1 36 0 25 5 51 2 19 0 74 6 92 5 75 3 78 2 28 1 62 5 68 2 80 0 94 0 68 5 44 6 22 2 73 4 15 1 1
16 4 63 3 69 3 44 3 91 4 57 3 81 4 89 0 29 4 46 6 45 1 34 0 31 0 83 6 71 2 83 1 7
50 6 99 1 69 2 86 2 51 5 40 5 74 3 82 5 18 1 91 2 43 0 10 2 24 4 6 3 38 6 3 6 84 0 74 1 32 4 41 4 80 5 71 0 72 6 93 3 27 1 35 5 13 3 42 1 68 2 10 1 81 4 75 2 21 5 61 1 86 0 1 1 19 5 25 6 68 0 62 4 41 5 44 6 73 2 58 6 46 6 2 1 93 4 16 6 5 4 74 5 82
45 2 61 4 89 2 53 6 92 4 76 1 25 2 52 0 99 2 95 6 45 1 60 3 89 6 30 6 81 3 62 5 68 6 51 3 62 6 34 6 51 6 24 6 18 2 70 0 68 6 23 2 75 4 96 2 100 3 11 5 21 5 56 3 88 4 36 5 85 5 12 3 85 5 14 4 80 2 74 5 57 2 42 0 43 6 74 6 91 6 9
66 6 69 5 9 3 76 4 63 0 72 3 13 2 28 2 90 4 85 5 55 0 60 5 55 3 86 4 61 6 15 2 5 4 21 0 45 0 90 0 90 3 57 5 54 2 86 1 51 0 17 5 57 3 44 4 34 4 68 2 1 5 39 2 25 1 31 1 76 6 11 2 4 5 63 1 37 6 66 0 37 6 9 5 77 2 49 2 19 4 68 5 65 1 40 3 95 4 51 2 71 3 45 3 99 2 67 3 39 5 3 5 60 6 2 0 20 1 49 6 85 5 37 2 51 5 36 5 62 4 44 2 33
61 3 81 5 32 3 5 5 46 0 82 6 42 1 53 1 92 2 27 1 63 2 80 3 43 5 8 3 49 1 78 3 37 1 15 0 55 1 48 0 78 4 23 5 45 5 20 5 86 3 53 3 52 4 61 0 56 5 22 4 26 0 59 2 66 6 49 4 67 2 20 6 86 4 46 3 100 2 57 1 93 0 61 2 40 1 85 0 16 2 82 5 24 4 30 4 5 0 42 2 79 1 20 5 34 3 73 1 100 0 47 6 10 2 19 1 19 6 73 6 98 4 9
12 5 23 2 30 0 16 0 98 1 86 0 73 1 67 0 27 2 69 0 46 0 88 2 17
37 6 31 2 23 2 70 6 30 4 3 2 60 3 93 5 81 0 49 2 12 0 74 2 91 2 32 0 41 5 94 5 98 0 29 3 49 6 69 5 24 0 57 2 68 1 32 2 72 3 31 3 100 4 42 4 33 2 15 5 30 2 83 4 59 3 32 0 79 1 24 2 23 3 26
84 4 25 1 34 1 71 3 10 5 70 2 70 6 59 4 2 6 90 4 69 6 59 2 42 4 42 0 58 0 71 5 56 4 17 5 54 4 73 1 33 3 89 1 52 0 1 5 51 3 81 3 75 6 11 1 85 6 92 5 32 6 36 0 17 4 46 5 49 4 10 0 44 2 81 1 55 5 89 5 13 3 88 5 1 2 27 1 27 6 9 5 79 0 87 2 48 5 51 4 89 1 50 3 20 0 72 2 58 5 64 3 46 5 88 0 14 1 45 5 67 6 57 5 35 6 10 6 64 2 98 5 82 5 54 0 98 3 97 4 94 3 25 5 57 0 39 2 41 1 86 6 2 3 91 1 15 0 11 4 99 0 48 5 53 1 10 0 66
76 1 60 2 36 0 32 5 68 6 86 6 81 4 1 1 36 3 32 2 35 4 72 6 54 5 36 1 77 0 45 3 65 4 13 5 61 3 15 6 52 2 85 1 75 3 27 3 9 5 43 2 26 1 83 4 63 3 75 0 93 3 25 2 97 0 3 3 68 6 85 2 28 5 29 3 90 1 18 6 7 1 18 1 13 2 35 0 21 0 4 5 3 1 28 5 38 6 15 1 41 5 89 6 96 3 71 6 14 0 85 4 82 3 69 4 50 2 41 4 65 6 32 2 11 6 82 6 62 3 74 0 40 4 48 4 54 2 14 0 22 2 38 5 86 4 70 3 99 5 42 3 54
91 6 70 5 24 6 91 0 61 6 93 1 77 4 57 4 77 3 75 0 46 0 78 1 87 0 65 5 97 2 99 2 95 2 87 4 51 5 79 0 10 4 15 2 45 2 99 5 16 3 94 5 75 1 12 5 81 0 69 3 77 1 44 4 41 2 42 5 62 6 12 0 21 3 17 5 21 1 94 6 6 1 93 0 95 5 66 2 99 2 68 5 27 3 19 1 90 3 37 5 73 2 26 2 61 2 15 1 43 3 100 2 97 4 28 3 20 4 72 4 47 1 16 6 41 3 3 4 16 3 79 1 50 3 79 4 8 1 1 5 77 5 43 2 97 4 34 4 33 1 81 0 19 3 59 5 28 0 4 2 91 3 37 4 80 6 83 1 69 6 63 3 19 5 41 5 52 4 89 1 53 5 49
94 2 76 6 66 6 73 0 23 2 98 6 45 2 60 1 91 5 35 2 81 5 16 4 77 2 94 1 91 0 40 0 23 4 79 2 30 5 42 1 4 0 37 2 19 5 72 3 16 1 16 0 61 0 11 3 86 0 46 1 60 3 4 0 4 1 83 0 23 3 13 0 42 0 50 2 47 5 70 6 1 5 84 1 9 5 9 2 83 1 1 4 21 2 1 0 24 5 66 1 27 1 11 2 65 4 6 2 61 6 39 4 89 0 18 2 53 4 47 6 53 5 59 5 64 3 43 6 53 0 34 3 57 1 30 0 66 6 40 6 97 3 39 3 46 1 1 2 41 3 18 0 58 3 31 3 60 5 90 1 18 5 47 6 91 0 19 5 35 1 86 2 63 3 64 1 58 5 87 4 42 2 36 4 67 4 81 5 9
90 0 81 5 79 6 94 5 32 6 69 6 60 5 31 4 17 2 59 1 50 6 93 0 51 6 56 4 68 1 41 2 40 0 49 5 85 4 100 5 5 6 36 1 55 4 23 2 91 2 73 3 57 3 40 3 47 5 44 0 71 0 3 6 39 3 59 2 25 0 86 3 64 5 46 0 96 3 87 1 62 6 64 1 3 4 98 6 48 2 71 0 15 1 1 0 81 3 62 5 65 5 75 6 59 6 93 3 12 5 8 5 51 0 3 6 45 6 53 5 84 4 59 3 98 2 5 3 43 0 21 0 19 3 14 1 54 5 95 1 17 5 78 1 28 4 75 6 15 4 11 1 4 0 32 0 11 6 38 4 20 6 82 3 69 2 68 3 3 0 52 1 5 2 74 1 3 0 48 4 48
69 2 15 3 56 3 23 1 49 0 48 0 3 2 26 5 74 3 20 3 98 5 95 3 41 0 12 5 61 2 27 4 68 3 15 4 23 2 87 2 94 6 85 0 17 2 5 5 21 5 42 4 95 2 86 6 82 5 30 4 20 4 32 3 72 5 92 3 3 4 45 3 40 2 84 3 86 1 73 5 59 6 11 2 37 3 28 0 41 5 79 6 62 6 90 6 34 5 18 3 79 3 20 3 64 0 93 4 63 4 85 0 58 6 75 0 59 5 54 5 85 1 11 0 17 4 19 0 39 2 77 4 57 0 47 2 55 6 80
82 2 47 1 13 6 57 5 32 5 68 5 51 0 45 5 70 5 42 5 66 6 24 0 29 2 8 6 83 0 50 3 78 2 90 6 98 0 48 6 77 3 62 4 82 6 94 2 52 6 36 4 7 1 97 0 41 4 46 5 79 0 93 2 78 4 13 0 93 6 77 3 59 3 52 1 43 3 99 2 76 0 99 3 82 2 56 4 44 6 77 2 70 5 91 5 37 0 79 5 64 1 2 5 29 4 73 0 66 1 74 0 40 5 68 5 88 0 71 6 90 4 11 2 91 5 47 3 2 6 98 4 32 5 10 3 37 5 64 0 54 0 62 1 57 4 50 2 24 0 76 2 29 4 70 4 29 1 15 4 94 3 53 6 79
96 0 12 5 89 4 13 6 3 0 27 4 65 6 69 6 45 0 17 4 95 3 45 4 45 5 81 6 20 5 46 5 54 0 62 6 16 2 2 2 71 4 6 1 96 0 32 1 66 1 73 3 54 5 34 3 11 3 95 2 65 3 39 6 15 0 96 1 36 5 3 3 82 5 85 4 46 4 30 3 48 6 19 2 47 4 87 1 97 1 47 6 55 5 87 6 70 1 3 3 78 2 66 6 77 2 7 1 80 5 38 1 8 3 9 5 71 4 96 6 45 3 85 0 83 6 24 2 26 4 68 4 55 3 53 6 81 6 11 5 65 3 47 0 60 3 14 4 22 1 100 3 32 2 24 0 65 2 40 6 85 2 71 1 32 6 81 0 31 4 60 2 91 2 70 6 84 2 61 1 97 4 22 0 17 0 58 3 42 2 29 4 79
100 1 52 5 21 2 38 6 15 4 32 6 99 0 71 5 61 1 71 1 83 1 9 1 90 1 93 0 57 1 30 4 5 1 60 0 54 4 36 2 6 6 27 1 18 0 28 6 59 4 3 1 63 3 35 2 11 0 40 5 81 5 100 4 65 5 98 6 47 1 45 5 25 5 45 4 94 6 19 6 35 1 43 0 63 6 12 1 49 1 70 0 28 2 43 4 10 4 51 0 6 0 34 3 19 6 27 1 62 2 99 3 35 4 67 0 6 0 47 5 12 4 96 0 74 0 38 4 32 1 68 6 17 6 86 0 71 4 95 4 8 5 69 4 49 5 35 4 62 0 20 4 16 2 90 3 74 2 18 6 95 3 5 2 13 3 93 0 1 6 72 6 64 1 75 4 6 0 24 5 54 4 72 0 78 0 72 2 78 1 18 3 59 0 58 2 67 2 73 1 9
63 0 75 1 77 2 72 0 19 2 35 5 21 1 8 6 76 2 95 3 54 0 75 0 15 5 66 6 48 2 59 0 50 4 56 5 88 2 98 3 62 2 13 6 53 4 62 1 7 3 58 6 85 4 65 5 74 0 56 6 43 5 88 6 82 5 49 5 78 4 66 1 32 0 16 4 14 1 20 2 8 2 33 1 6 5 26 0 98 4 100 2 63 5 1 3 72 1 95 2 65 0 5 0 13 1 64 0 90 2 57 4 23 4 72 3 28 3 26 2 45 2 60 5 75 4 21
72 1 1 3 93 4 30 1 27 0 80 4 58 5 83 3 35 2 79 5 7 6 1 0 72 3 31 2 46 2 81 0 100 6 53 6 7 1 100 4 79 2 4 6 12 0 96 3 90 3 74 4 1 2 45 1 82 6 57 2 17 2 69 0 41 3 8 0 19 5 64 1 96 0 57 2 12 3 5 4 16 6 87 4 91 6 73 2 62 0 9 0 26 5 23 3 16 3 2 3 51 5 97 1 83 2 81 6 73 3 43 4 11 5 27 5 66 0 68 5 94 2 33 0 52 6 39 6 28 0 59 6 63 4 77 0 16 1 21 2 81 0 70 4 74
26 2 39 3 86 2 1 0 76 1 87 4 72 2 71 4 44 5 34 0 3 5 34 3 69 6 80 4 60 4 96 0 16 6 58 6 12 5 52 5 60 3 58 2 30 0 69 5 73 6 48 4 27
75 3 75 5 34 6 94 5 36 2 25 6 51 3 14 5 34 5 39 0 42 5 21 3 99 4 33 2 78 2 52 6 1 4 32 6 38 0 59 0 75 0 72 5 86 2 76 3 53 0 100 2 81 2 34 4 41 5 64 0 59 0 99 3 63 1 1 5 99 2 53 2 78 5 1 4 18 3 62 4 23 6 6 3 76 6 75 2 30 5 19 2 3 5 6 1 27 4 70 6 37 1 61 5 44 0 89 6 39 2 94 4 68 1 82 6 66 3 5 6 23 6 96 0 67 0 89 1 11 1 90 6 99 3 56 0 4 1 75 3 78 2 58 1 81 5 56 0 9 0 93
5 3 44 6 52 6 41 1 37 2 40
32 3 4 3 51 5 13 3 29 2 23 1 7 0 73 4 94 3 75 5 82 0 3 5 55 5 43 5 47 5 78 1 49 3 88 5 50 4 99 4 74 1 73 3 77 0 6 4 57 0 74 2 78 6 46 3 89 4 91 3 73 6 86 3 44
15 0 28 3 85 1 7 3 88 2 19 2 52 3 87 1 90 2 1 1 35 6 98 2 4 3 34 0 5 0 8
52 4 94 5 73 4 97 1 62 3 56 2 22 2 4 0 34 2 21 6 96 1 4 1 5 1 89 0 12 0 71 5 69 3 36 1 74 1 36 1 64 2 87 4 31 2 6 6 18 0 3 4 52 4 94 2 91 4 10 0 24 3 64 4 35 3 32 3 33 0 1 0 11 1 25 0 66 1 95 6 72 4 80 2 24 6 14 4 39 6 12 3 16 4 32 1 82 2 78 6 36 2 73 6 85
82 4 93 1 90 5 85 3 8 4 72 0 98 3 61 4 25 5 60 4 27 4 87 5 29 4 94 2 50 2 84 0 37 5 5 3 78 6 15 5 57 6 50 0 67 0 34 3 9 0 1 4 23 1 29 1 2 2 81 2 60 3 6 2 66 1 98 5 84 0 55 3 85 2 94 5 83 4 22 0 87 2 57 3 1 5 96 1 38 0 100 2 15 3 33 4 50 3 96 0 87 2 90 3 17 1 52 1 27 5 19 5 3 5 32 1 33 5 21 4 13 0 25 4 87 5 80 3 22 6 41 0 37 2 69 1 56 1 67 3 71 6 54 4 34 4 64 5 10 6 47 3 86 0 34 3 70 0 59 4 19 0 93 2 98
1 4 5
89 1 47 6 59 2 18 4 16 2 99 1 11 1 47 5 25 4 59 1 67 0 3 1 70 4 80 2 31 0 68 6 45 5 42 6 14 2 36 2 56 5 49 5 29 6 50 0 95 5 15 2 73 3 46 0 45 3 32 4 90 0 74 5 10 2 77 4 22 0 32 1 27 4 97 1 21 3 22 3 43 6 37 1 56 6 28 5 74 4 21 5 44 4 65 5 28 4 18 5 26 2 29 5 76 2 79 6 11 5 80 3 64 3 34 2 91 6 54 2 80 0 65 4 42 2 5 3 86 2 15 5 44 3 25 6 41 0 16 4 64 6 96 3 27 2 78 1 2 4 98 6 92 0 99 1 35 2 77 0 7 5 55 1 1 3 49 5 98 4 9 0 22 3 68 1 42 1 35
2 2 52 0 95
49 6 26 5 18 2 49 3 49 2 58 2 59 3 85 5 96 2 14 6 39 0 42 6 87 0 59 4 24 6 73 3 72 2 56 6 30 5 59 0 4 1 74 5 100 4 39 3 14 3 13 1 35 6 44 0 83 1 45 3 65 3 11 4 26 3 33 2 61 3 52 6 7 6 20 2 73 4 55 1 1 6 66 2 80 0 54 2 66 1 26 6 14 6 17 5 77 3 90
22 6 94 1 75 0 54 3 5 2 18 4 11 4 74 6 52 2 25 4 53 6 1 4 14 6 34 0 75 3 86 4 36 3 100 4 48 5 77 0 76 4 25 6 92
38 2 2 3 96 3 48 4 42 1 19 3 14 2 80 2 27 1 12 1 6 3 29 3 36 5 46 1 41 3 61 5 80 2 46 4 57 1 86 5 41 0 17 1 85 0 59 2 81 6 55 6 34 5 24 5 33 1 33 6 65 0 86 2 43 3 33 0 40 5 58 6 10 1 71 1 8
84 4 33 5 12 6 88 6 59 4 4 4 58 2 92 2 44 0 7 4 31 3 39 4 19 5 36 6 68 6 97 3 77 6 89 2 72 1 6 2 98 1 75 0 46 3 40 4 90 6 5 4 11 5 23 2 99 0 63 2 64 4 23 5 6 0 16 3 97 2 5 6 27 3 99 1 7 1 34 3 52 4 56 2 91 4 99 3 45 4 7 6 39 2 25 1 8 2 67 1 45 2 99 2 57 5 67 6 69 4 27 6 67 0 54 1 47 4 58 6 85 4 13 4 24 1 8 3 11 2 42 0 17 3 14 3 14 2 12 5 20 6 2 4 6 0 55 0 90 0 8 2 42 2 35 1 98 6 67 6 43 6 9 4 60 6 67 5 51
79 2 44 1 62 4 67 4 39 3 39 0 57 3 50 1 39 0 5 0 89 6 36 4 13 0 92 3 71 6 53 4 62 1 39 2 76 1 16 2 63 5 66 2 85 3 75 0 45 3 94 2 14 5 86 4 6 2 73 6 48 6 68 1 68 4 88 0 72 4 38 6 73 0 45 3 36 2 57 5 98 0 73 6 48 5 28 1 87 1 88 5 93 3 90 0 80 5 58 4 84 3 80 5 85 0 53 3 28 2 38 3 85 3 87 5 96 3 63 6 65 5 87 0 23 0 32 4 91 2 32 1 6 3 97 4 22 6 26 0 90 2 55 3 19 3 6 4 32 2 61 1 89 3 63 2 39 4 73
59 5 5 5 79 5 64 2 73 2 56 5 6 2 29 4 90 0 63 1 99 6 6 0 9 4 16 3 65 4 5 0 65 1 28 3 54 0 85 3 72 1 79 3 18 5 46 4 64 1 56 6 42 0 13 5 49 4 34 5 55 1 41 2 89 4 100 4 14 5 32 6 15 6 46 2 78 1 62 6 19 6 33 1 13 2 29 3 24 4 61 3 65 2 97 3 45 0 21 6 41 2 18 0 62 2 36 2 33 3 88 3 59 2 3 5 37 3 12
87 3 76 0 95 6 54 6 12 2 80 0 84 1 47 5 68 1 95 4 39 4 58 6 55 6 77 4 93 3 64 4 39 6 92 0 58 3 41 2 41 4 3 3 46 1 59 2 33 6 66 1 97 4 17 4 83 6 27 5 36 6 77 5 3 0 50 0 71 5 93 1 43 5 100 3 55 6 70 1 59 5 79 2 66 1 90 3 59 5 97 6 99 1 73 0 81 0 91 5 19 6 75 5 15 5 94 4 5 4 36 3 40 0 64 0 38 2 33 0 70 0 9 0 12 2 91 5 96 5 17 1 27 0 100 5 50 0 65 2 15 2 33 3 23 0 94 4 50 1 77 1 100 2 88 0 44 3 92 3 70 3 68 4 55 1 2 5 82 5 16 0 86 4 71
10 5 70 4 16 6 26 0 64 5 14 0 43 3 1 3 61 5 87 2 29
44 5 38 3 31 0 66 0 68 4 83 5 9 5 1 6 14 6 51 3 100 6 79 0 63 1 25 2 94 4 79 2 72 6 58 5 5 3 67 5 21 5 44 6 87 4 11 0 13 1 7 4 49 2 86 0 89 2 94 3 39 1 100 1 1 0 11 4 39 4 67 1 23 0 46 5 86 0 96 2 32 2 15 2 92 0 87 2 77
74 3 15 6 98 4 93 2 13 0 68 2 36 4 23 5 55 4 76 2 50 2 13 0 43 2 66 2 11 1 37 3 45 1 51 3 93 2 78 1 29 3 63 4 68 0 70 6 27 3 69 5 63 5 46 6 11 4 7 4 54 1 16 0 76 6 58 3 12 1 89 2 77 4 3 4 66 6 81 5 61 2 69 4 13 0 7 6 33 5 61 5 83 0 9 1 92 2 9 1 85 5 93 5 26 5 27 3 22 4 79 3 1 2 12 1 41 4 54 6 27 6 63 0 28 2 23 0 81 1 95 3 71 2 63 3 29 6 83 3 3 0 46 2 78 1 35 3 34
8 1 48 6 83 2 52 5 64 5 25 3 25 3 93 6 90
