6 90
8290433 5570192 1426709 4890594 36690 9485485
90 4 31 1 64 1 51 0 59 3 2 0 58 1 79 4 59 1 44 3 58 4 70 5 28 5 6 3 42 0 99 0 84 5 17 4 51 3 19 1 75 1 20 2 64 5 71 2 74 0 78 2 91 5 5 1 5 3 35 1 66 5 13 5 62 3 72 4 70 3 72 4 24 2 38 4 32 4 76 4 26 3 72 1 66 1 84 0 69 5 27 3 1 5 63 2 38 0 58 2 91 0 70 5 100 1 64 5 63 0 63 2 71 5 77 1 94 3 90 4 94 2 24 3 70 4 81 0 70 5 81 2 68 3 72 3 82 5 33 4 85 0 18 5 43 3 36 4 91 1 71 3 95 4 79 2 67 4 24 0 55 5 83 2 53 5 38 5 5 4 51 2 78 4 47 4 69 5 38 4 97
17 5 80 3 61 3 44 5 95 1 11 0 45 3 93 3 4 5 13 1 56 5 48 0 36 2 65 3 55 3 79 0 34 1 35
2 2 33 3 83
92 1 24 3 60 0 20 0 41 3 16 3 40 4 91 3 77 3 11 5 37 2 74 0 96 4 57 0 21 1 84 0 44 4 92 0 93 3 36 5 31 2 24 1 42 3 18 1 97 5 51 1 63 5 5 1 45 3 40 5 71 3 29 1 76 3 52 2 47 2 10 5 58 5 48 5 43 5 53 4 79 5 98 3 95 0 16 2 99 0 72 5 81 2 81 5 4 2 44 2 70 3 91 3 41 4 27 2 12 2 69 0 99 4 39 2 95 4 14 1 20 4 2 0 84 2 49 3 54 3 51 1 36 4 59 4 60 4 2 5 100 2 38 4 56 3 39 1 84 4 52 4 4 5 12 4 62 5 80 5 58 2 21 0 27 0 54 4 76 4 27 0 5 5 95 4 21 0 91 0 96 4 39 0 93
97 0 33 5 43 2 65 4 29 4 72 4 72 0 44 2 7 2 8 5 67 2 8 5 18 2 71 1 37 5 73 1 88 1 34 0 84 5 41 0 28 5 55 3 10 3 22 4 19 5 78 5 82 1 6 5 82 5 15 1 73 1 17 0 72 2 77 5 6 5 13 5 75 3 31 4 80 0 3 3 45 5 85 4 48 2 98 0 8 5 31 1 62 4 51 4 22 2 86 0 79 5 44 3 37 3 100 1 58 2 11 0 98 1 2 4 51 0 79 3 98 0 9 0 85 3 3 4 10 2 53 5 77 3 2 4 7 5 40 1 84 0 37 4 91 2 11 3 96 3 97 2 35 3 27 3 48 1 54 5 39 4 6 3 69 2 25 1 70 1 77 5 57 4 74 4 94 1 93 5 42 3 84 3 55 1 23 3 56 0 52 1 51 0 50
69 1 40 0 40 5 17 4 22 1 70 0 95 1 73 5 63 0 93 1 22 5 31 4 7 1 11 2 78 4 15 4 81 1 23 0 27 1 78 2 14 0 85 0 26 0 92 3 19 4 47 2 48 1 58 3 64 5 29 4 69 2 68 3 67 0 2 4 47 1 36 0 85 3 72 0 90 0 35 4 51 0 61 2 41 4 14 2 28 4 1 1 48 1 1 3 58 2 91 0 63 4 66 1 2 5 91 3 79 4 9 1 11 4 96 1 67 2 15 2 54 2 50 4 27 5 49 4 30 5 31 4 100 0 57 2 80 3 36
4 4 29 4 44 4 7 1 28
81 1 20 5 96 2 30 1 4 1 97 0 1 0 77 1 74 3 93 3 71 1 74 1 32 4 70 1 2 1 49 0 30 3 16 0 89 5 61 2 54 5 48 2 41 4 73 5 19 0 64 3 22 2 46 1 87 1 45 3 64 1 38 3 60 0 31 0 48 2 26 0 21 4 50 4 13 1 42 1 45 0 9 4 37 1 5 2 25 3 9 4 45 2 35 4 12 5 55 2 54 5 34 1 42 1 95 5 16 2 95 1 33 1 31 3 59 3 39 0 63 5 78 0 39 1 82 5 48 1 60 0 11 5 100 3 77 5 67 1 3 3 2 0 1 0 33 2 24 0 48 3 58 4 96 3 3 4 64 5 5 1 39
20 2 34 0 43 4 26 5 72 3 87 4 62 5 74 5 46 2 23 2 50 5 98 1 29 0 71 4 13 1 1 0 94 4 17 5 49 1 24 4 40
10 2 14 2 22 0 28 4 75 4 69 5 68 2 21 0 30 0 74 2 40
94 1 92 4 57 3 7 0 43 5 1 3 89 5 21 1 89 4 11 1 96 3 70 3 35 3 79 1 84 0 71 2 61 3 100 2 61 3 31 5 50 2 8 2 54 3 10 1 76 4 23 1 31 4 73 5 96 1 63 1 60 2 85 1 87 4 52 3 58 0 57 1 41 4 73 1 21 3 49 4 3 2 80 4 30 3 55 0 96 1 5 3 10 0 86 0 61 3 44 4 18 2 92 0 90 4 20 4 45 1 91 1 11 1 69 0 83 5 10 0 41 4 38 0 59 0 21 2 49 0 60 1 99 3 23 4 30 4 23 2 71 3 67 2 78 4 30 2 66 2 47 4 74 5 87 1 85 5 37 4 38 5 32 3 21 1 7 5 71 2 85 1 80 5 32 3 7 3 95 4 85 1 78 0 74 4 80 2 56
18 2 35 3 70 3 68 0 22 5 32 0 84 4 43 4 38 0 79 4 47 1 81 4 99 5 90 5 1 5 76 3 86 5 29 5 45
49 3 47 5 60 3 66 3 31 1 64 3 85 2 9 5 15 1 9 2 53 0 37 1 60 4 49 2 11 2 58 2 75 0 83 4 64 0 90 5 40 3 69 5 68 0 58 3 47 0 48 5 54 2 51 1 97 0 23 0 19 5 35 0 98 2 54 5 72 2 65 1 14 3 80 2 45 1 59 5 50 2 18 4 32 2 13 2 53 2 81 2 75 1 49 1 12 4 16
9 3 66 3 8 5 91 2 22 3 56 0 51 0 51 3 13 0 17
63 1 63 2 28 2 8 3 93 5 92 0 7 4 14 4 83 3 80 0 57 1 8 5 86 2 24 4 86 2 42 2 85 5 5 3 33 4 49 5 91 5 17 1 14 2 21 5 9 0 24 0 16 0 77 1 49 3 70 5 28 0 72 0 77 2 29 5 92 0 63 1 15 3 62 4 9 5 99 5 74 4 13 2 99 4 22 4 45 2 57 1 39 2 14 0 66 2 16 5 49 4 97 0 52 0 10 2 84 2 22 3 80 3 63 4 93 4 58 5 49 4 65 0 85 0 31
1 2 78
22 0 59 1 96 1 42 3 49 1 88 1 49 0 60 2 78 0 59 2 51 4 3 0 12 0 69 2 69 0 51 0 59 3 14 4 87 2 91 2 35 4 45 3 16
55 5 95 2 47 3 4 2 58 3 65 2 1 3 66 2 95 4 25 4 13 4 23 3 99 0 7 1 9 1 62 5 82 0 97 4 88 5 16 2 57 5 61 3 12 1 56 1 55 3 62 5 76 4 96 5 93 3 11 1 84 2 6 4 25 4 59 2 87 3 94 3 41 2 45 5 76 0 87 2 51 0 91 0 55 5 70 2 47 1 43 4 30 1 43 0 93 3 58 0 59 4 66 4 22 2 58 0 43 1 91
37 3 87 4 79 2 39 1 31 3 89 2 62 4 1 5 100 3 71 5 23 2 53 5 41 5 35 0 89 2 65 1 17 2 76 5 63 5 35 1 86 2 79 4 44 0 8 5 59 4 16 2 14 0 33 5 81 1 51 3 77 2 53 2 37 2 62 5 25 1 46 5 10 4 52
11 2 91 0 94 0 50 3 33 3 99 1 9 3 65 1 20 2 11 1 20 4 55
35 2 73 3 19 2 53 5 21 2 27 0 35 1 80 2 70 5 5 3 78 5 43 0 83 3 6 3 44 1 1 2 1 5 52 5 57 3 58 4 4 3 81 5 50 5 64 4 89 5 20 0 30 1 62 5 50 3 53 5 41 1 59 5 23 5 72 5 96 3 81
27 0 97 4 78 5 96 0 22 1 27 5 40 3 85 3 97 0 3 1 51 2 22 1 42 3 82 2 94 3 24 0 72 4 41 2 51 2 52 5 28 4 10 0 22 4 27 4 27 4 64 3 77 2 90
39 4 59 0 41 1 54 1 21 3 68 4 21 5 78 5 83 5 75 2 51 3 30 0 40 0 9 2 78 2 57 1 87 4 73 4 88 5 7 2 78 2 37 5 41 4 48 5 99 1 79 3 58 2 46 4 55 4 50 1 10 1 71 2 54 1 88 2 90 1 67 0 97 5 78 0 91 2 70
3 0 73 0 20 2 94
42 2 31 0 15 4 97 1 24 2 50 3 82 0 84 2 52 0 51 1 15 1 80 4 8 1 40 5 62 5 97 5 66 5 49 5 31 5 18 4 1 3 86 2 32 1 92 0 54 0 10 3 82 3 25 1 98 3 22 1 78 2 82 5 17 4 55 1 6 2 95 3 17 3 80 1 62 4 27 0 47 1 60 1 47
98 2 47 0 56 2 64 3 73 0 89 2 8 1 67 4 30 3 77 5 36 4 46 3 99 2 56 0 75 2 11 3 35 1 100 1 71 1 16 2 96 5 93 3 42 2 77 2 21 4 98 0 51 1 37 1 46 0 51 2 16 0 28 4 71 4 93 2 5 0 68 0 20 1 51 4 24 2 80 5 97 0 3 2 93 2 42 4 60 3 63 5 33 4 64 2 82 4 6 4 24 4 32 4 100 1 22 0 19 2 58 5 98 1 53 2 97 2 32 4 23 3 17 2 62 3 3 1 81 2 68 0 47 4 98 3 58 1 81 2 87 4 96 3 96 1 13 0 20 2 10 2 11 2 56 4 68 2 44 1 68 5 60 2 92 5 99 3 87 3 10 3 31 0 7 2 60 3 28 0 84 1 41 5 80 4 11 5 71 1 53 4 72 1 35 2 25
34 4 96 0 57 4 59 0 31 4 4 0 69 1 77 3 7 5 11 5 54 5 96 4 71 3 58 1 42 1 90 1 76 3 96 1 26 1 4 2 3 2 52 1 41 1 46 1 29 5 83 1 63 5 83 2 86 2 25 1 59 2 5 4 10 1 26 2 16
79 5 80 2 27 3 48 1 49 1 84 0 64 3 95 3 52 3 48 4 91 5 28 0 51 1 100 5 19 0 100 3 76 1 54 3 43 3 12 0 73 0 33 3 15 1 85 4 11 5 73 4 78 1 74 3 28 5 12 3 71 2 87 1 5 3 23 2 32 1 87 4 97 0 8 4 61 4 61 3 73 2 26 0 84 2 80 5 27 1 22 3 41 1 22 2 99 2 31 0 32 1 67 5 22 5 3 3 16 4 19 5 54 5 14 3 35 5 46 1 67 0 43 5 100 1 89 0 60 5 72 0 44 5 70 5 79 3 83 1 6 0 7 1 54 3 13 1 30 5 13 5 57 3 81 4 47 3 4
23 0 89 1 73 5 5 5 32 0 26 1 45 4 85 0 53 2 27 4 79 5 19 3 63 3 32 4 26 0 28 4 88 2 72 4 56 2 64 2 45 3 39 1 54 2 67
71 0 64 5 71 3 68 1 100 0 48 3 71 5 45 2 95 4 57 0 65 0 94 1 23 3 39 3 23 5 13 4 17 4 30 2 44 4 75 5 53 2 20 1 75 3 58 1 63 0 29 5 3 1 97 1 6 2 7 0 46 0 2 4 1 1 97 0 15 5 8 1 64 1 41 5 31 5 93 5 85 4 52 2 48 0 62 3 32 1 23 0 42 2 25 5 46 0 53 2 68 5 84 0 1 5 12 5 44 4 80 4 36 5 60 3 41 4 5 0 52 5 5 5 70 2 86 2 28 3 38 2 55 2 55 0 54 2 1 0 31 4 57
63 2 48 3 24 3 77 2 48 0 81 4 53 1 51 5 25 5 87 2 12 1 34 1 60 3 80 0 52 1 9 4 66 1 12 0 40 1 90 1 20 2 54 5 30 0 15 5 70 3 92 3 28 2 7 3 97 1 68 4 23 0 21 1 48 0 48 4 40 5 29 2 32 5 8 0 22 3 34 2 21 4 25 4 98 3 18 4 40 4 88 3 67 3 95 4 11 2 50 2 97 5 72 0 85 2 36 3 63 5 40 2 93 3 75 5 37 0 33 1 77 1 55 2 2 5 81
5 0 45 1 91 1 34 5 34 5 25
92 5 91 2 89 3 18 4 77 5 33 5 20 2 18 3 61 0 71 1 55 2 56 1 49 3 39 2 71 3 72 1 91 2 71 0 80 1 18 0 54 3 44 2 98 4 93 5 93 4 64 5 24 4 66 2 78 1 15 0 9 5 69 3 20 4 31 3 10 0 61 2 72 0 84 4 76 4 50 5 70 0 50 4 53 3 72 1 42 1 52 2 98 4 44 5 52 2 45 3 20 4 58 3 74 4 6 4 28 1 24 1 80 1 79 3 66 2 1 2 90 5 27 5 55 0 28 2 64 2 10 3 11 2 24 3 86 0 53 3 52 3 45 2 79 2 83 1 24 3 41 0 94 1 3 5 5 1 81 1 58 4 58 4 15 2 36 2 87 5 17 5 25 4 85 5 84 4 19 4 2 1 5 5 44
95 2 77 1 58 0 31 3 5 2 63 3 32 3 38 2 82 5 72 0 87 2 54 2 79 4 80 5 56 3 30 5 48 2 26 3 75 1 33 1 96 3 39 3 96 4 84 4 37 1 14 1 28 4 35 0 3 3 12 1 27 3 89 4 76 5 38 4 1 3 11 5 18 1 82 0 93 2 73 2 74 5 4 1 61 5 34 2 6 5 58 0 59 1 80 3 41 2 69 4 80 0 79 5 44 5 53 0 27 0 73 5 29 2 37 2 18 0 10 0 9 4 16 0 23 5 18 1 42 0 65 1 56 2 69 2 87 1 11 5 80 2 59 0 39 0 49 4 37 3 85 5 69 2 37 0 33 3 67 2 22 1 5 3 48 3 11 2 9 0 51 5 4 3 15 1 79 1 59 5 37 3 20 3 31 3 71 5 25 5 98
67 4 80 5 91 0 31 0 78 5 73 5 18 4 98 0 7 5 58 0 56 2 54 5 42 5 92 2 62 4 6 5 100 4 48 5 8 3 85 3 13 4 80 3 98 3 54 5 49 2 63 5 44 2 38 4 75 1 6 2 50 0 52 4 89 2 93 1 15 2 89 4 30 3 42 2 51 1 86 4 44 5 90 1 86 1 94 2 33 1 14 4 61 1 100 5 64 3 93 0 33 5 52 1 42 3 34 3 55 1 99 3 27 4 28 1 51 5 92 4 89 3 76 2 54 2 58 4 93 0 86 1 14 5 85
50 5 23 5 11 0 60 1 93 0 14 3 87 3 91 5 33 5 40 3 46 1 11 2 87 3 82 0 59 4 42 4 90 5 61 0 63 2 73 4 29 3 56 5 16 2 31 4 21 4 10 5 82 4 80 0 45 5 91 0 19 0 67 1 36 3 52 5 16 3 61 5 29 4 77 2 48 1 47 3 36 3 23 4 3 4 70 2 76 0 8 1 80 0 89 3 65 4 11 1 96
70 0 39 1 68 5 74 3 10 2 25 3 60 5 30 1 8 1 57 2 100 5 22 0 1 5 23 4 17 3 54 4 33 2 27 3 94 2 22 0 8 1 30 2 48 5 18 1 39 4 35 2 96 5 68 3 39 2 51 2 51 1 53 0 53 1 69 3 46 2 74 5 41 5 75 0 34 2 59 3 80 1 62 2 83 0 70 5 49 0 3 1 55 0 77 5 23 0 64 5 19 3 47 3 69 3 54 1 8 5 94 5 33 2 61 1 80 0 8 2 20 5 6 5 15 2 10 1 46 4 3 4 79 5 100 1 61 2 38 1 25
47 1 43 5 26 5 49 5 28 1 57 2 92 0 99 1 86 4 66 3 78 0 100 3 32 1 64 0 89 5 40 1 70 0 32 5 34 2 54 3 9 1 24 0 95 2 54 5 94 1 21 3 76 4 62 5 56 3 6 2 84 1 32 5 14 4 19 1 15 1 69 1 30 5 48 3 16 5 33 1 2 1 52 0 16 0 37 1 74 4 10 0 79 0 23
71 0 32 5 55 4 70 3 77 2 46 0 90 0 11 2 10 0 25 2 4 5 51 0 44 1 100 5 50 3 93 0 76 3 93 2 98 4 7 3 16 1 74 2 53 2 86 4 7 5 56 2 100 3 13 1 32 5 60 4 60 3 94 2 54 0 94 4 6 1 90 4 66 2 79 5 17 4 49 4 3 3 77 4 82 2 29 2 13 1 68 2 35 1 73 1 4 4 50 3 30 3 94 5 9 2 43 4 88 4 63 5 61 0 74 1 41 4 96 0 44 0 72 5 95 3 93 4 65 2 9 1 99 2 16 5 37 4 6 0 62 5 82
42 0 92 4 58 3 13 4 66 1 37 5 18 1 26 3 1 0 91 0 65 1 68 4 85 5 28 4 87 0 100 4 82 4 93 5 86 4 84 5 13 3 86 1 60 0 45 4 19 2 100 4 5 5 13 2 91 2 25 4 81 0 56 1 60 2 50 4 54 1 74 4 49 4 28 5 46 3 9 2 6 0 83 0 1
5 1 60 5 89 0 100 1 1 2 78
55 2 79 0 21 1 71 2 95 5 35 3 72 3 56 2 52 3 97 4 15 4 85 1 14 5 41 1 34 4 60 1 83 0 59 3 26 0 25 2 41 0 60 5 60 3 23 2 8 3 99 2 85 5 23 0 10 2 96 1 64 2 20 1 52 2 40 1 60 0 36 5 78 3 51 4 13 0 15 1 14 5 93 4 30 2 65 5 86 5 20 5 1 5 88 2 73 5 79 5 44 4 80 4 91 4 51 3 87 2 81
19 4 83 5 24 5 33 3 63 1 1 4 69 3 42 3 82 3 3 1 42 3 63 5 11 2 88 3 35 4 21 1 34 3 17 0 70 3 71
42 5 53 1 55 0 86 5 5 5 75 1 69 0 91 2 60 1 87 4 48 2 5 2 46 4 64 2 69 0 81 2 96 2 6 3 36 4 35 2 23 3 66 2 13 2 35 5 1 1 99 2 89 3 18 4 26 1 32 4 36 4 44 1 77 1 66 3 94 0 93 5 44 4 49 3 61 5 35 2 41 3 8 1 26
47 1 88 0 17 5 71 3 1 1 86 5 99 4 33 1 62 1 79 3 15 3 31 3 80 4 91 3 60 3 63 5 88 1 58 3 98 2 49 4 59 0 74 5 35 3 72 0 60 0 46 4 27 2 26 2 93 5 48 5 51 0 49 4 4 5 14 5 65 5 86 2 93 4 62 3 28 2 99 2 98 4 23 2 67 3 47 2 79 5 18 3 50 1 39
78 3 67 4 67 1 45 5 44 4 20 2 5 5 89 1 86 5 40 3 24 4 65 1 80 0 15 0 25 2 50 2 11 2 43 0 41 3 64 3 67 3 97 4 18 5 9 4 55 2 32 4 7 0 17 0 33 0 13 2 84 4 96 1 84 2 45 4 93 2 50 3 14 2 95 0 79 4 6 0 98 1 62 1 93 5 98 5 73 1 54 1 86 3 98 4 52 0 27 3 98 3 91 5 12 4 73 5 44 5 67 2 43 5 71 3 18 1 62 4 36 5 49 4 100 4 74 3 10 1 15 3 35 3 4 4 22 1 66 4 11 3 64 0 65 4 46 1 69 2 32 0 92 5 84 0 85
92 5 38 2 4 0 74 3 28 2 64 5 3 0 78 2 98 3 51 1 94 0 79 4 82 4 66 3 33 5 70 3 33 3 81 1 95 1 57 5 93 1 49 4 34 2 61 1 28 1 15 0 9 0 32 4 78 2 79 0 15 3 26 3 82 1 12 2 85 5 70 3 2 3 49 5 13 3 35 4 72 5 10 4 26 5 54 5 11 0 46 4 93 5 80 0 55 2 39 3 64 5 13 0 3 3 83 1 74 2 90 4 58 0 84 5 58 2 25 3 69 3 93 0 95 3 19 3 83 5 65 0 63 3 83 0 24 5 50 3 76 1 38 4 30 2 6 0 57 2 36 3 39 4 47 2 75 0 84 0 18 2 47 5 59 1 40 1 77 2 89 0 54 1 83 1 63 5 54 5 86 2 74 3 64
34 4 88 3 6 1 35 4 23 3 83 5 26 5 21 4 44 1 41 3 78 2 32 1 88 2 56 2 59 3 76 5 84 2 29 2 85 4 14 1 87 0 66 3 15 4 93 2 67 3 81 0 57 5 73 3 35 1 74 0 71 1 29 3 59 4 22 4 26
85 0 54 3 25 2 98 2 12 1 30 5 72 0 61 5 55 4 12 3 98 5 15 0 34 1 39 1 24 3 30 4 70 4 77 2 59 1 87 2 72 5 47 5 60 4 45 0 96 4 50 2 6 0 4 3 43 3 8 1 89 3 94 1 13 2 53 4 34 3 88 5 4 4 97 3 86 3 9 0 86 4 69 2 26 2 60 1 24 5 24 1 73 5 23 1 43 5 100 5 98 5 67 0 64 5 23 1 14 0 7 3 33 3 35 5 50 5 29 2 54 0 24 1 18 0 40 1 97 0 23 5 87 0 48 0 88 0 75 4 5 2 98 1 6 1 73 4 83 4 27 0 17 3 64 0 98 5 85 5 7 0 87 1 35 2 83 0 2 1 61
41 3 11 0 96 3 64 1 75 0 73 3 34 2 23 4 89 4 98 0 10 2 6 2 40 1 66 3 20 4 58 0 2 3 80 2 20 1 73 1 43 2 58 2 15 1 69 3 38 4 48 2 70 0 19 3 53 4 49 1 52 5 58 1 73 4 75 1 27 2 75 4 63 1 62 4 2 2 80 5 87 1 74
11 5 43 0 73 3 96 1 67 3 55 2 77 5 61 2 69 0 56 5 28 3 76
87 2 51 2 73 0 22 2 63 5 23 0 34 0 4 4 34 3 91 3 38 3 53 3 19 4 45 3 41 3 73 0 83 2 40 2 23 4 48 1 91 4 60 3 8 4 52 0 70 4 59 3 71 3 46 1 69 5 47 1 90 5 63 5 90 4 2 5 97 1 96 1 3 5 19 2 7 0 77 0 61 3 72 3 96 4 62 3 39 0 61 5 17 3 99 1 70 2 10 2 69 3 5 4 17 5 89 0 83 2 98 2 39 1 3 4 10 2 97 4 86 5 55 2 64 5 80 0 53 4 79 0 54 1 87 1 57 0 32 2 22 1 64 3 63 1 80 0 58 1 32 2 89 0 94 2 82 3 93 3 36 4 57 4 16 5 31 0 97 3 55 1 84 5 88
48 3 61 0 97 4 37 2 59 0 25 4 50 2 22 2 32 0 98 5 26 5 3 3 65 2 72 0 2 5 54 4 28 2 44 3 69 1 87 2 34 3 93 1 44 3 77 0 7 1 80 1 86 0 30 3 19 5 82 2 6 2 2 3 96 0 55 1 79 4 16 0 60 2 40 1 17 0 54 3 21 3 1 2 91 5 12 3 50 0 99 4 5 3 63 2 5
18 3 46 1 6 1 21 2 75 4 86 3 56 3 58 1 75 4 7 0 13 5 79 5 48 0 3 1 76 2 6 1 64 2 82 5 45
89 4 100 5 13 2 1 2 88 1 81 5 58 2 12 5 38 3 10 0 69 0 59 5 83 2 68 0 21 0 79 3 88 1 26 0 12 3 67 0 71 1 5 1 39 3 55 2 87 1 33 2 68 5 51 2 65 2 5 4 34 1 32 1 2 4 47 4 23 2 61 5 21 4 94 0 14 3 49 2 21 3 28 4 95 5 91 4 17 1 42 5 33 2 16 0 10 3 22 2 50 2 58 0 20 0 13 3 23 3 41 2 44 2 43 1 22 1 54 3 32 0 8 4 65 3 59 4 85 2 11 3 56 3 99 4 7 1 39 1 75 1 92 2 57 1 10 2 43 4 21 3 74 0 15 2 32 0 60 1 99 2 54 2 19 1 57 3 79 3 20 2 23 3 13 4 80 3 61
8 5 78 5 81 0 12 0 3 3 68 2 59 1 33 2 28
42 2 91 2 17 1 1 0 44 1 4 3 58 0 60 3 55 1 13 5 59 4 21 3 23 4 69 1 97 2 84 2 71 5 87 5 88 4 46 5 54 5 68 0 90 0 10 4 39 4 4 2 25 1 90 4 94 2 49 5 44 3 89 5 21 5 29 3 47 3 21 2 5 4 38 2 71 3 30 4 5 4 97 0 94
52 3 2 5 84 5 55 0 98 4 6 3 21 1 90 5 98 1 90 1 72 2 93 4 4 0 70 4 13 0 53 0 27 4 31 0 82 1 44 0 40 3 51 0 89 0 54 5 80 2 87 3 20 0 72 3 67 5 24 3 28 2 89 0 32 1 17 1 30 1 59 1 47 3 30 0 16 0 81 1 3 0 69 5 78 3 15 4 58 2 82 2 30 1 47 2 87 3 20 1 89 3 71 1 73
49 5 86 4 49 2 48 2 65 5 83 2 77 2 58 1 78 2 16 2 58 3 6 2 71 5 13 2 40 3 69 1 11 1 13 4 98 5 68 3 51 5 42 1 58 4 42 2 9 2 9 3 21 2 81 5 8 1 31 5 23 1 60 0 68 2 36 2 69 5 49 3 95 5 51 4 51 3 3 1 74 0 20 0 57 5 71 4 64 0 8 4 69 2 95 0 46 1 7
42 5 81 2 4 0 30 5 35 0 15 2 77 1 1 1 37 1 67 1 10 1 67 5 59 5 55 2 97 3 6 3 80 0 87 2 32 5 28 0 83 3 42 0 95 5 56 3 98 0 17 1 53 4 50 4 94 1 17 1 39 0 69 1 51 3 19 3 84 0 69 3 83 3 48 0 94 1 38 4 61 1 55 3 53
97 2 34 1 17 4 68 3 6 2 31 2 95 5 22 1 58 3 39 0 75 0 46 0 92 5 24 1 78 2 27 5 72 5 6 2 30 1 79 0 62 3 4 2 21 4 6 5 93 2 77 2 20 5 40 0 30 5 56 4 15 4 87 1 77 0 5 5 98 5 88 2 1 2 88 0 87 0 29 2 44 1 97 2 34 5 82 3 76 1 45 2 25 2 37 4 31 4 95 1 41 0 89 1 73 1 62 4 68 3 100 1 21 4 70 0 68 4 10 1 24 1 44 4 24 2 55 1 41 5 22 5 16 0 88 0 40 3 68 4 78 2 74 4 74 0 95 1 55 1 92 5 8 0 33 5 64 3 97 5 86 4 34 3 49 0 16 0 84 1 78 3 44 5 44 1 13 4 94 3 20 3 58 5 25 1 13 2 73 4 48 5 100 0 59
16 5 92 4 60 1 70 0 34 4 5 5 19 4 84 2 33 1 37 2 97 1 87 4 2 2 45 0 10 1 8 1 29
37 5 75 2 33 3 90 4 96 4 58 1 11 1 51 2 59 2 96 2 57 3 61 1 1 1 95 1 30 3 61 1 76 1 53 2 3 2 44 2 55 0 58 1 66 5 91 2 84 5 32 0 54 5 100 2 38 4 87 4 43 0 77 5 100 5 99 4 92 0 7 3 19 4 92
48 0 82 1 54 0 89 5 19 4 55 1 2 1 81 5 96 0 78 3 43 1 19 3 17 4 30 1 13 0 75 3 52 1 34 4 25 3 1 0 40 3 56 5 77 4 30 2 66 4 10 4 64 4 8 5 68 0 74 4 8 1 93 0 39 2 37 0 98 2 33 2 69 4 55 2 90 4 28 0 58 0 77 4 12 3 40 2 56 4 9 5 5 4 27 3 96
50 3 13 0 8 4 5 0 32 5 36 2 43 2 77 1 54 4 14 5 12 0 65 1 2 3 74 2 38 3 100 4 58 0 87 3 80 3 37 1 73 1 94 0 29 3 26 5 20 5 90 4 14 1 41 2 46 4 50 4 90 5 30 3 85 3 56 4 88 2 34 5 24 2 26 0 20 1 4 2 25 1 64 3 58 3 9 5 43 2 92 3 21 1 15 0 14 5 84 1 50
82 1 63 5 22 3 76 5 44 2 16 2 81 0 52 0 92 0 5 1 46 3 21 0 68 1 96 2 47 0 1 2 36 3 55 4 82 1 25 4 84 4 40 5 89 0 79 1 29 1 94 0 6 0 86 5 55 4 3 5 76 1 71 5 26 0 39 4 71 4 27 2 32 5 10 2 48 4 5 4 46 1 4 2 75 5 44 0 81 2 27 1 16 0 55 1 68 4 80 2 17 5 18 0 88 3 27 4 41 4 38 1 24 1 25 4 50 2 40 5 25 5 32 3 94 0 6 4 75 1 25 1 81 5 49 1 26 0 5 3 90 0 57 0 16 0 67 2 14 1 48 4 21 0 36 4 87 1 60 2 93 0 90 2 53
65 2 20 0 67 1 64 1 18 1 32 3 67 1 28 2 99 1 72 1 3 0 55 3 12 5 65 1 27 4 2 4 21 0 19 0 77 3 6 5 7 2 93 1 19 3 96 5 48 0 34 0 92 0 7 0 62 3 78 5 40 2 60 2 100 2 86 0 93 0 91 1 44 1 81 0 97 0 54 2 93 2 1 4 29 1 62 3 37 1 30 0 90 3 5 0 35 0 33 1 30 1 47 3 49 1 67 3 67 0 27 1 47 5 15 4 44 5 69 1 71 5 90 4 5 5 44 2 99 1 54
9 2 74 3 46 2 62 0 56 1 65 3 23 3 6 3 22 3 31
99 1 80 3 99 3 26 0 65 4 13 5 74 4 74 2 57 4 62 2 76 1 80 2 9 5 56 3 37 2 60 2 8 0 60 0 64 3 36 1 47 0 64 4 35 4 20 4 86 2 19 1 74 5 29 4 18 5 25 2 32 4 39 2 17 0 87 0 65 2 55 4 11 4 26 0 91 0 59 0 8 0 5 4 87 0 49 4 34 2 95 2 74 4 33 0 34 3 87 4 90 4 64 0 73 0 70 1 64 1 29 1 100 5 95 3 69 1 69 2 97 4 41 1 34 3 95 1 59 4 83 4 40 5 24 5 34 5 91 2 47 1 12 2 24 0 61 4 3 2 21 0 16 1 94 1 1 5 18 5 77 3 51 2 55 1 98 1 53 3 53 3 58 0 52 1 69 4 80 4 38 0 65 4 30 1 74 5 21 4 48 5 99 5 15 3 65 0 75
32 3 24 5 35 2 39 3 52 3 57 3 27 4 53 2 73 4 49 0 66 0 96 2 34 3 70 4 12 1 83 4 84 5 12 1 18 2 99 5 74 1 75 3 7 3 97 1 79 1 13 1 41 4 98 3 45 5 45 2 83 1 55 3 38
99 2 66 1 62 0 11 3 41 2 3 4 72 1 90 4 40 3 59 3 95 2 54 0 34 5 29 4 4 0 81 5 96 2 98 4 56 0 71 5 7 3 100 2 81 4 4 5 11 5 15 0 47 1 88 2 38 5 86 3 16 5 10 2 96 5 66 3 22 1 49 5 6 2 47 2 87 0 95 1 74 4 47 0 30 5 12 5 55 4 31 2 36 0 15 2 38 2 15 1 64 5 8 5 100 0 10 1 85 1 25 2 21 1 45 0 32 5 95 2 53 1 31 1 8 2 42 3 99 5 96 4 86 0 78 2 19 2 76 3 83 3 24 5 88 1 12 2 12 1 65 1 28 3 41 4 16 1 77 3 95 5 15 2 64 5 70 5 45 2 50 0 76 2 89 5 16 1 32 2 81 4 43 1 51 5 86 5 71 1 41 2 62 4 9 2 72 4 25
22 2 66 0 82 4 18 2 28 5 48 2 12 4 26 4 24 2 38 5 19 0 63 3 84 0 70 4 52 1 57 3 44 2 11 0 6 1 26 5 91 3 65 1 34
39 0 53 3 13 1 93 3 86 3 62 5 70 5 30 5 49 3 65 0 48 4 99 2 98 2 61 4 49 2 72 1 32 0 49 0 73 5 64 3 62 1 79 1 46 3 47 1 62 2 91 2 38 5 1 0 17 2 88 1 21 5 2 0 39 4 77 4 92 1 41 1 64 4 20 2 46 1 42
54 5 40 4 45 0 59 2 45 5 19 3 52 4 94 5 90 5 78 1 96 2 36 2 36 4 35 1 48 3 52 0 84 1 34 5 93 5 80 1 50 4 37 0 29 0 20 4 83 4 33 3 37 3 24 1 98 0 97 0 87 5 51 3 65 5 28 0 99 1 27 1 39 2 26 1 73 5 76 2 88 1 58 2 74 1 99 5 91 2 93 5 27 1 76 1 25 2 55 3 74 0 3 0 80 3 13 5 82
50 3 80 0 41 2 5 3 23 0 28 5 89 0 82 3 16 5 38 3 90 5 36 2 18 5 98 5 75 5 70 1 17 0 34 0 17 2 21 5 22 4 13 4 7 0 81 3 36 2 24 5 71 2 28 5 37 1 57 1 95 4 7 2 37 4 3 5 70 3 26 0 57 4 27 3 18 0 54 5 96 2 72 0 99 3 71 1 29 0 86 4 77 0 2 3 41 4 31 3 69
78 2 6 1 32 4 85 4 41 4 20 1 35 0 19 4 98 2 78 0 21 2 88 0 35 3 82 5 62 2 4 4 64 2 90 5 54 0 56 5 30 1 84 5 57 1 97 0 40 1 7 5 48 2 18 2 63 2 23 1 77 5 44 2 85 2 92 0 80 0 68 0 49 3 84 1 75 1 100 5 23 5 94 4 40 3 48 0 50 3 25 3 6 0 41 1 14 4 1 1 55 4 47 5 65 5 55 4 4 2 80 0 3 2 72 1 79 5 45 2 8 0 87 4 52 5 65 1 24 2 62 1 51 5 15 4 8 5 91 0 80 0 2 5 46 5 99 0 24 2 50 5 67 0 87 4 100
88 3 95 3 83 2 90 3 73 2 18 1 64 3 86 3 96 2 96 1 1 4 63 0 17 4 28 4 24 5 91 5 51 4 24 5 60 0 73 0 83 5 100 4 16 1 10 4 56 3 45 3 6 4 32 4 48 4 30 3 80 3 37 1 77 1 35 3 54 2 53 3 73 5 84 2 20 2 76 2 16 5 65 2 21 5 80 1 98 1 41 2 42 2 47 3 75 0 3 1 68 4 47 2 4 5 36 3 26 0 92 1 55 5 60 1 81 1 34 4 60 1 94 2 18 5 59 0 16 4 42 2 29 0 89 3 91 5 34 2 83 0 54 0 89 0 36 0 3 1 51 0 66 0 6 3 82 0 64 1 40 1 57 1 100 0 25 2 24 1 8 3 19 4 90 2 82
76 1 65 1 59 2 78 5 92 2 39 2 51 3 85 0 73 4 5 1 31 2 100 0 16 3 48 2 56 5 55 4 1 0 91 0 88 5 41 5 72 0 31 3 59 2 78 1 83 1 41 0 45 5 89 4 19 5 48 2 14 0 76 2 7 3 78 2 17 4 81 3 19 2 97 1 91 1 73 2 40 0 49 2 8 3 34 2 85 5 29 1 5 5 30 3 2 2 43 2 69 3 7 0 9 4 63 3 66 4 56 4 56 2 15 0 75 2 60 2 98 1 49 5 75 3 89 0 11 4 77 4 26 1 75 1 90 2 87 4 64 2 39 2 14 2 14 0 85 3 22 4 3
74 5 63 3 92 0 17 1 3 2 16 0 88 1 93 4 51 1 47 2 26 2 65 1 88 4 93 3 65 5 95 5 67 2 39 5 33 0 22 0 44 3 67 4 89 2 26 0 56 4 10 0 10 3 73 2 96 0 14 1 57 4 82 1 8 4 37 4 57 2 20 5 33 1 75 0 25 1 5 3 13 4 94 3 16 0 69 2 9 2 67 2 86 3 100 5 6 3 45 4 59 5 76 3 42 0 7 5 11 3 35 4 67 3 14 3 67 1 67 1 10 4 72 3 42 3 83 3 20 5 78 5 88 2 48 1 64 1 62 3 76 3 46 0 61 4 19 1 75
5 5 8 1 95 0 66 5 45 1 71
8 3 83 4 12 1 20 3 45 2 17 1 17 1 8 2 79
86 0 29 2 10 2 48 5 68 2 98 5 48 3 24 5 76 5 72 1 12 3 21 5 22 4 90 4 70 2 84 2 19 0 62 5 36 1 86 3 94 2 34 5 8 4 32 4 54 4 20 3 45 5 23 2 37 3 66 3 8 3 70 4 8 4 17 1 10 3 67 5 47 4 13 0 16 0 23 3 11 0 6 0 95 3 16 3 6 2 80 3 23 4 8 2 8 4 39 2 85 2 91 3 41 0 37 2 18 5 90 3 4 4 82 5 32 2 8 4 36 2 33 4 44 1 40 1 75 3 30 1 78 4 99 5 35 4 86 4 60 1 86 4 6 1 45 0 80 4 62 4 35 3 16 1 10 4 64 1 62 1 63 0 43 0 66 0 26 5 70 4 95
74 3 58 1 77 0 77 2 28 1 17 3 40 1 48 4 6 1 91 5 27 5 82 3 25 3 21 1 35 3 64 3 83 3 39 5 67 1 26 2 23 0 43 1 94 5 5 3 56 0 98 3 61 2 92 5 79 0 48 4 36 3 64 2 90 1 5 3 76 0 35 2 1 3 5 4 5 3 66 3 53 3 34 0 37 5 22 1 43 2 25 3 74 4 28 3 56 4 80 0 46 2 38 4 8 4 66 5 4 0 85 3 84 3 49 0 54 2 73 3 86 4 44 3 95 3 55 0 86 5 4 5 23 1 55 5 5 5 51 3 57 2 52 3 12 4 80 3 63
100 4 12 2 86 4 57 1 35 5 17 2 37 1 21 4 75 3 27 1 29 0 16 5 82 4 10 5 61 4 34 3 74 3 25 5 7 1 38 2 76 5 30 2 12 0 86 2 35 3 34 4 57 0 58 4 76 1 55 1 29 4 49 1 95 5 8 3 8 1 8 5 28 2 26 0 75 5 30 1 31 5 62 3 84 5 99 5 20 3 2 1 52 5 90 3 45 0 24 1 95 2 44 2 30 1 53 0 36 4 21 0 93 1 74 2 68 1 71 5 74 3 99 5 3 4 49 0 31 0 34 2 89 0 65 2 17 1 12 2 11 2 56 0 78 5 7 5 55 2 60 1 2 0 4 5 47 5 39 1 60 2 74 0 7 5 69 2 79 3 73 1 21 5 45 0 18 2 87 2 67 2 81 2 59 3 70 1 70 3 34 1 25 3 87 2 84 4 76 3 75
19 0 7 2 14 3 30 2 48 1 77 4 45 4 16 4 1 1 32 1 37 2 17 4 100 3 86 3 31 0 47 1 47 2 2 0 55 5 68
26 0 21 2 54 5 26 2 2 4 41 3 78 5 43 0 59 0 40 4 14 1 27 5 81 0 65 2 58 2 93 4 72 3 32 4 85 3 73 3 37 0 100 4 4 2 26 1 79 0 91 1 44
66 1 68 5 4 4 18 2 84 4 18 5 72 2 57 2 30 2 99 4 55 3 86 3 68 4 9 0 39 2 32 0 48 3 26 1 23 5 21 5 62 5 88 4 12 3 19 2 58 1 64 2 24 0 17 4 37 3 25 3 33 5 48 4 31 2 96 5 37 0 27 5 87 2 63 5 4 0 19 1 47 2 75 0 97 1 32 2 46 3 48 1 29 3 29 5 34 4 74 1 77 2 86 4 68 5 44 0 1 5 84 0 42 4 54 5 44 0 85 0 84 1 33 5 95 3 98 2 35 5 25 2 84
95 4 10 4 81 2 51 1 49 3 41 4 31 1 7 3 67 3 50 3 56 1 81 3 38 0 55 1 26 0 98 5 9 5 52 3 15 0 96 3 31 0 7 5 60 1 43 3 27 0 34 0 21 3 13 4 84 3 72 4 20 5 64 3 63 1 54 2 52 2 97 3 100 0 6 2 59 3 40 2 23 5 56 3 53 2 10 3 60 5 71 0 60 2 88 1 1 2 90 0 50 5 6 2 44 5 66 0 4 2 1 0 47 0 11 1 3 4 75 1 31 3 36 1 18 2 43 5 100 2 3 2 80 1 4 1 2 2 33 1 10 5 27 2 36 5 98 3 76 5 48 2 84 0 70 2 97 0 26 4 73 4 30 2 24 4 75 3 61 2 75 3 58 0 11 2 60 1 88 2 34 5 70 4 97 4 3 0 82 3 29
38 5 66 4 100 3 62 0 98 3 99 2 10 4 16 1 92 5 58 0 39 3 2 4 84 0 55 5 75 2 83 4 53 0 65 3 58 4 39 0 95 1 2 1 46 5 97 0 33 0 72 5 9 4 60 2 65 2 34 2 70 1 79 2 43 4 81 2 35 0 9 4 86 5 34 1 33
24 0 62 2 3 4 16 2 39 5 84 5 69 2 7 1 47 1 54 1 83 2 14 5 34 4 69 0 76 4 78 4 82 2 16 5 45 1 36 1 21 3 18 4 99 0 66 3 92
