4 99
4139159 1868686 9670213 1188906
81 0 52 2 47 1 91 0 76 2 5 1 18 3 96 1 50 2 9 2 85 3 75 1 87 1 75 1 69 2 34 1 28 2 5 1 71 3 23 0 29 3 30 2 16 3 85 2 64 3 76 3 94 0 42 0 48 0 76 0 16 3 68 1 36 0 37 2 60 0 11 2 68 0 90 2 52 0 100 2 8 1 68 0 8 1 37 2 96 2 2 3 30 2 70 1 8 0 82 0 67 2 37 3 69 2 83 1 35 3 80 0 58 3 39 0 83 2 61 3 23 0 3 2 81 2 93 2 56 0 59 2 41 1 96 3 54 1 72 1 66 2 55 1 27 0 36 1 53 0 70 2 50 1 80 3 94 0 20 1 58 1 47
64 2 13 2 2 2 38 3 59 1 44 0 24 3 97 1 3 2 24 0 75 3 71 1 42 2 34 2 23 0 22 3 37 1 78 0 46 0 73 3 76 3 20 3 70 0 43 3 14 2 42 3 24 3 40 3 42 0 67 2 35 0 19 0 78 3 57 1 24 3 85 1 65 3 58 3 88 2 1 3 53 2 35 1 55 0 78 2 35 2 76 2 76 1 55 2 99 1 29 3 77 1 49 1 30 1 30 0 79 3 25 0 99 3 47 0 3 0 27 1 53 0 70 2 82 0 62 3 86
20 0 46 1 92 2 89 3 60 0 15 2 44 1 42 1 40 3 47 2 1 0 71 1 30 0 54 2 17 0 78 0 70 0 5 1 29 3 84 0 51
94 0 78 3 71 2 12 1 32 2 86 1 14 0 67 0 44 2 15 0 4 3 37 0 36 0 76 1 10 1 81 2 4 1 43 0 22 1 75 0 4 2 32 2 91 3 65 2 33 1 97 2 41 3 32 3 52 3 77 1 98 1 29 3 20 3 98 1 78 0 18 1 90 1 5 2 95 3 87 3 94 0 84 3 46 1 43 1 19 3 49 1 30 3 11 0 47 2 95 2 99 1 73 3 42 3 70 2 6 0 62 2 87 1 84 0 16 3 93 2 69 3 76 0 49 1 48 3 49 0 65 0 73 0 94 3 31 1 48 1 61 3 12 1 7 2 37 2 37 1 43 1 9 1 36 2 27 0 49 1 16 3 98 1 39 3 94 3 80 3 83 0 55 1 3 3 12 2 36 3 40 2 6 1 69 1 78 3 42
74 3 83 1 18 1 17 2 75 1 100 0 48 1 42 2 70 0 84 2 66 3 63 0 32 0 92 0 14 1 10 3 14 1 8 2 27 2 91 3 16 2 4 2 36 1 90 0 73 0 96 1 9 3 92 1 88 0 37 2 36 2 3 1 52 2 51 1 69 1 20 2 19 3 80 1 92 2 70 0 48 2 84 2 62 1 72 1 48 3 36 3 71 1 54 2 67 1 91 1 77 2 36 2 22 1 29 3 19 1 80 2 91 3 84 3 26 2 82 1 15 2 98 3 79 2 14 0 31 0 13 0 42 1 74 0 51 3 70 3 68 1 57 2 42 0 18 3 83
29 0 9 1 13 0 46 1 34 0 16 2 47 1 95 3 47 0 100 1 41 3 28 3 58 1 22 3 73 3 93 0 34 0 47 2 16 2 100 1 19 1 78 2 86 0 31 3 94 1 46 3 34 0 20 3 46 2 79
92 3 45 0 59 0 69 2 86 2 95 0 27 2 78 2 79 2 44 0 51 3 34 1 16 1 77 2 9 0 73 3 94 1 68 0 55 3 4 0 84 2 78 1 67 2 96 0 61 3 46 2 63 2 21 2 7 2 78 1 36 0 19 1 4 2 34 0 54 2 48 1 7 2 89 1 94 1 7 2 62 0 96 2 6 1 21 3 61 0 53 2 26 2 40 3 89 3 24 0 22 2 79 0 37 1 78 1 5 2 62 0 98 0 19 3 32 2 25 1 44 3 68 0 80 2 91 0 86 2 43 1 81 2 38 1 75 0 64 3 73 0 10 3 10 1 22 0 32 3 98 2 61 2 80 1 29 2 8 1 5 2 57 2 64 0 93 3 16 3 17 1 98 0 30 2 41 3 62 1 67 2 85 2 47
41 0 53 1 21 1 30 1 17 3 88 1 26 1 77 2 72 0 45 2 58 2 51 1 75 1 1 3 50 1 95 0 78 1 9 1 4 0 21 1 89 2 37 2 71 2 88 3 25 0 67 3 49 3 10 1 61 1 26 1 7 1 70 3 83 2 84 0 70 3 25 0 43 2 3 0 80 0 74 1 44 3 67
23 1 6 1 89 3 19 2 96 1 22 3 21 1 39 2 83 1 62 2 16 1 59 1 33 2 81 3 7 1 89 2 56 0 70 3 26 0 30 0 19 2 9 2 41 2 92
10 0 80 0 39 1 96 2 16 2 39 2 28 2 36 1 1 1 36 2 99
5 2 45 1 76 3 99 1 31 0 15
54 2 90 2 47 2 57 3 4 1 41 3 87 2 32 2 21 3 20 1 35 1 19 0 96 1 83 2 18 2 14 3 80 1 37 2 22 0 85 0 30 2 7 0 68 2 72 2 24 2 54 2 73 2 41 1 5 1 18 0 35 2 9 0 86 3 70 2 78 1 93 1 77 0 29 2 65 0 100 2 5 0 63 3 74 1 68 3 40 1 52 1 15 2 93 1 75 3 6 3 91 2 14 0 2 0 60 3 87
45 0 48 0 67 0 38 1 47 0 36 2 16 1 82 1 78 0 84 3 24 1 40 0 24 1 9 3 28 1 26 1 27 1 25 3 77 3 41 1 55 3 42 3 41 1 66 2 56 3 94 1 95 1 85 3 22 3 22 2 86 3 70 1 1 0 87 1 61 1 56 3 59 1 25 2 23 0 21 1 54 1 61 1 61 3 19 0 12 3 56
76 3 25 0 23 3 52 1 80 0 54 0 78 0 96 1 77 2 43 0 10 0 15 2 3 3 18 1 16 3 5 0 50 3 54 3 100 1 95 3 96 2 1 1 28 0 30 3 40 1 89 2 35 2 78 2 16 3 85 1 33 1 36 1 52 1 93 3 51 0 4 0 1 1 5 2 7 2 71 0 82 1 92 1 95 3 6 1 6 2 56 3 74 1 91 0 50 2 81 3 21 2 73 0 86 1 67 3 42 0 9 3 71 3 45 1 47 2 73 0 33 2 32 2 33 0 48 2 8 0 27 1 17 0 80 2 33 0 3 2 48 1 83 0 41 2 89 2 85 3 1 3 58
23 3 85 3 33 3 81 1 8 1 15 0 61 0 64 0 55 2 72 0 11 0 13 1 27 2 37 1 60 2 69 3 35 2 49 3 10 0 80 2 47 3 60 1 32 2 29
54 1 62 3 29 0 89 0 6 2 35 1 21 2 74 0 44 2 5 2 30 3 27 2 49 2 34 1 97 0 21 1 8 3 75 2 71 1 18 1 89 3 70 2 98 3 95 2 95 2 66 3 48 0 16 2 48 0 37 1 91 1 4 3 45 0 89 2 47 3 7 0 16 0 30 2 35 1 62 2 30 3 94 3 64 2 49 0 12 0 41 1 80 0 3 1 83 1 41 3 100 3 87 3 58 3 53 0 1
42 1 100 0 36 0 47 3 78 0 74 0 84 0 27 1 3 1 63 2 70 3 54 2 14 2 29 0 12 2 35 2 19 3 50 3 36 1 16 3 36 0 89 3 27 3 40 0 18 3 80 3 63 2 1 3 45 2 98 1 92 0 96 3 93 1 63 1 33 0 79 0 1 0 46 1 90 3 27 0 8 3 11 0 43
26 3 64 1 62 2 8 2 94 1 22 1 12 0 93 2 28 0 65 1 30 3 21 2 5 3 15 1 20 2 34 1 65 3 5 0 74 3 22 3 57 3 12 3 22 3 57 2 86 2 19 1 81
50 2 33 3 62 3 42 0 37 3 4 0 49 3 22 1 25 1 12 2 33 1 38 2 80 2 2 1 22 0 60 0 57 0 26 2 95 3 5 3 41 1 20 1 75 1 99 3 94 3 40 3 46 0 18 1 71 0 35 1 78 2 79 1 43 3 71 3 60 1 71 3 76 1 4 3 53 3 76 2 51 3 43 3 58 0 9 1 90 0 4 0 31 0 4 3 41 2 20 1 5
92 0 31 1 6 2 91 1 3 0 34 2 24 3 48 3 60 3 65 0 100 3 75 0 6 3 98 0 28 1 75 3 97 1 31 3 23 3 66 2 50 1 73 3 8 1 6 2 14 1 53 1 79 2 78 2 11 2 61 3 2 3 55 1 89 3 85 3 53 1 51 2 93 1 6 0 11 3 10 0 37 0 25 3 16 2 68 3 45 0 72 0 68 3 15 1 3 3 61 0 70 2 98 1 92 3 54 1 33 3 9 3 65 1 12 0 50 3 34 2 34 3 99 0 86 0 9 2 86 3 89 1 93 3 12 3 54 0 64 2 69 2 75 2 34 2 29 1 46 1 65 3 97 2 58 3 61 0 82 3 8 3 35 3 9 2 50 3 16 2 40 1 47 1 24 1 9 1 87 2 63 3 35 2 79
27 1 34 2 52 2 87 3 35 3 79 1 55 0 47 3 4 3 27 3 71 3 90 2 18 3 23 3 9 2 46 3 44 1 45 0 63 3 95 2 80 1 12 0 82 3 6 2 7 3 59 3 12 1 84
75 1 66 2 84 1 95 3 23 2 66 0 31 0 11 2 66 2 10 1 34 2 44 0 34 0 79 2 60 3 73 0 88 2 62 1 99 1 27 2 28 0 56 2 40 1 1 1 36 0 20 0 95 3 1 2 35 1 90 1 75 2 75 2 50 2 40 1 88 3 46 3 52 1 53 3 24 2 58 1 60 3 56 2 15 0 28 2 86 2 38 2 72 0 31 1 58 1 5 1 51 2 53 3 15 1 38 0 26 3 3 1 16 2 44 1 7 2 92 1 49 3 93 3 4 3 13 3 54 1 93 0 82 3 6 3 59 2 43 1 19 2 74 0 2 1 86 2 55 3 76
77 2 7 2 6 2 48 3 50 1 48 3 54 1 20 3 72 3 34 0 22 1 11 1 16 3 5 1 63 0 29 2 10 1 79 0 39 3 66 1 98 1 37 0 20 1 69 1 67 1 31 0 82 0 1 1 14 0 37 3 44 2 43 2 3 0 33 2 61 2 79 1 52 3 76 0 19 1 20 1 68 3 5 2 52 2 33 3 42 1 26 1 26 2 7 3 1 2 22 2 56 2 42 1 22 1 90 0 85 3 27 3 58 1 2 1 57 2 29 2 100 1 35 0 9 2 10 2 76 2 58 0 23 3 56 0 77 3 96 0 20 1 40 3 83 1 52 2 63 3 78 2 16 1 50
99 0 13 2 88 3 25 0 31 3 82 0 29 2 72 2 51 2 93 0 90 2 37 3 73 0 81 3 39 2 42 1 100 2 40 2 58 1 31 3 76 0 56 1 1 2 18 0 98 1 78 3 15 1 41 0 57 2 8 0 39 2 40 1 91 0 7 2 40 2 17 0 26 1 75 3 78 3 73 2 69 0 67 0 36 0 74 3 20 2 41 0 51 1 57 0 100 0 14 1 49 2 60 3 25 2 24 1 37 3 59 3 5 3 32 1 64 2 62 0 16 1 42 0 20 3 80 3 77 2 81 3 5 2 10 3 29 2 63 1 2 2 38 1 67 0 55 0 35 2 16 0 88 2 44 3 41 3 62 1 47 0 22 2 4 0 18 3 33 1 71 2 60 1 90 2 27 0 91 3 3 1 84 0 42 0 71 3 34 0 69 3 92 1 51 1 65 0 78
7 0 52 0 12 1 70 1 50 2 13 3 25 0 42
48 2 11 0 66 2 84 2 67 1 53 2 45 3 53 1 13 3 23 0 35 3 43 1 13 0 88 3 37 2 88 0 67 3 80 1 55 3 96 1 97 3 46 1 81 3 99 3 74 3 46 1 20 0 11 0 2 1 91 1 96 3 61 2 47 1 77 0 5 1 15 3 43 0 38 1 13 3 41 0 42 1 89 0 73 2 22 1 91 3 69 0 52 1 81 1 43
76 2 76 2 93 3 20 0 99 2 66 3 38 1 77 0 67 0 89 1 93 0 40 1 68 1 98 0 84 1 13 1 88 2 30 1 80 1 86 1 84 1 36 1 16 1 22 1 79 0 17 2 10 0 66 2 10 2 28 1 61 0 78 3 16 3 6 1 26 1 8 1 40 1 57 0 39 2 59 1 6 0 47 3 86 1 78 0 61 1 68 0 66 1 2 0 20 1 46 2 74 1 14 0 77 2 42 2 24 1 2 1 83 1 58 0 48 2 58 0 95 2 49 1 20 1 34 2 27 1 53 2 59 0 63 0 1 0 22 3 42 1 21 0 47 2 88 2 77 3 36 3 45
38 1 90 3 72 2 43 0 49 0 70 2 25 0 31 2 76 2 15 1 79 1 25 2 44 3 23 3 49 0 19 2 98 1 45 1 98 0 47 3 93 2 33 3 3 0 34 1 33 2 50 0 84 0 16 0 5 0 10 1 73 0 98 1 78 3 53 3 66 1 45 3 96 0 68 3 34
76 2 91 2 82 1 39 3 53 3 85 0 20 0 15 2 82 3 73 1 84 2 40 0 23 1 44 3 81 2 29 1 21 3 12 1 21 0 31 2 82 3 66 0 71 0 73 0 25 0 17 1 19 3 20 2 5 1 66 0 72 2 70 2 56 0 93 2 76 3 15 1 100 2 82 3 68 1 72 0 13 2 53 0 75 1 70 3 18 1 95 2 49 1 80 1 92 0 31 2 25 0 13 2 8 3 92 2 9 3 86 0 76 0 95 3 2 2 70 3 86 1 57 2 72 1 81 1 37 0 99 0 92 3 29 3 45 2 15 0 31 2 21 1 79 3 81 2 10 1 32 0 96
98 3 89 2 44 3 46 0 26 3 38 0 89 2 23 1 75 3 38 0 39 2 50 1 58 1 99 2 10 1 17 3 21 3 90 2 78 2 67 3 87 1 27 1 71 0 42 2 34 3 29 2 72 0 51 1 38 3 97 1 6 2 40 3 7 3 90 1 70 1 99 1 17 0 43 1 47 2 83 1 8 3 62 0 65 2 13 1 65 3 54 0 44 0 29 3 29 1 9 1 67 3 15 3 1 1 48 1 85 0 42 1 41 1 51 0 62 1 11 1 29 2 40 3 10 1 15 1 67 1 10 0 67 3 91 0 79 1 16 1 91 3 82 3 91 0 82 3 3 3 41 1 88 2 21 3 57 3 83 2 16 1 95 3 24 0 92 2 100 3 39 1 60 0 22 1 40 1 23 0 53 0 55 3 32 3 89 0 88 2 25 0 23 1 76 0 96
75 1 66 0 36 0 80 0 32 3 53 2 8 3 25 2 53 0 36 0 25 3 67 0 58 2 75 0 87 0 87 2 49 0 80 1 32 0 9 2 31 1 86 0 93 3 30 2 6 1 33 3 77 0 19 2 69 0 34 2 43 1 57 3 7 0 82 1 66 0 17 1 2 1 80 1 51 2 5 0 17 2 61 2 43 2 87 0 96 0 29 1 2 3 50 1 7 2 27 3 80 0 73 0 73 0 3 0 46 2 18 3 88 1 80 1 9 3 70 2 58 3 27 0 81 2 96 3 5 1 48 1 42 1 97 2 54 1 42 0 7 1 29 0 7 3 61 3 75 3 58
34 3 45 2 67 1 45 1 30 1 80 0 6 3 1 0 43 0 88 0 5 1 78 1 48 2 92 2 12 2 78 2 87 3 21 1 33 3 15 0 81 0 77 2 71 0 61 2 5 2 82 0 20 1 67 2 58 1 30 3 34 3 25 2 33 1 96 0 81
98 0 99 1 33 2 89 1 55 3 83 0 94 3 33 0 81 2 72 1 66 1 17 2 100 2 32 0 86 2 58 2 17 0 41 1 3 0 86 2 12 1 1 3 78 3 27 1 57 1 15 2 96 0 43 0 36 3 48 1 51 1 85 1 78 2 93 2 37 0 89 1 75 0 56 2 71 1 41 3 89 2 18 0 61 2 84 1 59 2 28 2 86 3 47 0 10 0 60 3 50 2 70 1 4 2 78 1 55 0 21 0 2 3 97 1 61 2 7 0 32 1 91 1 53 3 34 1 9 2 24 3 58 3 27 3 92 0 47 1 66 1 42 3 51 2 48 2 74 0 46 0 19 3 62 2 85 1 93 3 67 2 31 2 63 1 21 3 49 0 41 3 61 1 28 3 51 0 67 3 59 3 73 3 94 2 23 0 11 3 19 3 80 1 37 2 32
23 3 63 2 68 2 68 1 69 1 3 2 24 1 65 2 5 3 71 3 87 0 6 0 69 2 29 0 56 0 2 1 66 0 31 1 83 1 82 1 37 1 19 0 81 2 47
73 0 64 3 33 2 94 0 69 2 66 2 32 0 7 3 7 2 99 1 95 1 34 3 39 1 93 0 34 0 54 3 29 0 39 3 57 0 4 1 17 2 92 2 8 2 66 2 29 2 11 1 20 0 35 1 89 1 48 1 27 1 77 0 46 0 76 2 7 0 64 0 41 1 65 1 52 2 60 2 75 3 64 0 63 3 15 0 97 2 52 3 31 1 36 2 15 0 49 3 94 0 82 3 82 0 66 0 93 3 8 0 89 2 6 0 87 3 50 3 57 0 100 0 92 0 20 2 59 3 62 3 40 0 26 3 90 2 48 1 6 2 84 3 49 3 85
36 0 24 1 59 1 18 0 83 2 38 2 58 3 21 3 85 3 57 1 13 2 2 3 50 0 8 2 94 1 59 1 50 1 13 1 15 3 4 0 84 0 45 1 65 2 38 1 93 2 12 0 68 3 30 0 3 3 37 1 30 1 46 0 85 2 21 3 61 0 74 3 76
3 3 49 2 41 0 42
27 2 98 2 23 0 9 1 8 2 87 3 53 3 14 3 97 0 57 2 49 1 2 0 11 2 13 0 44 3 46 1 6 3 13 2 40 3 11 0 52 0 5 0 67 0 7 1 25 3 75 2 44 2 64
18 1 83 1 49 1 72 3 97 2 60 1 27 2 27 1 80 1 60 1 45 2 67 3 87 3 88 0 22 3 89 3 6 0 83 0 87
42 0 68 2 50 2 61 2 83 0 65 3 71 1 82 1 85 3 4 0 93 0 50 3 55 0 4 1 91 0 59 2 44 3 90 3 43 3 15 3 25 2 12 0 93 1 33 2 20 2 71 1 11 3 6 1 71 3 98 0 87 1 59 0 33 0 86 1 76 3 83 0 30 2 19 1 83 0 100 1 40 0 5 2 45
17 3 44 3 74 2 78 1 83 0 98 1 95 0 96 2 95 0 49 2 100 0 64 1 64 3 45 1 16 1 44 2 93 3 48
58 3 55 2 67 2 27 3 88 1 52 2 90 0 87 2 86 3 1 0 46 1 95 2 52 1 15 2 20 2 35 2 31 0 71 3 87 1 82 3 74 3 88 0 74 2 48 0 22 3 72 2 3 2 63 0 67 1 71 2 92 1 88 1 82 3 61 0 42 2 57 3 73 2 23 0 52 2 50 0 71 2 19 3 42 1 43 0 68 2 78 1 4 3 33 1 92 1 25 1 23 2 71 2 54 2 84 3 86 2 13 2 51 2 87 1 9
34 0 89 2 33 2 40 2 7 2 76 0 22 2 66 1 95 2 70 1 47 1 27 3 52 0 51 2 60 2 57 3 34 3 61 1 63 1 41 2 92 0 8 1 24 0 25 0 57 1 85 1 38 2 17 2 98 3 1 1 96 2 77 1 74 2 1 3 65
67 1 97 0 94 2 26 2 33 1 18 1 64 2 79 0 8 1 59 0 81 3 34 0 1 3 89 0 45 3 80 3 8 1 84 1 58 2 94 3 16 1 41 3 83 0 52 0 92 3 71 0 2 0 18 1 50 2 83 1 50 1 71 0 86 3 44 2 78 0 30 2 18 1 43 3 100 0 60 0 45 3 19 3 44 2 33 0 41 2 7 0 94 3 89 3 2 0 99 2 45 0 31 3 15 3 93 0 1 1 61 0 96 3 94 2 36 3 48 3 61 2 57 0 82 3 92 1 95 1 39 1 30 2 94
20 2 72 0 40 1 67 3 93 0 65 2 21 0 77 0 76 0 11 3 22 0 8 0 9 3 64 3 95 0 57 0 30 1 23 0 20 0 20 2 1
90 0 52 0 12 1 18 2 3 2 69 1 87 0 88 0 91 3 39 3 59 1 48 1 52 0 28 1 75 3 52 2 19 1 64 1 47 2 10 1 97 0 94 3 37 3 83 0 33 3 24 2 7 3 6 1 19 0 1 1 39 2 73 2 99 1 38 0 68 2 88 3 85 3 87 1 37 3 6 2 87 1 59 2 22 0 84 2 78 3 99 0 39 1 80 3 40 0 23 0 53 2 46 0 83 0 98 2 78 0 63 2 83 2 49 1 14 1 10 1 86 0 99 2 21 0 4 2 29 1 30 0 10 2 68 2 20 0 17 0 1 3 73 3 39 2 56 0 76 1 60 3 88 2 56 1 4 0 42 3 63 1 2 3 83 1 2 1 96 2 8 2 47 3 40 3 100 1 29 0 82
84 1 9 1 10 1 46 3 41 2 66 0 56 1 46 3 19 2 68 2 48 1 25 1 31 0 74 1 68 2 26 0 86 1 96 0 63 0 73 3 91 0 88 3 8 1 41 3 83 3 3 0 68 0 84 2 86 2 7 1 78 1 100 1 11 2 88 2 12 1 3 3 71 0 33 2 61 1 26 0 91 3 36 1 9 1 9 3 14 0 29 2 56 0 88 0 80 2 84 3 17 2 8 2 37 1 55 1 98 1 92 3 65 0 56 0 55 2 3 0 66 2 2 0 41 2 48 0 28 1 74 3 94 2 34 0 5 0 76 0 96 0 67 2 62 0 47 0 31 2 84 2 24 0 60 1 41 3 51 2 8 0 19 1 68 1 35 1 76
98 2 25 3 73 2 6 1 14 1 74 0 37 1 90 0 4 3 23 0 37 3 17 2 30 2 15 2 46 0 18 1 35 2 60 1 55 2 71 0 96 0 63 2 36 1 22 3 10 0 85 2 14 1 82 1 30 0 25 2 3 3 22 2 92 1 9 3 1 1 55 0 24 2 47 0 65 0 68 0 14 3 71 1 47 1 74 3 7 2 10 2 46 1 27 1 5 0 42 3 55 3 94 3 74 1 71 1 98 2 46 3 85 3 39 3 38 2 1 0 62 2 46 3 45 1 87 1 70 0 19 3 45 1 54 1 74 2 88 0 70 1 8 3 43 3 96 3 90 1 20 3 51 0 61 0 56 1 21 2 29 2 59 0 69 2 23 2 88 2 46 2 87 3 40 2 67 2 80 2 12 1 81 3 76 1 39 3 40 2 76 0 32 2 21 1 10
75 2 24 0 96 1 68 3 53 1 46 1 90 0 65 3 82 0 81 2 41 3 75 0 17 1 29 0 74 3 87 1 29 0 73 1 86 0 95 1 34 3 15 2 86 0 19 0 15 3 93 3 70 0 64 0 77 2 54 0 79 0 70 0 62 3 23 3 13 3 95 0 50 1 44 2 49 0 6 2 7 2 37 2 96 0 5 1 46 0 34 2 40 2 26 3 23 2 14 3 29 1 86 0 62 2 83 1 79 1 47 3 72 1 83 3 39 2 39 0 50 2 10 3 48 1 50 0 82 1 38 0 49 0 45 0 30 1 29 2 26 2 97 3 10 1 17 3 75 0 66
31 2 83 0 46 2 70 0 78 1 86 3 49 0 95 1 12 0 51 1 3 1 92 0 17 0 21 0 8 3 96 3 52 1 59 0 7 3 54 2 65 0 99 2 56 2 67 1 82 0 34 2 41 0 2 3 12 1 14 1 68 3 41
79 1 89 0 37 2 55 0 75 2 35 1 82 1 63 0 60 2 12 2 62 3 68 1 81 1 26 3 46 1 16 1 52 0 59 3 73 2 37 0 58 1 91 1 44 0 8 2 22 2 12 2 38 3 86 3 11 0 86 3 62 1 96 2 97 0 85 0 59 1 26 3 12 1 35 2 83 1 2 2 98 1 71 1 39 1 16 1 95 3 14 3 88 0 66 3 25 3 47 2 15 1 34 3 50 2 23 3 71 2 94 3 68 2 4 0 23 3 92 1 18 2 25 1 12 0 7 3 23 1 98 0 11 3 58 0 50 0 96 0 80 0 29 0 3 0 15 0 65 0 74 0 89 2 55 1 75 3 88
38 1 91 3 65 2 64 3 17 0 60 1 33 1 51 2 48 0 93 2 27 1 34 3 20 1 54 2 22 3 83 3 80 2 56 3 57 3 87 2 9 2 70 1 85 3 60 3 17 1 1 3 13 3 6 0 10 1 25 3 50 0 60 1 31 2 35 3 30 1 47 3 8 1 3 1 67
41 3 79 2 94 1 75 1 94 3 74 2 15 2 80 3 57 2 89 2 54 2 86 0 23 1 41 3 63 1 97 0 74 2 16 2 23 2 96 0 99 0 7 3 45 0 44 2 67 3 70 3 48 3 15 3 58 3 21 0 26 3 37 1 69 0 23 1 55 2 75 1 43 1 29 0 76 1 83 3 33 1 95
21 3 21 2 89 0 7 2 86 2 47 2 49 1 67 3 38 0 27 1 98 0 89 3 14 2 64 3 40 1 66 2 78 3 66 3 20 1 93 1 61 0 40
90 2 48 3 63 3 23 0 42 2 18 0 63 3 68 1 65 1 7 0 40 3 62 3 1 2 41 3 80 1 93 1 51 2 15 0 46 3 68 3 41 0 3 3 98 0 24 1 62 1 51 2 89 1 45 0 14 3 97 0 58 0 85 1 49 2 2 3 60 1 18 0 78 2 78 1 29 3 85 2 66 1 6 0 12 1 58 1 4 0 53 0 17 1 7 0 23 0 80 3 49 0 9 0 61 0 57 3 32 2 86 3 8 2 5 1 83 0 98 3 64 1 23 0 82 0 46 3 61 2 77 2 83 3 53 1 24 1 73 1 53 1 66 2 59 2 28 3 94 2 43 0 41 3 90 1 14 3 42 3 22 2 61 0 83 0 86 1 36 0 65 0 47 2 74 1 57 1 26 0 57
93 2 91 1 60 1 84 3 96 1 61 2 16 1 62 3 72 1 44 3 40 2 91 1 94 3 13 2 60 0 29 1 4 3 21 3 70 0 45 3 6 2 33 2 93 0 9 1 69 2 89 2 93 1 92 0 1 3 5 1 24 0 65 1 54 1 59 1 20 1 23 2 88 3 24 0 12 3 17 0 12 1 72 1 3 3 94 0 47 0 93 1 47 0 67 3 83 1 31 0 81 0 68 3 92 0 10 2 62 0 53 3 69 1 99 3 7 0 80 0 5 1 78 1 54 1 48 0 26 2 24 3 87 3 30 1 56 0 64 3 52 3 45 2 51 2 38 0 40 2 12 1 11 1 31 1 26 1 32 2 65 0 86 1 92 2 99 3 18 2 71 0 47 0 49 3 97 3 32 3 39 0 9 2 4 2 67
23 0 14 0 6 2 13 3 96 3 51 2 82 1 60 1 97 1 46 3 35 0 18 3 69 2 33 2 55 0 51 3 84 0 81 0 9 2 62 2 67 1 5 3 46 3 68
51 1 70 0 25 1 16 0 99 0 89 2 72 1 78 3 89 0 17 0 41 3 46 1 85 3 20 2 67 0 31 1 20 2 8 1 72 3 28 0 53 2 1 1 32 2 11 0 92 0 34 2 71 2 40 3 58 0 61 3 22 0 94 3 68 1 8 0 92 0 60 3 79 3 68 2 7 2 2 3 68 3 72 2 60 2 36 2 22 2 80 1 44 1 90 1 40 1 7 1 63 3 60
10 3 74 2 20 3 76 0 45 1 32 1 99 1 62 0 16 1 16 1 11
28 2 89 3 18 1 17 0 98 3 42 1 27 3 6 0 36 0 25 3 20 1 69 1 90 0 62 1 82 3 67 2 19 3 14 1 69 2 83 3 90 1 78 0 15 1 45 1 14 3 95 1 82 3 52 2 80
24 2 76 1 88 1 25 2 11 3 37 1 26 1 16 1 27 2 96 3 63 1 86 3 96 0 98 0 9 3 49 2 76 0 2 0 88 1 69 0 65 0 100 0 46 1 60 3 1
28 1 32 1 83 2 58 0 12 0 30 0 10 2 50 0 79 3 72 2 2 3 84 3 11 0 11 0 77 2 66 0 5 0 34 2 65 3 72 1 77 3 84 1 73 0 47 1 57 2 91 3 37 0 60 1 9
7 2 13 2 64 3 95 3 26 0 13 3 93 3 59
82 0 39 1 27 1 62 0 52 3 68 2 20 3 78 3 45 0 100 3 65 3 36 3 12 3 97 1 30 0 76 2 94 3 34 2 13 0 75 1 86 3 100 3 65 3 94 0 80 1 60 2 44 3 53 1 90 3 10 0 57 2 90 2 2 1 52 1 10 0 82 2 57 3 6 1 54 1 71 1 57 2 87 0 69 2 45 1 16 0 11 0 63 1 14 1 30 3 81 3 73 0 97 1 26 3 88 1 52 2 29 1 69 1 74 3 31 0 31 2 7 2 33 0 22 3 65 2 17 2 28 2 14 0 53 1 90 0 63 2 14 0 77 2 88 1 22 3 49 0 8 1 64 1 86 2 32 2 2 3 98 2 34 2 29
27 0 67 2 60 2 60 1 48 3 60 0 76 1 18 1 96 2 59 3 14 2 92 3 21 0 35 0 21 3 84 0 49 2 4 1 32 3 65 0 36 1 28 1 55 3 47 0 17 2 69 3 33 0 82
77 2 77 3 97 1 58 3 14 1 59 0 38 1 2 3 57 2 51 1 48 3 94 1 29 0 28 3 68 0 92 2 46 1 38 0 76 0 78 0 44 2 4 2 23 1 94 0 26 2 78 0 82 2 59 0 66 0 52 3 24 3 38 0 99 3 19 2 77 1 89 0 16 1 93 1 100 2 27 0 65 1 39 1 58 1 16 2 32 0 30 3 66 0 37 3 29 2 73 1 49 1 61 2 40 3 5 0 100 1 80 2 90 1 35 1 26 2 80 0 46 0 80 0 33 0 47 2 66 2 22 0 90 2 18 3 100 1 44 1 27 3 8 3 23 0 8 3 8 1 79 1 95 0 75
68 1 25 0 32 3 62 2 11 2 26 2 33 2 37 2 36 3 69 1 67 2 6 2 74 2 66 1 17 3 47 1 31 1 43 3 12 1 53 2 35 0 17 3 83 0 22 2 67 0 53 1 25 1 32 3 60 0 58 1 74 1 75 1 15 2 86 0 21 2 11 1 31 2 73 1 13 0 25 1 78 1 25 3 87 2 89 3 29 1 69 1 98 2 8 0 12 1 58 1 92 1 33 0 86 2 11 3 62 3 91 1 36 1 20 2 98 1 1 1 79 3 8 1 82 2 50 0 83 1 4 0 76 2 45 3 21
61 0 91 3 5 2 59 2 11 2 56 2 76 0 82 3 81 0 49 2 40 0 93 2 23 1 16 3 12 0 75 2 66 1 19 0 92 3 94 0 80 0 5 3 98 2 76 3 47 0 70 2 49 0 69 1 22 2 77 3 99 3 14 3 64 0 84 2 59 1 79 3 68 2 20 0 48 0 19 3 97 0 93 0 75 1 91 3 62 2 44 0 53 3 33 0 28 0 83 3 95 1 74 3 36 3 44 1 24 3 26 3 48 1 54 1 63 3 73 0 16 2 63
1 1 33
5 3 48 2 27 1 64 0 29 0 83
34 2 99 3 26 0 34 0 71 2 89 0 24 2 54 1 93 0 60 3 79 1 6 3 64 3 20 1 14 3 10 3 13 2 80 3 6 0 10 1 18 2 2 3 26 3 60 0 12 0 16 3 28 0 65 0 97 1 82 0 67 1 43 0 91 3 64 2 12
67 2 25 2 97 2 54 1 57 0 76 3 61 0 7 3 48 3 29 1 91 1 60 2 54 1 63 0 16 1 83 0 73 1 97 0 31 1 66 0 63 0 12 0 87 2 82 3 2 1 75 0 57 1 91 0 48 3 56 1 17 1 78 3 39 1 64 0 19 0 4 0 37 1 58 3 45 1 41 2 62 3 12 0 66 1 91 0 35 3 81 1 44 2 3 2 98 0 52 1 64 0 80 0 63 1 96 0 99 3 85 2 1 3 8 1 75 2 26 0 79 1 72 3 72 3 9 0 55 3 82 0 21 1 80
22 3 97 3 66 0 48 3 71 2 18 0 11 1 53 1 62 0 82 0 18 1 79 0 48 2 71 0 85 2 97 1 38 1 64 1 4 1 72 3 61 3 11 1 51
49 3 81 0 60 0 7 3 67 2 7 1 2 3 42 2 69 0 70 0 41 2 64 1 19 0 94 1 81 0 50 3 13 2 19 1 56 1 8 0 60 0 67 3 64 3 89 0 27 2 39 3 22 2 71 2 17 3 27 3 98 0 60 0 33 3 24 0 65 2 8 1 7 1 22 3 8 0 78 3 28 0 37 0 5 1 24 1 9 1 40 0 50 3 40 2 14 0 21
92 0 68 0 57 2 23 3 74 0 64 3 64 3 71 2 95 0 93 1 33 1 26 0 52 2 47 0 64 0 16 1 84 0 7 0 5 3 20 2 48 1 48 2 92 1 84 1 59 3 27 1 28 1 69 2 93 3 91 0 50 1 78 2 17 1 24 3 49 0 65 0 69 3 35 1 26 0 30 0 83 3 54 1 18 3 40 1 42 1 43 3 65 0 83 0 21 0 64 0 60 1 19 0 76 1 18 1 45 3 21 0 8 2 37 3 56 2 39 1 37 1 2 2 88 3 41 0 79 3 7 2 41 1 98 2 22 3 76 2 93 2 84 2 90 0 80 0 38 2 39 2 55 0 42 3 30 2 60 2 77 2 81 2 100 3 75 1 45 2 25 3 93 1 100 1 45 2 72 3 80 0 77 0 73
16 2 52 2 42 0 3 2 1 3 37 2 76 2 16 2 24 0 72 2 23 2 80 0 33 3 23 3 42 2 88 0 90
22 0 60 2 93 1 8 1 84 2 39 0 62 0 21 0 96 2 87 0 49 0 70 1 59 3 50 0 100 3 86 3 10 0 55 0 61 3 78 0 76 2 31 2 46
72 0 78 1 28 3 8 0 54 3 58 1 51 3 37 2 48 1 12 1 25 0 58 2 86 2 19 3 48 1 85 3 76 0 27 0 86 0 68 3 54 2 23 0 13 3 7 0 26 0 13 0 51 0 44 0 80 3 93 0 18 3 99 3 82 2 33 0 27 1 83 2 97 0 61 1 4 0 42 0 61 0 54 3 20 1 3 0 39 1 74 1 37 2 64 3 68 3 50 0 50 3 4 2 34 2 53 2 36 1 63 2 24 3 62 0 68 0 86 2 93 3 22 0 94 1 38 3 50 3 50 2 10 1 61 3 2 1 54 2 32 1 58 3 23
26 2 30 3 84 1 43 3 35 0 82 1 8 3 16 1 11 0 3 1 38 1 98 1 63 3 25 3 34 2 67 3 39 2 49 2 19 3 49 0 28 0 97 3 7 2 13 0 98 2 48 2 26
26 2 56 3 68 1 67 2 99 3 98 0 95 2 44 0 39 0 34 0 55 2 92 2 11 0 83 2 18 1 80 3 50 1 74 2 40 3 78 2 94 1 41 0 64 1 29 1 94 3 92 1 10
54 2 78 0 87 3 80 2 84 2 6 1 5 3 46 2 96 0 71 1 28 0 85 0 90 3 90 1 44 3 36 3 22 0 73 2 20 3 24 3 64 0 76 3 24 2 50 2 10 1 17 2 41 3 48 2 45 0 48 2 75 1 77 2 32 0 71 0 81 0 58 2 43 0 89 1 45 0 87 3 6 3 35 2 78 0 10 0 82 0 30 3 23 1 22 1 71 2 62 2 40 0 59 3 72 0 40 1 55
62 0 6 2 37 3 44 1 53 0 25 0 52 3 59 2 34 1 52 2 47 2 56 1 36 3 25 3 100 2 17 0 2 1 23 3 65 0 68 3 89 0 75 2 93 0 89 0 48 3 83 3 14 0 83 2 95 2 69 0 52 3 26 2 17 0 22 2 8 0 100 1 3 3 77 1 33 0 25 2 19 1 68 1 98 2 71 2 69 0 12 0 97 2 7 2 37 1 32 0 89 3 2 0 73 1 58 1 26 0 58 2 63 1 66 2 100 3 48 3 80 0 85 3 92
30 0 72 1 91 2 46 1 84 1 93 3 85 3 92 2 71 2 23 3 10 3 12 3 59 2 28 3 98 0 37 2 6 3 56 1 11 2 24 0 57 2 55 2 54 1 87 1 11 1 68 1 85 1 75 2 31 2 17 0 56
40 3 80 2 10 2 13 3 59 0 78 3 26 2 5 0 78 1 7 0 97 3 96 1 6 1 28 1 66 1 69 1 58 3 5 3 48 2 50 2 80 0 43 2 66 3 8 2 67 2 29 3 9 3 61 1 2 2 4 2 40 2 82 3 26 1 32 0 38 2 48 2 68 2 86 2 94 2 62 2 27
99 2 37 2 10 0 96 0 99 1 2 0 29 1 7 2 33 1 51 1 87 1 36 0 80 3 86 3 77 2 78 0 67 0 97 0 48 1 3 3 100 2 43 3 89 0 99 1 2 0 59 3 10 1 75 1 14 0 68 3 66 1 52 1 68 3 70 3 67 3 78 1 57 1 97 2 77 3 2 0 18 2 71 3 73 1 68 1 12 1 65 0 2 2 52 0 86 3 98 2 2 1 16 3 47 3 88 3 35 2 30 3 61 1 12 2 99 0 41 2 60 0 33 3 84 1 44 1 100 3 7 1 55 1 66 3 41 1 13 3 20 2 86 1 100 3 27 1 35 1 4 0 16 1 9 1 16 2 91 3 41 1 27 1 74 0 30 2 54 1 4 3 20 3 32 0 95 1 9 2 86 2 73 2 64 0 17 3 25 3 38 3 12 0 3 1 13 0 41
78 3 69 1 51 2 60 0 88 0 68 1 65 3 73 3 55 2 76 1 66 3 41 2 10 2 18 2 54 1 7 1 3 2 27 1 48 0 29 1 57 0 15 3 11 1 53 2 42 3 20 1 86 1 34 2 99 2 63 2 83 0 66 0 56 2 58 1 36 1 86 1 42 2 30 2 66 0 92 2 73 1 79 2 30 2 6 1 33 1 17 3 28 2 8 2 77 3 46 2 13 0 2 1 81 0 56 3 18 0 99 1 38 0 46 0 85 3 16 3 52 2 33 0 24 1 77 2 6 2 66 2 76 3 83 2 95 1 62 1 54 0 27 0 78 2 37 3 84 1 27 2 70 1 39 0 5
87 2 52 2 17 2 47 2 59 2 98 0 13 1 21 2 93 1 55 1 100 2 67 2 66 2 88 3 37 2 47 0 27 0 20 2 54 1 67 1 57 0 36 3 85 3 16 1 12 0 62 0 8 2 97 0 92 1 37 2 85 3 9 1 8 0 55 0 56 3 41 0 79 2 11 3 91 2 3 0 81 3 56 3 63 2 11 3 24 0 74 1 65 3 82 2 53 2 21 0 10 3 55 0 33 0 64 2 32 1 46 0 63 1 19 1 52 2 4 3 20 1 41 2 66 2 56 1 18 3 84 2 80 3 35 3 13 3 28 3 83 1 81 2 97 1 15 0 23 0 48 1 18 0 50 0 79 1 26 1 8 2 37 3 20 3 91 1 41 3 48 1 51 3 29
44 3 22 2 23 3 83 1 14 1 6 1 60 1 2 1 19 0 98 0 3 0 60 1 50 3 6 3 27 0 98 2 72 3 4 1 96 1 72 3 52 3 35 2 9 0 41 3 52 2 50 3 55 2 44 3 8 0 58 1 91 3 27 1 68 1 60 1 13 3 10 3 78 3 42 1 56 1 76 3 89 0 68 3 85 3 53 2 63
63 1 1 3 99 1 73 0 53 0 2 0 16 3 31 2 54 1 92 0 48 0 12 2 16 3 64 0 16 1 13 1 15 2 75 0 53 2 97 1 96 3 59 3 83 0 53 1 79 0 49 2 88 1 45 2 29 0 72 2 88 0 70 2 22 2 37 2 21 3 29 3 71 0 29 3 11 0 15 1 84 1 19 2 93 2 41 1 32 0 86 1 67 1 35 0 54 2 59 0 28 3 65 2 29 0 89 0 3 2 66 0 9 0 50 1 17 3 36 2 25 1 2 1 46 3 72
75 0 24 0 85 3 59 1 15 3 25 2 86 3 5 1 61 1 57 2 62 3 5 0 100 2 14 1 38 2 55 3 29 0 10 3 59 1 71 1 11 3 30 0 28 2 87 1 27 3 23 1 88 3 52 2 25 0 7 0 14 2 99 1 64 1 45 3 56 3 2 3 59 2 69 2 14 2 76 0 14 2 30 0 49 3 2 0 60 1 78 3 77 1 54 2 27 0 72 1 68 3 10 0 81 1 77 3 65 2 68 3 11 2 40 3 43 1 62 3 27 0 43 2 74 3 56 1 49 3 1 0 54 1 83 0 78 3 46 0 24 2 87 1 51 2 75 3 47 3 31
8 1 53 3 69 1 44 2 22 3 61 0 64 3 93 0 99
29 3 43 2 69 0 30 2 85 1 5 0 5 1 78 3 99 2 28 1 13 1 45 3 29 2 95 2 76 1 14 0 1 1 96 0 5 1 6 2 50 3 73 2 82 3 47 2 16 2 59 0 30 2 5 1 27 2 61
6 0 86 0 61 3 95 0 71 1 6 0 87
97 3 94 1 70 3 73 3 70 1 73 0 31 3 47 3 92 2 54 3 37 2 27 3 87 2 42 0 73 0 46 0 8 1 100 1 89 1 60 3 16 3 34 3 36 2 9 3 3 2 73 2 89 0 49 1 2 2 87 1 81 2 83 0 81 0 90 3 22 1 87 2 86 0 71 0 15 1 72 2 76 3 87 3 53 0 73 1 79 0 66 2 29 0 77 0 13 3 61 1 88 1 8 3 40 3 8 1 72 1 42 2 11 3 65 2 85 1 49 2 81 3 81 3 57 0 83 1 20 2 30 1 71 2 52 0 46 1 47 3 25 1 36 0 54 3 68 3 28 2 80 0 96 0 40 2 28 1 77 3 92 2 24 1 26 2 96 1 82 1 100 3 94 0 41 3 8 0 92 0 65 1 24 0 89 1 53 2 78 2 65 3 49 2 19
32 1 26 0 91 0 85 0 36 1 58 2 22 3 61 3 25 1 35 2 94 2 84 2 3 2 19 0 58 3 46 2 17 0 19 2 83 2 34 0 6 0 49 3 25 2 18 1 29 3 92 1 56 0 76 0 35 0 13 1 6 1 6 2 82
50 3 1 0 28 2 26 3 54 0 50 2 46 0 30 3 62 0 17 0 5 0 61 1 17 1 11 2 1 2 88 3 48 2 98 1 31 2 38 0 96 3 96 3 66 0 16 1 16 0 27 3 29 2 44 1 55 3 77 2 56 3 30 0 68 2 69 3 26 2 18 3 58 0 67 2 5 0 76 0 81 2 31 0 27 0 19 3 82 2 56 1 75 0 79 1 46 1 23 1 24
63 3 8 1 63 0 53 3 68 3 45 0 24 1 30 2 2 2 61 0 44 3 63 3 93 1 48 0 100 0 37 1 54 3 22 0 60 3 76 0 19 2 14 1 31 1 98 2 4 3 33 0 50 3 85 3 72 0 50 1 36 2 77 1 34 1 40 1 92 2 97 0 18 1 27 2 15 1 14 3 15 2 23 1 31 0 21 3 18 3 70 3 91 0 75 2 66 1 84 1 89 2 5 1 2 2 26 1 19 0 3 2 51 2 60 1 45 1 15 0 63 3 19 3 84 3 76
75 0 65 2 97 3 76 1 13 2 9 1 76 3 52 2 95 0 15 0 21 0 66 1 82 0 64 1 22 0 95 1 86 3 18 3 6 3 9 0 89 0 73 3 11 3 82 2 39 2 8 2 70 3 93 0 42 2 28 0 4 1 99 1 37 2 56 1 15 0 19 0 23 1 20 1 43 0 98 1 75 2 62 3 91 2 63 0 29 1 53 0 27 0 76 0 6 3 64 3 88 0 22 3 98 0 70 1 11 0 96 3 10 0 88 0 70 2 56 0 72 3 24 2 63 3 3 3 79 2 98 1 81 2 74 3 91 0 15 3 78 3 50 2 12 2 34 1 4 0 51
42 0 67 2 94 1 89 2 60 1 59 0 13 3 6 3 43 2 69 2 20 1 61 3 1 2 25 3 73 0 95 1 58 1 26 0 72 0 97 1 28 1 5 1 57 2 16 0 20 0 18 0 62 0 51 3 72 1 59 2 85 0 84 2 28 3 41 2 26 2 44 3 49 2 56 3 94 1 80 1 18 1 13 1 91
