2 55
9856719 2683236
27 1 55 1 2 0 69 0 60 1 66 0 90 0 92 0 40 1 23 1 53 1 97 1 6 0 31 1 30 1 65 1 77 1 78 0 4 1 72 0 28 1 85 1 19 0 84 0 44 1 65 0 84 0 68
79 1 34 0 56 0 80 1 94 1 49 1 65 0 62 1 77 0 84 0 70 1 6 0 26 1 3 1 79 0 26 1 6 0 48 1 53 1 30 1 51 1 47 0 84 1 25 1 69 1 32 0 17 1 56 0 25 0 16 1 92 1 91 0 78 1 41 1 60 1 7 1 64 0 97 1 54 0 41 1 46 1 75 0 60 0 23 0 93 0 29 0 1 0 84 1 71 0 20 0 93 0 49 1 6 0 41 1 22 0 52 0 38 1 8 1 48 0 41 0 17 0 75 0 31 0 85 1 29 1 36 1 83 0 50 0 12 0 28 1 7 0 51 0 70 0 86 0 14 0 9 1 72 1 54 0 17 0 31
90 0 91 1 22 1 76 0 40 0 44 0 31 0 68 0 18 0 44 0 62 1 64 0 59 1 3 1 4 0 87 0 31 0 11 0 67 0 27 0 59 1 13 1 71 1 21 0 85 0 70 0 37 1 72 1 82 0 70 0 44 1 82 1 86 1 24 0 73 0 42 1 73 1 24 0 75 0 37 1 25 0 88 0 21 1 80 1 67 0 28 0 35 0 13 1 52 1 4 0 84 0 99 0 54 0 52 0 38 0 39 1 95 0 45 0 34 0 92 0 7 0 10 1 6 0 80 1 48 0 8 0 28 1 93 1 22 1 45 0 28 0 50 0 40 0 49 0 12 1 68 0 97 1 93 1 17 1 79 0 9 1 5 1 30 0 51 0 47 1 17 1 55 1 42 1 74 0 63 0 33
55 1 62 1 6 1 77 0 77 1 78 1 3 1 28 1 6 1 48 0 6 0 52 1 85 0 27 1 46 0 56 0 23 0 35 1 73 0 14 1 21 0 25 1 76 1 55 0 54 0 27 1 7 1 58 0 91 1 77 1 28 0 67 0 70 1 99 0 100 1 90 0 72 1 24 0 26 1 30 0 98 1 70 0 8 1 55 1 28 0 78 0 88 0 49 0 11 1 98 1 40 1 18 1 59 0 53 0 85 0 99
20 0 25 0 2 0 45 1 63 0 90 0 96 0 64 0 97 0 92 1 44 0 18 1 74 0 24 0 97 0 100 0 53 1 23 1 20 0 62 1 65
32 1 64 0 82 0 26 0 10 1 28 0 44 0 99 0 86 1 15 0 17 0 84 1 52 0 45 1 98 1 12 1 82 1 33 0 36 1 96 0 95 1 62 1 77 1 88 1 24 1 2 1 11 1 72 0 25 0 29 0 39 0 13 0 69
42 1 58 0 15 0 71 0 8 1 78 1 91 0 80 1 98 0 85 0 29 1 11 1 20 1 30 0 40 0 60 0 38 0 7 1 65 1 46 0 23 1 53 0 26 1 18 0 29 0 9 1 79 0 7 0 100 0 74 1 42 0 57 0 17 0 88 1 64 0 9 1 99 0 97 0 70 1 38 0 98 1 69 0 19
32 1 18 1 55 1 3 1 90 1 39 0 97 0 11 0 80 0 82 0 3 1 40 0 10 1 64 1 42 1 91 1 12 1 89 0 56 1 15 0 2 0 24 0 28 0 34 0 96 1 32 0 98 1 35 0 81 1 99 1 100 0 65 1 49
82 1 69 1 27 0 49 0 90 0 88 0 59 0 79 0 6 0 63 0 11 0 21 1 4 1 10 0 21 0 86 1 20 1 41 1 66 1 48 1 80 0 33 0 70 0 61 0 73 1 4 0 74 1 73 1 32 0 89 0 91 0 34 1 11 1 71 0 35 0 67 1 50 0 73 1 45 0 24 0 49 0 67 0 56 1 9 1 95 0 43 1 52 0 91 1 4 0 25 0 53 1 97 1 65 0 52 1 90 0 33 1 23 0 88 1 31 0 54 1 5 0 27 0 86 1 43 1 86 0 8 0 52 1 23 1 1 1 6 1 1 0 57 1 91 0 94 0 52 1 56 1 59 0 31 0 60 1 7 0 89 1 62 0 31
32 1 62 0 82 1 64 1 91 1 97 0 2 0 57 1 7 0 36 0 77 0 55 0 13 1 14 0 50 1 46 0 6 0 50 1 36 0 18 1 93 0 68 1 53 0 55 1 84 0 34 1 43 0 11 0 87 0 72 1 16 0 69 1 63
97 1 68 0 48 0 57 1 100 0 25 0 72 1 84 0 98 1 41 1 54 1 20 1 6 0 74 1 48 1 18 1 67 0 14 1 77 1 81 1 11 1 25 0 79 0 77 0 89 1 68 0 30 0 55 1 35 1 85 0 63 0 86 0 79 1 91 1 66 1 14 1 43 0 76 0 61 1 53 1 61 0 96 1 4 0 26 1 10 1 55 1 72 0 78 0 56 0 2 1 59 0 27 1 90 0 65 0 87 0 86 1 11 0 15 0 25 1 13 1 38 1 49 0 12 1 50 1 40 1 96 0 13 0 54 1 2 1 11 0 43 1 33 1 13 0 91 0 36 0 71 0 61 1 66 0 21 1 64 0 37 1 96 1 17 1 30 0 77 0 25 0 47 1 10 1 96 1 31 0 44 1 92 1 91 0 96 1 73 1 21 1 74 0 70
43 0 37 1 71 1 76 1 72 0 86 0 90 1 93 1 32 1 5 1 10 1 18 0 61 1 52 1 100 0 37 0 97 1 12 0 60 0 39 0 22 1 53 1 8 1 35 1 38 1 62 1 77 1 8 1 57 1 25 1 95 1 1 1 74 1 56 0 92 0 21 0 55 1 35 1 6 0 58 0 11 0 80 1 60 1 44
37 1 32 0 66 0 69 0 8 0 98 1 77 1 97 1 93 0 7 1 96 0 13 1 89 0 93 1 47 0 67 0 49 0 76 0 59 0 11 0 62 0 24 1 97 0 45 0 26 0 76 0 69 0 13 0 47 1 77 1 22 0 100 0 12 0 15 1 67 1 69 1 29 1 96
68 0 16 1 67 1 98 0 78 0 79 0 55 0 95 1 100 1 97 1 85 1 64 1 24 1 20 0 85 0 32 0 70 0 6 1 93 1 95 0 84 1 57 0 70 0 51 0 67 0 42 0 96 1 34 1 44 1 60 1 9 1 76 0 18 1 69 0 17 0 69 0 68 1 43 0 30 1 93 0 70 1 50 0 12 1 83 1 10 1 2 1 81 0 6 1 78 0 59 0 11 0 25 0 83 0 37 1 53 0 93 0 20 0 70 1 63 0 26 0 96 0 60 0 89 1 29 0 67 0 5 0 64 1 66 1 61
4 1 54 0 49 1 26 1 66
74 1 79 1 8 0 44 0 27 1 97 1 78 0 68 0 71 1 40 0 46 1 33 0 46 1 72 1 81 0 33 1 73 1 75 0 56 0 72 1 46 0 18 0 1 1 36 0 88 0 94 0 42 1 35 0 30 0 5 0 60 1 45 0 99 1 58 1 12 0 29 1 48 0 23 0 77 1 37 0 33 0 64 0 78 0 5 0 17 0 99 0 46 1 71 0 16 1 32 0 84 1 50 0 24 0 36 0 36 1 99 1 100 0 22 1 44 1 28 0 21 1 26 0 11 1 47 1 63 0 15 1 70 1 15 0 53 1 75 1 48 1 55 1 64 1 58 0 25
50 0 12 1 2 1 81 1 90 1 67 0 34 1 50 0 79 1 24 1 19 0 33 1 20 0 67 0 30 1 7 1 27 0 22 1 83 0 55 0 75 0 42 0 37 0 66 0 62 0 46 0 82 0 83 1 25 0 8 1 59 1 80 1 98 0 61 1 42 1 68 1 22 0 37 1 71 0 86 0 26 0 49 1 51 1 3 0 28 0 77 1 88 0 42 0 45 1 78 0 19
24 1 64 0 80 1 27 1 72 0 99 1 14 0 10 1 29 1 98 1 4 1 66 0 70 0 7 0 74 1 32 0 97 1 87 1 95 1 88 1 48 0 34 0 57 0 88 1 74
97 0 52 0 66 0 6 0 64 1 56 1 58 0 97 1 42 1 2 0 54 0 82 1 24 0 20 0 57 1 14 1 84 1 24 0 30 1 62 1 47 1 91 0 41 0 81 0 29 0 60 0 58 1 31 0 71 0 54 0 93 1 15 0 32 1 76 1 87 0 23 1 71 1 59 0 64 1 23 1 25 0 74 0 95 1 32 0 92 0 38 0 70 1 53 1 45 0 38 0 90 1 54 1 47 0 21 1 56 1 4 0 2 1 22 1 5 1 47 1 99 0 76 0 66 1 2 1 92 1 74 1 63 1 82 1 74 0 60 1 74 0 79 1 86 0 31 0 67 1 14 1 65 1 71 1 13 1 74 1 70 1 96 1 40 0 54 1 48 0 38 0 7 1 95 0 91 0 24 1 51 0 62 0 89 1 33 1 80 0 93 0 17 1 58
47 1 65 0 26 0 96 1 65 1 6 0 18 1 54 1 91 0 57 0 73 1 37 0 55 0 71 1 64 0 57 1 23 1 48 0 83 0 43 1 46 1 50 1 12 1 43 1 98 1 45 0 60 1 71 0 6 1 68 1 20 1 11 0 31 1 76 1 19 1 3 0 58 0 39 1 52 0 58 0 61 0 12 1 23 0 98 1 54 0 38 1 29 0 46
9 0 92 0 67 0 65 0 28 0 86 1 32 0 59 1 24 0 66
32 0 91 1 76 1 5 0 69 1 12 1 86 1 90 1 54 1 100 1 54 1 62 1 68 1 94 1 29 1 18 0 86 0 66 0 88 0 60 1 72 0 90 0 8 0 19 0 9 0 47 0 84 0 78 1 8 0 74 0 32 0 72 1 91
57 1 75 1 3 0 61 1 76 0 47 1 50 1 93 1 21 1 54 1 53 1 12 1 38 1 98 1 91 0 76 1 11 1 89 0 73 1 65 1 22 1 71 1 51 0 89 0 82 1 96 1 100 0 80 1 56 1 63 0 99 1 84 0 34 1 4 0 15 1 68 1 32 1 25 1 61 1 69 1 84 1 81 0 61 0 74 1 70 1 3 0 76 0 22 0 74 0 60 0 90 1 67 0 59 0 47 0 49 0 53 1 44 1 37
14 0 76 0 52 0 21 1 96 1 79 1 36 0 72 1 68 1 28 0 20 0 33 0 72 0 12 0 32
4 1 63 1 3 0 31 1 100
47 1 26 0 83 0 39 1 11 0 68 1 18 1 71 0 24 1 3 0 66 0 87 0 42 0 90 1 38 1 36 1 100 1 1 0 69 1 75 1 96 0 71 1 20 0 65 0 22 1 7 0 94 1 51 1 8 1 50 1 91 1 89 1 95 1 93 0 1 0 23 1 11 0 92 0 32 0 6 0 89 0 33 0 53 0 97 0 100 0 19 1 35 1 37
64 0 83 1 98 1 50 0 84 1 89 0 44 0 63 0 5 0 100 0 50 0 54 1 100 0 92 0 25 1 3 1 34 0 60 0 3 1 82 0 97 1 78 1 83 0 60 0 1 1 87 1 82 1 10 0 84 0 53 0 63 0 73 1 56 1 36 1 20 0 77 1 48 0 3 0 68 1 61 1 12 1 70 1 7 1 35 0 18 1 83 0 9 1 56 1 68 0 49 0 14 1 55 0 15 1 91 0 52 0 18 0 38 1 86 1 28 1 14 1 21 0 91 0 65 1 68 0 56
26 1 37 0 72 1 44 1 49 0 25 0 3 1 52 1 89 0 91 0 79 1 45 0 98 1 96 0 19 1 18 1 45 1 97 1 100 0 6 0 96 0 55 1 65 1 41 1 25 1 5 0 9
59 0 87 1 88 1 41 1 76 0 31 1 64 0 47 1 23 0 69 0 97 1 39 0 8 1 51 0 95 1 13 1 45 0 63 1 35 0 56 1 26 1 56 0 72 0 44 0 75 1 14 1 63 1 30 0 78 1 47 0 63 0 73 1 57 1 37 1 68 1 100 0 90 1 78 0 98 1 18 1 98 0 33 1 26 1 92 1 98 0 26 0 68 1 85 1 25 0 87 0 53 0 97 1 69 0 41 0 35 1 58 0 27 1 57 0 29 0 89
99 1 74 0 9 0 40 0 15 0 26 0 80 1 70 0 96 1 42 1 99 0 54 1 50 1 4 0 27 1 79 0 2 0 24 1 77 0 94 1 8 1 79 0 22 0 7 1 84 0 73 0 2 1 59 1 91 0 93 0 67 0 35 1 15 1 5 1 88 1 61 1 54 0 100 1 53 1 97 0 75 0 33 0 94 0 65 1 71 0 31 0 47 0 85 0 50 0 66 0 54 1 30 1 34 1 42 1 43 0 55 1 44 1 11 0 85 0 64 0 95 1 85 1 17 0 11 0 62 1 5 1 91 1 66 1 91 0 20 0 40 0 8 0 56 1 4 1 61 0 10 1 64 1 35 0 73 1 15 0 99 1 59 0 87 0 36 1 72 0 81 1 79 1 23 1 61 0 37 1 16 0 3 0 91 1 75 1 99 0 65 0 4 1 38 0 46 1 92
44 0 84 0 100 1 2 1 68 1 28 0 59 1 42 1 91 1 37 1 12 0 83 0 10 1 55 1 26 1 57 1 58 0 12 1 89 1 72 0 24 1 88 0 63 0 4 1 52 0 62 1 92 0 12 0 54 0 30 0 73 1 65 1 20 0 28 0 6 1 18 1 84 1 61 1 37 0 43 0 88 1 95 0 49 0 28 0 36
51 0 10 1 19 1 20 0 65 1 63 1 51 0 30 1 27 1 55 1 83 0 13 1 63 1 59 0 79 0 46 1 1 0 17 0 73 1 13 0 31 0 43 0 94 1 37 0 85 0 83 1 62 1 77 1 93 1 93 0 59 1 64 1 71 1 34 1 49 0 100 0 16 1 76 1 4 0 23 1 12 0 96 0 51 0 37 0 34 1 52 0 37 1 67 0 61 1 1 0 92 0 35
22 1 15 0 83 1 54 0 60 1 38 0 40 0 80 0 10 1 69 0 86 1 90 0 1 1 15 0 92 0 82 1 58 0 67 1 69 1 49 1 91 0 34 1 25
63 0 29 0 75 0 80 0 32 1 43 1 67 1 81 0 32 0 57 1 30 0 73 1 31 1 83 0 12 1 14 0 60 0 31 0 13 1 66 1 59 1 29 0 95 1 70 0 86 0 51 1 44 0 34 1 24 1 45 0 46 1 22 0 9 1 44 1 46 0 35 1 92 0 64 1 39 0 97 0 39 0 57 1 46 1 11 1 47 1 83 1 22 1 37 0 25 1 11 0 40 0 88 1 34 1 96 0 83 1 79 0 56 0 74 0 82 0 23 1 71 0 58 1 51 0 55
82 0 96 0 14 1 100 0 58 1 84 1 12 0 80 0 79 1 99 0 39 1 84 1 39 1 11 1 70 0 47 1 5 1 51 1 54 0 50 0 21 0 22 1 9 1 82 0 89 1 51 0 86 0 63 0 70 0 82 0 35 0 68 1 90 1 20 1 33 0 93 0 20 0 25 1 75 1 94 1 67 0 55 1 87 1 32 0 18 1 29 1 46 0 70 0 49 0 62 1 77 0 67 0 44 1 31 0 68 0 9 0 35 1 96 0 94 0 85 0 21 1 61 0 73 1 57 1 26 1 2 1 95 0 10 0 76 0 79 0 91 1 60 1 2 1 75 0 36 0 60 0 58 1 59 0 67 0 13 1 36 0 2 0 45
43 1 47 1 33 0 33 0 79 0 79 0 47 0 92 0 27 1 39 1 21 1 19 1 24 1 20 0 52 1 96 0 15 1 62 0 68 1 25 1 73 0 74 1 86 1 66 1 40 1 68 1 49 1 28 1 77 1 82 0 70 0 50 0 96 0 100 0 63 1 7 0 59 1 92 0 80 0 92 0 94 0 25 1 67 0 78
61 0 75 1 9 0 33 0 83 1 86 0 76 0 84 0 30 0 80 1 53 0 20 1 4 1 80 0 67 1 15 1 17 0 10 0 22 0 31 0 65 1 34 0 14 1 86 0 67 0 78 1 72 0 57 0 56 1 47 1 76 1 61 0 94 0 15 0 76 1 39 0 63 0 36 0 64 0 64 0 5 1 34 0 96 1 75 0 60 1 51 1 13 1 51 1 26 0 95 0 73 0 93 0 86 0 79 0 12 0 81 0 97 1 100 1 100 0 92 0 79 1 91
26 0 57 0 52 1 54 1 89 0 81 0 67 0 8 0 18 0 44 1 50 0 36 1 25 1 86 0 50 1 42 0 28 0 72 1 59 0 17 0 29 1 95 0 76 0 52 1 82 0 19 0 92
2 1 20 1 6
2 1 12 0 14
21 1 38 0 58 0 92 1 57 1 55 1 9 0 81 1 20 1 31 1 62 0 61 1 22 0 72 0 2 1 93 0 28 0 33 0 77 0 83 0 80 0 21
51 0 85 0 95 0 63 1 35 1 27 0 32 0 48 0 56 1 54 1 10 1 37 1 44 0 50 1 18 0 81 0 76 1 71 0 45 1 41 1 87 0 15 1 82 0 48 1 81 0 8 1 44 1 67 0 96 0 27 0 33 1 76 1 28 1 77 1 82 1 51 0 62 1 72 1 47 0 75 0 4 1 57 1 95 0 57 0 64 1 56 1 53 1 11 0 96 0 50 1 45 0 43
96 1 76 0 42 0 43 1 99 0 38 1 84 0 58 1 30 1 12 0 20 0 62 1 32 1 45 0 86 1 31 0 83 1 19 0 30 1 96 1 21 1 28 1 27 0 99 0 74 1 36 1 18 0 67 0 82 0 98 0 27 1 1 1 59 1 85 1 63 0 73 0 43 1 11 1 87 1 75 0 76 1 94 1 63 1 1 1 53 1 71 1 67 0 89 0 21 0 47 0 99 1 41 1 73 1 34 1 19 0 32 0 68 1 95 0 94 1 13 1 43 1 75 1 59 1 18 1 19 0 42 0 47 1 13 1 74 1 83 1 20 0 71 0 80 0 37 0 6 1 59 1 83 0 31 0 24 1 71 1 19 0 62 0 18 1 94 1 55 0 97 0 53 1 14 0 8 0 5 1 69 1 68 1 32 1 87 1 93 1 89 1 33
79 0 14 1 25 1 50 1 48 0 26 1 31 1 62 1 85 1 100 0 87 0 11 1 81 1 98 1 47 0 14 1 10 1 57 1 58 1 64 1 56 1 60 0 42 0 43 1 92 0 3 1 70 0 10 1 92 1 15 0 34 1 12 1 43 1 62 0 15 0 10 1 44 0 98 0 53 1 73 1 21 0 7 0 15 1 87 1 7 1 66 0 62 1 10 1 21 1 30 1 90 0 44 1 11 1 42 1 32 1 21 1 93 0 66 0 47 1 99 1 3 1 56 1 17 1 53 1 29 1 58 0 92 1 96 0 62 1 62 0 98 0 69 1 69 1 41 1 43 0 26 1 89 1 26 1 33 1 48
48 1 88 1 72 0 49 1 88 1 9 0 60 0 39 1 30 0 86 1 63 1 89 1 29 1 55 1 97 0 39 0 16 0 97 1 98 1 21 1 78 1 51 1 55 0 60 0 74 1 67 1 74 1 64 1 68 1 19 0 9 0 73 0 12 1 38 1 30 0 91 1 76 1 57 0 69 1 47 0 8 0 58 1 14 0 50 1 10 1 52 1 99 0 17 0 86
50 0 59 1 1 1 11 1 9 1 1 0 46 1 78 1 8 0 77 0 21 0 27 1 70 1 87 0 5 1 21 0 13 0 71 1 42 1 70 1 79 0 34 0 50 0 54 0 92 0 19 0 49 1 88 1 31 0 56 1 69 0 19 1 9 1 37 1 62 1 97 0 74 0 24 0 4 1 89 0 53 1 67 0 24 1 23 0 84 0 11 0 13 1 52 1 38 0 1 0 47
53 0 49 0 72 1 27 1 29 0 36 1 40 0 16 1 16 0 61 1 9 1 93 0 23 0 92 1 57 1 90 0 19 1 9 1 92 1 18 1 66 0 31 1 55 1 50 0 26 0 28 1 16 1 19 0 8 1 18 0 4 0 49 1 19 1 22 0 76 1 37 1 8 1 84 0 82 0 100 0 48 0 83 1 62 0 59 0 96 1 16 1 50 0 42 0 87 1 35 1 69 1 51 0 41 1 90
98 0 59 1 82 0 25 1 66 0 14 1 89 0 76 0 14 1 11 1 11 1 61 1 70 1 16 0 23 1 90 1 6 1 19 0 1 0 2 0 23 0 58 1 60 1 16 1 25 0 74 0 48 1 71 1 86 1 68 1 21 0 49 0 61 0 2 0 50 1 20 0 99 1 57 1 50 0 37 0 42 1 21 0 95 0 91 0 31 1 99 1 19 0 16 0 13 1 66 0 50 1 33 0 30 1 58 0 59 0 10 1 65 0 67 1 92 0 80 1 88 1 23 1 67 1 83 1 8 0 51 0 54 0 57 0 99 0 89 1 51 0 16 0 91 1 34 0 81 0 96 0 24 1 93 1 10 1 37 1 72 0 86 0 20 0 85 0 81 0 36 0 9 0 75 0 52 0 91 0 93 1 65 1 63 0 7 0 8 1 26 0 96 1 55 0 35
24 0 42 0 59 0 23 0 19 1 73 1 36 1 31 0 91 1 69 0 65 1 4 1 84 0 91 1 24 1 42 0 91 0 13 1 19 0 97 1 34 0 85 1 8 0 22 0 96
26 0 42 1 37 1 97 1 75 1 37 1 5 1 31 1 71 0 28 1 52 0 78 1 62 1 92 1 94 0 13 1 14 0 96 0 40 0 41 0 81 1 86 1 16 1 3 1 9 0 85 0 66
88 1 39 0 48 1 43 0 15 1 82 1 3 0 91 0 17 0 50 1 77 1 16 0 81 0 82 1 74 0 30 1 9 0 21 1 13 0 18 1 4 1 53 0 81 0 98 1 77 1 63 0 81 1 8 1 82 0 3 1 39 0 16 1 38 1 99 0 78 0 28 0 52 0 23 0 46 0 62 1 9 0 48 0 28 0 70 1 99 0 13 1 5 0 62 0 42 1 89 1 54 0 97 1 3 1 23 0 66 0 32 1 63 1 30 1 32 0 18 1 38 1 87 1 28 0 95 0 6 1 85 1 33 1 73 1 87 0 19 0 14 1 42 0 56 0 25 0 74 0 11 0 10 1 47 1 100 0 70 1 26 0 75 0 88 0 52 1 29 0 53 1 88 0 70 0 78
87 0 51 1 22 0 92 1 3 1 76 1 99 0 45 1 34 0 45 0 50 0 36 1 27 0 29 1 52 1 51 0 9 1 99 1 90 0 24 0 68 0 67 0 62 0 9 1 27 0 16 0 14 1 62 0 17 0 89 1 53 1 84 0 71 1 26 0 34 0 9 1 43 0 1 1 66 0 66 0 73 1 68 1 59 0 8 1 30 1 44 0 40 1 78 1 89 0 95 1 80 1 28 1 98 1 40 0 55 0 43 1 34 0 6 1 31 1 27 0 52 1 93 0 24 1 60 1 35 1 72 1 76 0 16 0 67 0 76 0 95 0 16 1 95 1 71 1 52 1 4 0 29 0 11 1 76 1 85 1 99 0 62 0 80 0 14 1 20 1 32 0 81 1 26
83 0 86 0 53 1 28 1 96 1 31 0 26 1 31 1 20 0 3 0 45 0 40 1 80 1 59 1 70 1 46 1 3 1 47 1 57 0 38 0 92 1 75 0 52 1 83 1 3 0 57 1 73 1 18 0 41 0 3 0 69 0 3 0 15 0 16 0 97 1 49 0 13 0 1 1 94 0 79 0 85 1 95 1 77 1 29 1 63 0 37 0 100 0 94 1 68 0 91 0 15 1 98 1 20 0 92 1 45 1 28 1 45 0 78 0 54 0 39 1 10 1 69 1 9 0 96 0 20 1 9 1 39 0 51 0 75 0 44 1 95 1 93 0 72 1 6 1 96 1 97 0 53 0 83 0 11 1 16 1 10 0 54 1 91 0 28
31 0 43 1 89 1 48 1 15 0 64 1 4 1 53 1 17 1 40 0 97 1 53 0 20 1 45 1 69 0 94 0 57 0 92 0 20 1 89 1 80 0 95 0 63 1 9 0 60 1 5 0 73 1 3 0 5 1 89 0 91 0 80
19 0 10 0 77 0 2 1 26 0 88 1 24 1 76 1 90 1 95 1 80 0 89 1 56 1 42 1 25 0 20 1 76 1 64 0 46 0 43
