8 53
9054761 1257017 3181094 3545988 5415214 170912 6691570 6436171
100 0 59 5 43 1 91 7 37 6 22 0 48 4 9 4 24 0 9 5 38 6 24 2 90 2 18 1 59 4 3 3 23 4 77 6 26 1 14 4 13 3 48 6 40 2 66 2 57 4 8 1 3 3 51 2 91 0 31 7 61 2 88 4 95 7 5 5 22 0 17 1 100 7 66 5 32 1 48 3 34 3 9 1 77 2 26 0 49 5 60 5 81 6 67 3 52 1 15 4 40 3 12 5 11 5 53 4 53 2 53 3 48 6 16 5 73 1 73 4 52 2 33 6 58 2 38 4 70 2 56 3 46 1 24 1 82 2 98 4 17 5 25 2 92 0 14 5 67 2 88 7 80 1 40 6 46 5 61 4 94 7 48 3 38 4 70 0 40 4 54 3 84 0 85 6 59 4 12 1 71 2 37 7 85 0 7 7 66 2 41 6 56 2 84 0 34 4 7 5 8
20 2 89 2 64 1 38 2 98 7 47 6 63 4 41 5 7 0 76 5 98 6 60 3 31 1 43 7 92 4 36 6 44 6 30 7 45 2 17 3 99
24 5 23 7 21 4 6 0 25 3 32 4 66 1 27 3 59 5 4 2 14 2 68 3 45 1 60 7 64 2 68 6 9 5 2 4 72 4 49 3 77 4 82 0 83 7 14 6 70
75 4 79 4 95 6 46 0 83 0 54 2 95 7 19 0 21 2 97 2 40 4 60 3 74 1 96 0 91 6 96 7 76 5 3 1 42 5 37 2 63 4 70 4 97 5 98 5 60 2 14 4 38 7 64 6 36 4 73 2 29 5 38 4 38 6 53 6 16 5 27 2 15 5 51 4 64 3 61 4 32 4 97 1 63 5 33 3 59 4 86 2 71 0 7 1 99 3 16 2 4 7 1 6 8 7 95 7 86 1 59 6 40 5 74 6 59 6 52 7 24 1 59 7 85 7 5 3 4 5 52 3 46 4 60 4 28 2 67 6 64 6 56 7 4 3 52 4 61 5 69
76 7 91 6 85 5 42 7 83 3 100 2 46 6 81 1 22 2 43 0 21 2 21 0 36 4 88 6 100 7 33 3 88 7 30 1 42 4 65 0 27 1 70 5 38 6 74 3 12 3 68 2 25 0 98 5 67 3 44 3 96 0 53 7 23 1 70 7 81 0 89 6 24 0 83 0 31 7 89 0 86 1 70 6 4 0 67 4 66 6 52 5 22 3 34 0 93 3 93 7 78 3 54 6 21 3 3 5 81 7 34 7 5 7 35 2 95 2 52 0 42 4 26 2 18 4 79 0 70 2 44 7 98 5 83 3 68 4 90 2 29 4 46 1 87 6 36 4 23 7 63 3 50
48 7 14 0 26 1 96 2 26 7 78 7 96 3 91 4 61 0 12 1 54 2 5 7 4 6 78 0 36 4 27 1 2 5 17 1 76 0 62 0 55 5 21 0 95 3 18 1 21 3 27 0 88 4 41 0 79 4 19 1 8 2 77 0 29 7 95 0 31 0 27 7 94 3 72 7 35 2 33 5 13 0 48 7 43 3 88 0 78 5 6 6 72 4 14 4 23
89 0 33 1 8 0 42 4 12 3 97 3 56 4 98 5 88 4 73 0 40 0 46 4 23 1 61 0 79 0 73 5 32 4 68 0 63 7 65 6 27 1 63 3 21 3 41 7 56 0 67 2 58 3 26 3 81 1 2 2 1 2 20 4 17 5 96 5 31 1 15 3 44 5 81 6 14 3 59 3 29 7 91 7 18 6 38 4 30 3 62 2 59 1 47 0 90 7 63 2 90 3 17 6 27 1 92 0 52 1 96 2 38 3 48 3 45 3 90 7 31 3 14 0 63 5 84 3 87 1 49 3 17 7 99 0 100 3 29 3 4 6 12 1 48 3 11 5 82 2 94 1 78 4 7 2 37 0 81 7 57 4 21 3 44 0 85 3 87 2 70 5 70 3 80 2 52 6 83
63 7 77 2 49 2 46 3 15 3 94 0 9 3 2 5 32 4 65 0 65 4 98 6 55 7 30 5 32 6 76 5 70 7 36 0 80 4 98 5 63 0 11 0 11 1 98 3 34 4 26 1 100 2 78 1 12 7 90 3 50 2 23 2 71 2 47 7 67 2 44 2 87 5 80 2 98 3 52 1 41 5 95 0 91 5 94 2 50 7 9 7 81 7 10 7 6 6 39 4 11 2 54 1 29 4 13 1 53 7 34 7 66 6 86 3 36 3 97 1 56 4 54 1 13 3 14
50 5 26 0 76 0 32 1 4 6 86 6 63 2 64 3 90 2 25 6 31 2 28 5 73 3 73 5 54 0 43 1 86 6 71 4 90 0 28 7 23 3 23 5 67 1 52 6 64 6 8 1 57 3 38 3 88 5 30 6 95 2 72 1 75 6 70 5 22 7 30 2 92 6 85 4 95 3 35 2 39 1 98 3 86 0 84 5 27 4 63 4 53 4 63 1 94 6 25 7 30
37 7 30 4 4 5 47 5 6 0 84 0 55 0 49 2 15 7 80 4 15 1 94 6 4 1 68 3 31 4 37 3 57 6 61 4 74 5 7 4 62 0 21 4 18 2 18 0 43 7 65 7 39 5 9 3 66 4 48 7 50 3 84 6 62 5 15 1 53 5 73 5 29 2 43
72 4 14 5 9 7 44 3 81 5 63 2 58 2 49 6 27 4 63 5 95 7 40 7 29 7 35 2 21 7 19 2 1 0 73 1 5 4 16 7 39 5 26 4 44 5 64 0 65 1 48 3 43 1 41 3 52 3 2 4 58 3 100 7 2 2 78 6 32 2 10 4 19 0 100 4 80 2 68 1 36 0 73 0 7 6 82 2 40 3 2 7 62 6 32 7 61 6 19 4 1 0 77 4 89 5 75 6 50 4 91 0 8 6 57 2 57 0 14 5 60 3 80 4 8 6 31 7 99 1 60 0 26 3 69 3 33 3 98 4 53 6 34 3 23
43 6 17 1 95 2 100 4 34 2 98 2 43 7 97 6 44 3 42 5 74 6 96 6 97 5 2 5 14 5 44 6 1 2 89 3 11 1 10 4 12 6 89 3 59 1 13 1 39 3 46 6 37 4 54 2 60 6 70 1 42 7 90 5 85 6 56 2 27 4 31 3 42 7 49 4 93 6 67 4 33 6 8 3 16 1 90
12 2 65 0 68 2 82 5 8 7 37 4 92 0 92 3 94 5 91 2 32 4 70 7 25
93 6 16 1 86 5 19 4 28 4 69 6 18 6 85 1 18 0 23 6 45 3 58 0 55 6 14 3 1 1 90 7 83 4 74 5 17 2 58 5 56 2 28 6 74 4 36 2 20 0 75 6 37 7 40 0 8 6 45 0 24 6 13 4 51 0 97 1 76 6 87 1 8 1 94 3 85 1 92 2 27 2 9 0 41 0 91 5 84 6 59 1 56 5 49 0 96 7 89 0 1 0 86 2 40 5 67 4 70 5 41 1 74 3 96 3 24 6 17 5 74 7 21 5 9 7 47 5 87 0 75 6 16 5 19 6 46 1 78 5 15 5 29 1 87 3 7 5 57 6 27 3 16 4 42 0 44 2 26 0 25 4 1 0 66 5 57 6 31 1 13 3 52 2 47 1 50 5 61 6 55 1 72 7 43 1 21
86 6 11 5 66 7 43 6 3 0 95 6 21 3 83 6 78 4 90 6 96 4 20 3 65 7 33 5 77 1 15 0 32 3 19 6 93 1 10 1 27 4 11 4 21 4 47 4 27 0 32 7 8 2 43 7 89 6 92 5 16 4 50 2 74 6 51 2 18 5 99 5 71 0 96 6 71 0 62 3 66 0 73 1 75 5 27 2 46 3 85 3 97 5 72 5 82 5 95 3 68 3 85 0 33 7 13 5 76 6 27 0 58 6 75 0 67 2 49 2 16 2 64 3 43 1 9 0 92 2 25 3 3 1 92 3 19 5 12 1 51 0 2 1 87 2 61 5 88 4 72 1 43 1 55 4 59 3 33 4 35 5 77 5 53 2 53 3 37 3 47 6 56
16 7 91 2 71 6 99 0 7 4 48 3 52 6 50 7 76 0 62 1 95 0 99 4 49 7 72 5 54 3 28 3 55
67 1 72 5 92 1 83 7 64 0 2 6 6 7 59 5 8 4 21 3 17 4 55 3 52 3 9 2 64 2 87 5 51 4 46 2 55 5 44 5 16 4 52 3 92 2 84 3 10 3 95 3 18 7 31 4 55 6 82 2 5 7 100 6 12 5 99 7 23 0 30 4 32 3 47 7 61 6 58 4 2 5 32 1 51 1 6 4 93 7 3 2 37 7 72 5 40 3 11 2 68 7 88 3 16 7 4 2 75 6 25 4 75 1 92 4 72 1 60 7 17 5 84 0 68 7 26 1 92 7 99 1 1 1 45
75 2 94 5 37 1 95 4 60 5 89 6 53 1 82 3 53 0 54 3 63 6 44 7 96 1 78 7 98 1 15 4 24 6 26 5 92 2 33 0 2 3 5 4 15 7 12 2 58 1 23 4 4 5 73 6 39 2 55 0 32 7 48 6 93 0 28 3 56 7 46 7 6 5 40 5 18 2 21 1 74 1 38 1 28 1 70 6 23 1 79 5 17 0 10 6 97 1 19 5 35 1 96 4 98 1 80 5 32 2 35 4 96 6 75 4 79 2 53 3 73 6 53 2 46 7 78 6 84 2 62 5 28 6 41 3 70 2 19 1 43 2 8 4 36 3 84 7 89 7 32
85 1 5 5 22 0 19 2 10 0 55 7 27 2 71 3 13 3 58 1 58 5 61 1 99 5 37 3 46 7 7 2 64 6 45 4 15 6 19 3 88 6 95 0 94 6 97 7 9 4 51 0 89 4 86 6 4 5 85 7 92 6 27 7 23 1 63 2 21 4 33 1 72 3 16 6 60 6 86 3 86 3 7 7 50 5 25 2 2 3 88 7 42 2 78 1 66 7 22 3 24 6 82 1 40 0 5 2 4 0 31 6 52 7 86 7 1 6 56 6 1 4 67 4 28 3 27 1 81 4 47 0 33 1 74 4 40 0 87 2 5 0 27 6 92 2 8 6 28 2 34 1 81 3 61 7 91 1 4 5 5 1 44 3 97 5 2 2 25 6 25
20 6 61 5 31 1 97 5 24 1 35 4 69 2 75 6 27 6 62 2 57 1 25 1 47 1 99 2 51 0 96 7 86 3 62 1 72 7 72 6 52
2 6 21 6 94
35 3 8 1 99 0 19 4 56 6 1 4 42 1 40 4 99 7 2 5 33 5 33 4 60 3 64 5 51 3 79 6 33 7 36 6 20 4 23 1 81 7 10 5 75 2 40 6 85 5 66 0 90 5 61 5 25 7 74 1 7 5 17 5 19 5 83 1 92 3 55
32 5 53 2 25 6 50 1 98 2 78 3 80 3 77 7 91 4 82 3 78 5 70 0 75 4 3 3 69 1 67 3 71 4 76 2 93 5 66 0 44 2 8 6 92 3 25 7 16 6 43 5 97 7 75 7 73 0 60 1 50 1 28 6 67
39 5 15 0 81 6 81 4 34 2 96 6 66 4 42 0 2 5 81 5 87 5 93 5 89 0 95 7 99 0 49 3 85 2 70 4 87 0 30 6 43 1 16 3 13 2 98 4 84 7 28 6 34 6 9 7 39 7 4 5 63 4 5 1 77 5 39 3 83 1 53 4 7 5 94 6 94 3 16
13 0 38 4 50 2 92 1 9 4 15 3 89 4 53 4 18 1 42 0 32 5 42 0 50 1 71
13 3 23 1 67 5 37 1 84 6 19 2 60 0 24 7 47 1 39 4 55 2 78 5 85 4 90
88 1 51 0 3 2 16 3 37 5 86 5 36 1 34 4 39 7 59 1 30 3 8 6 23 7 56 0 13 3 49 5 32 4 84 6 84 7 9 3 77 3 64 1 11 6 51 0 73 6 66 4 27 3 23 1 64 5 12 4 45 6 47 6 23 3 10 0 92 6 54 7 45 5 2 3 38 0 56 0 46 7 68 4 44 0 89 7 30 2 29 1 29 7 25 1 86 2 97 7 44 0 81 1 18 2 40 1 94 3 75 0 25 2 61 4 78 0 19 4 11 6 9 5 73 1 17 4 25 2 27 7 71 0 8 0 2 2 23 7 8 3 11 2 64 3 60 0 80 1 71 1 96 4 27 0 60 6 95 5 97 3 62 6 75 0 59 2 77 5 36 3 32 6 54 1 77
100 1 77 5 79 3 99 1 77 2 97 7 70 6 45 6 14 3 2 3 58 0 30 4 9 7 24 2 51 1 33 7 47 2 75 6 71 3 67 2 20 3 11 4 3 7 30 2 49 5 57 3 81 6 46 3 45 5 61 2 13 5 9 5 67 4 76 4 96 5 25 4 98 1 83 2 32 0 83 5 40 4 11 3 13 4 91 4 67 4 88 3 22 3 48 6 40 4 22 4 12 6 43 1 83 4 59 4 21 4 59 3 18 7 86 2 81 6 80 2 20 2 7 2 8 7 65 6 23 4 89 3 56 7 66 4 42 3 94 6 25 0 60 1 35 0 94 4 48 7 75 3 29 3 100 7 64 3 10 3 55 7 17 1 78 7 37 2 3 4 74 5 6 2 32 7 17 4 13 2 54 7 81 5 25 1 33 7 26 5 79 2 9 1 79 4 35 6 93 2 91
30 1 78 1 52 6 83 6 33 3 33 2 88 2 40 0 28 3 4 4 44 1 24 6 51 2 17 0 95 4 86 3 78 5 88 2 93 1 24 5 46 2 87 5 29 7 72 7 15 4 37 6 41 3 52 5 75 3 54 3 47
51 2 50 3 93 3 11 0 30 3 68 2 50 7 90 5 42 2 54 7 72 5 61 6 39 6 47 4 64 4 88 5 36 7 17 7 22 0 18 4 66 4 39 3 73 0 81 3 17 3 80 2 31 6 59 5 22 1 46 3 80 7 71 2 41 7 80 7 93 3 57 3 62 6 11 6 60 0 30 3 65 1 17 1 73 4 92 0 12 3 9 2 30 1 95 3 93 2 20 7 64 6 28
39 1 34 7 88 1 41 4 34 2 74 5 64 5 8 2 25 2 73 2 4 2 4 6 33 3 57 2 72 7 37 7 32 0 45 1 13 5 18 7 10 2 84 7 51 2 28 1 41 5 8 6 82 7 72 3 15 3 63 5 8 2 44 2 93 3 25 5 21 7 12 6 61 6 22 4 36 3 34
70 0 43 5 28 3 83 7 50 4 61 0 48 5 18 5 14 1 61 1 78 0 16 6 4 4 23 1 34 2 77 2 77 2 94 6 39 3 91 0 65 7 71 6 13 6 97 5 47 1 97 3 15 4 48 5 93 2 32 7 36 6 13 0 46 4 9 7 94 5 66 6 96 7 86 5 75 0 75 6 15 3 40 3 88 7 86 5 59 0 8 7 38 5 81 4 89 1 17 4 12 0 39 6 65 2 10 6 13 5 40 7 44 3 7 7 96 0 30 6 85 4 36 5 60 0 89 5 50 0 70 1 79 6 55 5 22 4 12 5 83
81 6 98 6 91 6 14 2 92 0 1 0 6 3 15 4 82 5 2 2 29 3 73 5 36 3 5 6 81 6 46 6 31 7 69 4 83 2 50 2 50 1 98 7 25 0 100 5 23 7 14 0 98 0 14 5 71 7 86 5 48 4 15 3 7 2 27 7 42 3 47 0 62 7 44 2 36 0 73 3 89 4 17 4 2 1 55 3 35 7 90 0 22 7 32 1 78 5 18 0 75 3 29 0 83 2 87 5 89 0 50 7 69 0 48 2 62 5 42 1 45 5 42 3 84 7 46 0 83 0 49 3 73 5 92 7 80 1 73 1 42 6 90 7 40 5 74 7 17 7 79 2 76 2 95 7 79 0 63 5 56 1 7
60 3 85 3 50 5 51 2 97 5 74 0 10 2 48 2 28 4 51 4 38 7 14 7 16 1 19 6 51 0 94 0 17 6 81 6 38 5 58 0 63 7 80 0 24 7 15 3 64 7 52 3 53 7 91 3 32 0 59 5 65 7 74 3 22 7 63 4 56 7 65 6 40 4 4 4 26 6 82 2 11 6 38 1 58 7 46 0 94 5 48 0 98 2 21 6 38 3 41 3 71 3 79 5 61 3 82 6 2 5 10 6 96 5 23 1 92 6 62 5 7
64 5 68 4 68 6 4 5 94 2 6 3 6 6 54 1 84 5 30 7 59 7 70 0 31 5 55 0 42 7 63 1 84 1 77 7 99 1 31 4 94 4 80 3 29 2 31 3 51 7 48 4 33 2 14 1 10 2 80 2 24 7 41 2 90 3 8 5 93 1 97 3 91 0 23 6 27 3 100 0 20 3 75 4 87 6 50 7 79 7 5 1 5 7 73 2 4 5 51 7 41 5 58 2 43 7 72 2 76 4 15 7 79 2 54 6 55 6 45 1 82 3 62 2 100 2 43 5 26
12 6 23 3 68 7 98 3 67 2 3 2 77 1 57 2 33 1 55 6 57 7 63 4 80
50 7 24 3 32 6 3 1 99 6 68 6 55 2 25 2 94 5 94 4 4 0 63 3 31 1 56 3 95 1 74 5 83 1 97 7 56 3 91 1 46 2 33 1 65 2 63 3 18 2 33 7 29 5 83 3 70 6 96 3 65 4 17 4 21 3 54 6 20 2 58 3 29 3 47 4 81 6 81 6 53 0 43 3 25 0 80 1 86 7 35 6 57 3 60 4 27 3 43 1 11
88 1 19 7 77 6 22 2 42 1 22 2 93 3 42 1 49 1 59 0 8 2 79 2 7 3 2 2 59 0 91 6 26 4 23 5 10 5 54 5 9 6 78 3 30 1 82 1 53 4 29 4 49 0 10 1 80 1 50 2 95 4 31 7 23 3 8 1 89 4 25 6 88 4 93 4 56 1 68 1 48 7 47 0 11 0 92 1 9 7 100 7 94 7 79 0 33 4 68 2 56 4 92 0 86 7 79 7 59 3 53 0 28 0 12 0 70 6 15 5 21 4 43 0 73 0 99 1 13 2 21 0 58 3 60 5 57 3 77 6 81 6 32 3 5 0 79 0 18 4 46 2 98 6 34 0 21 6 75 5 38 0 29 4 32 3 88 0 67 6 75 7 48 0 21 0 56
7 1 12 5 59 3 87 7 48 4 53 5 21 4 79
64 4 68 5 51 2 44 7 12 0 25 7 80 2 90 1 100 2 99 7 63 3 47 2 62 5 98 2 85 6 23 0 21 5 63 2 10 3 1 7 31 6 49 5 57 2 94 4 27 0 100 4 83 4 97 7 89 6 98 3 15 0 91 7 42 1 10 3 80 3 74 0 55 7 85 0 90 2 81 6 58 3 24 7 28 5 50 3 88 0 58 2 84 2 8 3 71 4 85 0 91 5 92 1 71 0 20 3 69 5 87 7 76 1 49 1 51 3 39 2 63 7 24 1 20 5 97 6 86
10 5 75 6 75 0 79 7 61 4 56 5 71 7 12 1 94 6 75 5 80
51 7 45 6 42 1 86 0 24 5 83 0 97 1 38 2 97 0 55 4 83 2 81 4 3 0 25 6 11 0 33 1 95 0 24 2 94 2 97 7 91 0 9 6 67 1 85 5 52 5 53 1 14 7 66 6 48 1 51 0 37 0 56 2 95 2 37 1 38 1 22 3 70 6 35 2 81 7 25 2 57 4 75 6 44 1 35 4 10 5 45 0 70 7 66 3 47 7 49 2 73 2 50
43 7 13 4 2 7 16 7 34 0 30 7 43 0 27 3 2 7 70 1 57 1 88 7 5 6 25 3 44 4 17 4 75 4 92 3 40 2 68 5 90 3 10 1 65 3 15 2 42 7 34 5 59 5 10 0 68 4 15 5 82 7 75 7 52 5 87 4 9 7 8 4 27 7 95 7 95 4 57 1 47 1 14 1 48 6 9
16 1 1 1 10 5 56 2 65 1 90 4 57 1 34 5 27 4 95 1 69 3 96 3 45 6 29 6 24 1 75 6 28
100 5 81 0 58 6 59 4 24 3 1 4 72 6 1 2 76 5 84 5 98 4 99 3 41 1 9 3 95 3 17 2 57 6 54 1 49 3 4 7 92 2 7 1 15 5 1 3 2 6 1 4 18 4 83 1 19 2 85 1 63 0 9 4 41 1 3 1 30 3 59 5 96 1 96 5 79 7 45 3 60 4 51 6 66 6 6 3 58 4 81 3 52 5 11 7 84 0 33 0 3 0 5 3 64 6 24 1 64 1 70 3 39 0 41 2 80 3 94 5 24 6 8 4 95 2 20 7 50 6 45 0 11 0 54 7 90 5 79 6 28 5 51 5 3 2 3 2 54 5 63 0 52 1 32 0 1 4 77 5 86 0 4 6 98 7 55 3 39 6 51 4 88 6 49 0 87 6 72 5 44 5 60 1 8 6 59 5 5 6 55 0 36 1 33 3 11 7 99 7 6
75 1 88 6 92 7 21 3 58 0 20 3 93 6 36 3 3 2 89 6 21 4 39 5 75 1 60 3 14 0 63 0 97 4 65 4 5 4 82 0 22 2 93 0 91 3 95 5 18 4 89 7 12 6 66 7 65 5 67 5 31 7 24 1 51 5 72 0 66 2 46 7 33 5 84 1 58 2 42 5 32 6 30 1 55 4 6 7 6 0 23 0 34 3 18 7 64 0 60 7 79 4 4 2 17 6 4 2 96 5 80 3 70 6 95 1 46 7 10 2 38 0 39 4 72 6 40 3 88 4 76 5 11 0 51 5 71 6 38 5 27 5 91 3 28 2 71 6 58 1 87
8 2 10 3 59 4 3 7 13 3 11 6 44 0 17 1 90
19 0 34 0 20 6 41 4 86 6 26 5 5 4 46 4 85 5 99 0 84 0 54 2 48 2 19 6 31 7 89 0 66 6 36 6 10 1 42
99 3 14 3 84 3 25 7 56 4 40 5 52 1 98 6 52 7 54 1 60 0 82 3 96 4 70 1 96 6 38 6 22 0 91 2 73 7 71 5 71 4 50 4 18 5 89 1 83 7 46 3 83 6 98 5 14 7 72 6 90 7 84 3 76 5 9 6 45 6 9 4 53 7 2 5 62 3 7 7 20 0 4 3 52 1 8 5 77 1 15 4 65 3 51 5 74 0 60 0 66 0 6 3 36 3 81 4 96 2 22 5 76 0 36 6 4 7 53 0 83 1 63 0 61 2 40 5 48 1 2 6 33 3 71 4 92 4 76 1 44 1 55 7 32 2 69 3 22 4 71 5 44 3 32 0 23 7 57 5 30 4 29 5 70 5 65 7 91 1 91 2 75 3 3 3 44 2 98 4 79 0 9 2 8 7 90 3 79 3 86 2 19 3 2 7 16 7 65
32 0 37 3 80 0 77 1 67 1 1 0 24 5 6 6 66 5 100 6 71 3 58 5 18 4 15 5 22 5 96 6 65 2 71 4 50 0 79 2 43 4 66 2 58 0 40 7 73 7 37 2 7 0 19 3 45 0 24 2 69 5 37 2 79
67 6 71 0 15 1 30 0 32 1 22 3 10 7 47 7 83 3 66 1 48 5 69 5 68 1 58 7 24 0 25 2 10 6 69 5 98 1 22 5 14 6 25 0 16 0 93 0 33 2 32 3 40 0 89 5 100 3 62 4 78 1 4 1 81 7 24 4 32 0 80 4 3 6 63 6 29 4 92 2 31 2 21 1 37 3 57 4 64 5 11 4 77 3 46 5 17 3 52 6 55 0 66 2 62 4 46 7 27 2 27 4 13 3 89 3 86 0 51 2 19 6 70 1 10 5 96 5 4 1 85 0 42 1 68
28 5 65 7 67 1 88 3 2 5 49 1 54 7 69 1 14 7 22 4 71 4 79 7 42 0 42 3 63 0 4 6 85 1 44 3 13 0 15 2 44 1 6 7 98 2 76 0 58 1 13 0 76 4 79 3 65
44 4 22 0 40 0 55 6 21 0 38 7 43 4 52 4 44 1 57 1 88 2 78 5 55 0 93 0 22 7 99 4 54 3 16 2 57 2 98 2 65 0 61 5 3 6 47 0 52 4 10 3 10 6 6 7 76 6 69 0 42 6 49 7 48 3 91 1 20 7 33 1 88 3 48 6 74 1 68 3 1 5 87 5 66 1 2 6 15
