7 68
715055 5107315 6343852 2675008 5721122 7629914 3263666
78 5 43 0 77 0 2 6 82 6 45 0 5 1 33 1 66 5 99 3 94 4 82 6 13 6 93 6 93 0 20 5 56 2 5 3 11 2 40 4 23 3 28 4 48 2 2 2 78 5 58 5 13 3 78 0 77 2 44 3 19 2 19 1 25 3 43 0 78 6 4 0 99 0 27 4 76 2 35 2 66 0 23 3 43 3 87 5 13 6 44 3 75 2 68 2 100 5 43 4 67 6 53 1 100 0 2 2 62 0 68 4 70 4 3 4 54 0 28 1 88 0 40 6 18 3 53 5 94 6 55 6 79 3 12 5 47 6 61 3 35 1 24 1 50 1 46 5 89 1 22 0 91 2 40 6 43
60 3 73 1 41 0 46 1 93 1 70 5 51 3 8 6 2 6 14 0 81 0 84 1 70 3 45 2 47 0 14 1 20 5 38 0 41 4 36 0 49 2 13 1 26 6 78 2 51 2 58 0 31 5 74 2 85 5 49 2 9 4 1 4 21 4 19 0 11 3 5 6 95 1 56 0 3 2 77 0 85 2 46 5 13 0 3 5 21 0 58 6 22 1 83 5 96 6 25 4 47 2 58 2 33 0 72 5 65 5 10 1 16 1 43 2 68 5 46 5 92
3 6 43 4 48 1 56
82 4 95 3 46 1 80 2 85 5 64 1 29 4 82 3 67 2 50 4 41 2 48 4 49 0 36 0 91 0 19 3 69 2 65 2 57 1 44 6 58 3 92 1 86 4 99 5 77 0 76 1 81 5 34 4 48 2 46 4 36 4 95 0 55 0 46 6 69 4 30 6 13 4 15 3 44 2 34 2 57 0 4 5 66 0 40 2 52 3 96 6 7 6 16 5 81 4 49 6 59 1 48 2 51 5 99 3 19 0 10 1 80 4 10 0 69 6 48 4 7 0 53 1 7 3 20 0 89 6 73 4 10 4 71 5 33 0 40 0 25 5 43 6 10 3 64 6 12 3 16 0 72 2 23 6 5 2 25 4 4 5 35 4 77
72 5 84 2 72 3 94 2 10 6 30 6 26 6 15 5 48 2 78 3 78 6 90 4 66 2 70 5 59 1 99 6 86 6 11 5 32 0 60 1 46 4 47 3 51 3 69 3 20 2 57 2 43 0 14 4 63 3 65 2 33 2 23 2 89 3 70 2 43 2 59 3 60 1 82 5 54 0 82 0 4 0 25 6 40 5 9 5 17 3 97 5 66 1 40 5 51 3 20 6 40 2 30 1 78 1 32 3 38 4 42 0 3 2 98 3 34 0 15 5 95 5 46 1 75 3 11 4 18 6 48 2 6 4 80 0 92 1 47 0 92 1 93 3 91
66 4 8 6 20 0 22 0 86 1 1 3 79 1 63 6 22 5 90 1 40 6 87 3 14 3 9 1 26 6 78 5 5 2 93 5 12 3 46 4 66 3 72 4 21 0 80 5 7 6 7 4 84 5 30 4 87 3 82 3 72 1 95 4 73 2 29 2 14 6 26 3 3 3 24 6 53 0 16 0 89 3 72 3 73 3 25 2 66 5 85 6 64 4 64 5 30 6 10 6 14 6 80 6 53 1 71 0 60 4 73 2 89 1 95 4 99 5 92 5 92 3 5 3 21 0 28 2 74 3 53 3 17
95 3 12 4 29 5 44 4 100 5 35 4 42 5 31 3 52 4 23 4 60 2 27 2 13 1 34 0 19 3 55 5 27 3 9 1 62 4 53 1 88 2 89 5 83 3 88 6 52 3 33 3 4 4 75 2 91 2 7 5 37 4 84 1 13 5 40 5 53 0 21 6 10 3 99 6 23 3 78 1 23 3 34 6 68 1 64 4 56 3 1 2 90 6 64 3 92 2 79 4 10 5 100 4 24 0 43 0 85 3 24 1 96 5 65 5 94 5 18 2 64 4 11 0 24 1 79 2 97 0 13 3 54 6 5 1 49 0 32 0 67 3 24 1 77 2 87 1 50 1 93 1 89 5 65 6 67 5 27 3 71 4 5 2 91 1 88 6 7 3 71 4 88 3 59 1 82 0 74 2 56 2 19 6 47 4 12 1 18 4 83
41 5 58 5 69 5 98 0 90 5 16 3 52 5 93 4 90 2 22 0 40 2 75 3 21 1 72 2 50 1 34 4 53 3 85 3 18 2 74 1 17 3 86 5 91 6 70 0 45 2 73 2 76 6 67 0 89 0 65 6 13 6 90 6 28 6 18 6 28 6 32 5 52 0 5 2 9 4 50 1 41 0 80
51 1 78 1 36 0 5 1 64 1 99 2 3 2 13 2 39 0 54 2 99 6 71 4 94 3 22 1 44 3 8 2 18 3 67 2 99 2 33 0 2 3 68 6 49 1 95 3 69 6 65 5 32 3 81 5 25 2 99 1 92 1 63 2 3 0 51 4 71 2 80 1 6 3 24 1 64 1 19 6 85 5 15 5 15 1 69 4 34 0 3 2 46 1 40 5 91 0 65 3 17 2 32
55 3 38 2 4 0 77 0 60 4 39 2 24 3 3 0 82 3 16 2 74 0 17 0 82 5 18 6 13 2 38 2 6 2 78 5 34 2 12 6 75 2 30 3 92 2 40 1 70 5 70 4 85 5 82 0 53 6 31 0 16 3 16 3 69 1 50 0 60 3 78 0 13 1 34 2 12 3 12 1 77 2 65 0 49 4 51 6 31 1 75 2 18 6 29 0 53 0 74 6 51 1 53 4 22 2 73 3 70 4 24
73 5 87 5 16 2 10 4 76 4 84 1 50 4 28 1 73 2 68 3 79 0 46 6 98 1 62 5 2 0 17 4 83 2 87 4 86 2 58 2 36 1 64 3 65 5 89 3 97 5 9 6 97 6 64 2 70 4 15 3 10 1 25 3 77 6 32 1 14 5 66 6 93 2 13 6 62 4 88 6 93 5 44 1 22 2 30 2 86 6 92 3 39 2 59 0 19 1 42 4 34 1 20 4 1 0 77 4 28 2 18 0 58 4 81 6 61 6 79 2 55 5 67 5 79 4 53 1 79 5 83 1 35 6 73 4 14 6 79 1 66 3 13 0 1 3 14
70 1 52 2 9 4 4 2 11 2 49 6 76 0 11 0 29 2 28 2 57 2 88 6 17 3 43 1 80 0 70 5 73 1 59 2 53 0 46 3 37 4 68 2 35 3 24 4 63 2 72 6 11 6 8 3 63 6 27 6 83 4 91 5 99 3 82 5 12 0 27 3 26 0 9 1 52 0 70 0 58 2 75 2 48 2 1 1 6 5 42 0 8 6 84 0 65 2 74 6 4 1 7 1 13 0 96 0 60 1 61 1 20 4 13 4 21 4 62 3 77 2 10 3 57 1 68 5 17 4 22 3 35 5 27 6 45 2 75 4 14
34 1 98 2 2 5 49 1 7 2 28 0 96 2 87 3 2 0 55 3 61 2 36 6 52 4 13 0 74 0 15 1 17 6 64 0 58 1 95 6 81 4 73 6 92 0 18 2 1 3 22 1 14 3 98 4 94 2 37 3 47 4 52 6 60 1 46 4 99
98 2 12 1 10 5 33 5 17 1 85 0 14 4 67 6 47 3 25 4 14 0 9 1 59 6 7 1 95 6 71 6 36 4 74 2 34 3 87 6 16 2 29 0 59 6 22 1 12 6 68 5 25 5 35 2 57 5 30 1 75 2 96 6 56 0 23 0 52 1 98 2 94 4 27 2 29 6 42 2 13 6 69 1 83 6 89 5 81 6 74 4 48 1 77 0 58 6 29 0 49 6 83 0 67 2 53 3 73 2 86 5 84 5 98 2 45 0 63 4 68 2 50 3 12 3 75 5 39 3 4 4 37 0 88 3 76 0 68 0 60 4 16 2 91 0 98 5 57 1 19 0 89 1 88 6 100 6 53 2 64 3 43 4 73 0 32 4 70 0 80 3 35 6 99 6 16 6 23 1 62 5 43 1 98 4 99 1 2 5 35 6 47 3 25 5 68
76 0 83 6 11 4 42 1 42 2 44 4 1 1 14 2 76 6 46 5 34 3 45 0 14 1 87 1 16 0 83 1 38 5 28 5 80 5 79 2 55 0 85 1 22 1 34 3 92 5 46 3 51 5 98 0 15 4 60 2 93 1 5 6 100 4 2 1 65 0 35 6 39 5 43 1 46 3 70 6 50 1 47 0 26 2 76 1 95 6 28 0 20 0 62 5 51 3 43 6 53 1 30 5 91 1 43 2 42 6 6 0 57 2 5 2 48 0 87 0 96 5 27 1 18 2 6 2 24 1 87 2 34 2 47 0 36 1 71 1 61 6 19 4 32 1 31 5 18 1 35 6 94
77 0 16 4 7 0 4 3 30 6 77 6 98 3 61 3 65 5 39 1 48 4 47 3 55 5 95 5 19 6 79 3 10 0 94 2 68 2 19 2 51 5 87 2 80 0 79 6 9 6 71 4 66 3 37 3 54 4 19 0 36 6 6 2 12 3 70 0 6 5 72 5 35 0 40 6 85 2 11 5 32 3 89 2 55 1 75 3 63 3 29 0 99 0 9 0 59 5 32 1 71 0 70 3 2 6 29 3 97 6 28 6 40 2 84 2 69 5 99 6 74 6 87 0 2 3 15 1 16 5 73 2 83 2 91 3 63 5 97 6 69 5 39 1 55 0 66 4 14 4 35 1 63 3 63
57 5 97 3 78 4 75 1 2 2 10 1 75 1 58 2 20 4 61 6 30 6 80 4 68 4 77 5 16 2 33 5 78 3 14 4 8 6 52 5 8 6 65 1 80 2 46 4 46 2 73 2 76 4 48 0 93 5 43 4 32 1 45 6 20 4 71 0 90 2 6 6 68 5 34 0 40 4 69 1 86 0 23 6 29 0 3 6 62 1 46 5 78 1 77 1 72 6 89 2 52 0 87 5 92 0 51 6 59 4 30 4 51 3 4
28 6 66 6 88 6 46 6 45 6 90 0 71 2 78 1 27 3 24 6 85 5 22 3 56 0 42 0 23 5 24 3 27 1 49 4 23 3 97 4 100 5 12 0 60 3 75 6 5 0 58 4 58 6 47 5 95
74 6 45 2 50 4 80 6 55 6 22 4 6 5 52 0 55 6 19 4 91 6 3 5 60 0 86 1 86 0 33 4 8 1 68 2 8 3 15 5 81 2 35 6 65 0 83 5 18 3 18 2 80 2 45 3 65 5 51 6 18 4 72 2 42 3 36 6 63 0 76 1 61 2 55 2 64 0 43 2 8 5 93 5 5 2 63 4 73 4 3 0 62 0 40 5 63 2 19 6 89 1 77 3 19 6 65 4 34 1 93 1 6 2 48 6 97 0 87 3 13 1 5 2 29 4 88 4 31 3 70 0 44 0 87 1 40 0 9 4 63 4 4 3 22 2 32 2 44
97 4 33 6 82 4 37 0 88 6 56 6 47 1 94 5 1 4 31 0 71 2 29 2 61 2 94 1 62 1 89 6 88 5 36 0 57 2 62 3 18 0 76 4 57 3 81 1 54 4 8 1 47 1 31 1 34 3 2 2 39 4 19 2 44 4 51 2 74 1 23 1 90 3 5 3 76 2 81 4 31 6 53 6 33 0 95 0 89 0 14 3 87 5 38 1 22 2 74 0 2 2 76 6 23 2 57 6 58 6 58 3 79 3 80 0 89 3 32 6 43 1 51 2 93 6 34 3 21 2 6 2 87 5 58 4 92 5 65 3 90 3 78 6 51 4 71 1 50 4 62 2 29 3 30 3 15 6 45 4 19 6 78 2 87 1 12 3 53 4 53 6 92 4 35 2 97 1 13 3 50 5 97 0 6 5 45 6 34 2 21 1 83 0 11
9 4 67 4 21 0 56 0 73 1 42 3 6 4 65 5 52 2 76
16 5 18 6 68 2 48 5 19 5 60 5 61 0 11 3 35 5 76 4 42 5 18 4 10 6 56 2 24 1 92 3 43
80 1 34 1 15 4 63 1 33 2 42 5 90 6 20 6 61 1 8 1 26 6 83 6 56 2 21 6 15 6 52 5 9 3 69 5 51 3 86 4 76 5 31 5 43 6 94 1 91 0 99 0 73 2 84 1 49 3 39 6 28 4 32 0 57 3 14 3 55 4 71 2 1 3 71 4 35 6 69 6 69 0 46 6 63 6 57 4 75 2 66 4 9 4 2 1 41 2 10 1 88 2 78 1 24 2 49 2 47 1 63 5 34 5 97 2 35 4 52 0 92 3 97 2 50 1 24 5 12 1 18 1 97 2 4 6 85 2 92 2 9 5 74 4 13 0 59 3 32 1 66 1 85 2 13 3 93 2 31 0 78
72 1 50 6 49 4 39 6 84 6 98 2 7 0 35 5 91 4 67 4 58 2 20 6 7 3 84 2 49 3 58 0 36 4 60 6 22 2 49 5 60 4 2 5 23 2 20 5 29 5 33 2 34 5 66 1 32 3 21 1 86 3 31 3 14 1 44 1 53 6 24 3 32 4 81 3 19 2 41 3 89 4 80 6 64 3 81 5 64 1 31 6 4 4 47 0 68 6 24 2 74 2 67 3 57 5 4 3 21 2 47 6 36 1 26 1 72 5 56 0 4 1 82 5 13 2 18 2 10 3 53 0 18 6 28 0 66 3 35 5 8 3 81 1 6
78 1 7 1 79 2 31 1 24 5 93 4 89 5 25 4 34 3 30 0 47 2 80 5 39 2 52 6 7 2 19 5 83 3 71 2 56 5 48 5 32 3 16 1 44 4 82 2 1 6 72 4 54 6 45 3 89 4 78 0 95 4 92 1 17 1 76 0 49 1 53 6 50 4 48 5 97 2 31 1 49 2 64 2 81 0 24 2 31 3 30 4 50 6 46 0 70 0 20 3 59 4 28 0 91 3 76 2 80 3 35 3 12 5 21 5 11 5 99 5 69 1 66 0 12 4 9 6 15 3 67 2 61 1 77 6 66 1 92 5 32 2 56 3 70 5 2 4 13 6 56 1 94 1 37 3 7
69 6 60 2 38 6 20 5 73 5 2 6 91 6 40 3 93 2 7 5 64 0 52 5 2 3 78 0 23 0 82 6 61 1 7 2 61 5 21 0 77 3 60 0 13 3 31 2 21 3 62 3 86 0 39 4 64 4 60 1 90 5 16 2 22 0 93 6 80 3 94 6 44 1 80 5 82 3 10 6 35 0 57 2 68 5 35 1 99 1 10 4 13 6 1 1 57 1 90 0 92 5 83 4 68 6 26 4 71 5 38 6 59 3 43 3 69 1 74 1 36 4 27 5 42 1 65 4 59 5 87 4 90 5 33 2 36 2 73
98 4 61 0 3 5 70 1 72 6 8 4 71 3 53 2 76 4 2 5 34 3 51 6 90 2 83 5 75 2 15 0 22 5 94 4 9 5 63 5 43 0 8 6 28 2 57 6 76 4 71 6 68 1 97 2 60 4 58 1 87 6 24 2 13 3 81 6 31 1 39 6 56 1 96 5 55 2 15 0 99 3 20 6 45 2 6 0 21 1 48 5 51 6 6 3 58 5 79 0 1 3 14 0 65 6 65 5 78 2 77 0 41 6 19 5 85 3 55 6 98 6 34 2 90 6 39 6 70 6 32 6 84 3 5 0 8 1 21 5 11 2 36 2 82 2 51 3 48 4 20 6 15 4 29 2 86 4 12 2 34 3 69 6 57 5 68 3 20 1 65 3 35 0 88 1 42 6 64 4 1 4 79 5 91 0 18 1 62 5 63 4 52 1 76 4 3
62 5 81 3 7 1 90 0 9 2 11 4 63 0 60 1 86 4 28 4 96 6 9 5 67 3 23 1 89 6 24 0 49 6 36 1 44 3 47 3 84 0 46 5 43 1 64 0 32 3 35 5 17 6 16 3 45 5 31 1 10 2 6 3 82 2 28 3 41 0 20 5 25 5 37 6 73 5 64 0 66 1 69 2 2 4 57 5 31 3 35 6 13 6 50 5 19 0 21 5 13 2 99 3 42 4 72 2 27 6 37 5 20 4 67 0 60 5 100 5 8 2 9 3 71
81 4 40 2 43 4 69 3 22 2 47 6 42 0 6 1 93 1 24 2 95 0 61 1 15 2 57 3 53 0 68 4 7 2 93 0 55 1 66 5 94 0 82 0 64 0 88 0 82 6 17 2 42 1 4 2 42 0 35 2 21 1 96 2 11 4 11 0 70 0 59 0 21 1 31 4 100 1 6 2 2 3 91 5 7 3 6 6 76 3 14 4 92 5 49 5 43 5 51 4 15 3 13 4 30 2 52 6 95 5 16 3 25 6 66 0 24 6 80 0 42 4 70 4 53 4 81 6 91 2 40 0 55 2 86 0 13 1 86 2 45 2 92 6 93 1 78 2 8 2 53 1 92 4 41 5 16 6 61 0 5 2 5
60 3 1 6 69 2 17 3 88 6 72 1 32 1 42 6 44 4 88 4 100 0 1 3 77 4 18 4 93 3 99 4 80 5 12 6 34 6 70 1 96 2 88 2 35 4 56 6 47 0 79 2 79 6 23 3 46 6 71 0 72 0 59 3 39 5 67 3 99 0 10 5 82 3 44 0 62 3 97 3 28 1 8 6 15 4 96 3 12 1 24 2 74 5 89 6 6 5 65 5 40 3 62 4 2 3 75 2 97 0 100 1 9 3 38 0 79 0 48 6 36
14 2 6 1 78 4 47 5 95 2 14 3 94 4 19 2 89 2 29 6 30 5 79 6 53 4 79 6 58
48 2 79 0 80 6 37 1 65 6 45 1 50 1 71 0 88 0 83 6 60 0 6 4 56 3 17 1 62 6 44 6 98 5 94 2 79 5 65 5 23 4 37 5 75 6 96 4 100 1 68 5 86 1 78 1 15 3 56 2 60 1 7 0 24 1 25 4 24 0 79 5 3 4 52 4 95 1 17 4 74 4 27 6 45 2 7 4 71 3 43 1 70 5 82 6 39
12 3 10 3 80 1 82 1 63 1 91 1 1 2 11 6 49 6 88 0 55 3 25 3 4
65 2 47 5 27 2 69 2 54 6 60 3 7 2 76 2 63 5 92 6 14 1 11 5 99 1 99 2 63 0 38 1 76 3 76 4 10 1 19 3 17 4 53 3 81 2 99 4 16 4 74 3 84 2 16 6 76 0 55 4 56 0 23 6 65 5 92 1 55 6 87 2 11 2 8 2 15 6 14 6 71 3 69 0 59 0 21 6 59 3 23 4 13 1 58 3 82 2 83 6 16 3 34 1 37 4 97 1 69 0 45 3 87 0 91 0 4 0 57 2 79 3 2 0 29 4 43 5 17 3 1
9 2 65 3 13 2 94 6 21 0 76 5 6 5 19 5 38 6 69
63 1 4 0 7 3 17 5 2 2 43 3 30 6 27 3 69 2 98 2 12 5 71 3 86 5 20 5 48 1 79 5 56 1 70 4 26 6 26 3 67 1 9 3 46 2 23 6 71 3 11 3 54 0 50 5 92 3 91 2 100 0 95 2 30 6 79 6 30 0 46 6 58 4 49 4 97 6 4 1 22 2 37 0 15 4 15 2 85 5 35 5 39 3 27 2 6 5 25 0 91 5 90 0 77 1 66 6 11 2 25 2 4 4 49 0 77 3 10 2 25 3 97 0 8 5 53
47 0 67 3 90 2 30 3 1 3 90 2 32 4 80 5 72 1 67 1 67 5 57 6 88 1 12 3 47 2 60 4 24 6 92 0 24 6 14 3 1 6 98 0 25 4 34 3 100 0 10 4 9 2 30 3 74 0 68 0 69 0 47 0 10 2 55 5 76 3 27 5 40 2 63 0 52 2 45 1 33 1 83 5 2 5 51 0 52 0 16 6 72 3 95
29 0 59 2 52 0 27 5 76 0 69 4 21 2 38 5 51 4 4 5 70 4 72 0 1 3 53 4 9 3 100 0 79 1 81 1 48 4 77 4 88 4 44 2 57 3 62 5 65 5 24 3 48 6 94 1 80 1 65
37 5 82 4 42 4 25 3 83 0 28 5 61 5 20 4 62 4 95 0 58 6 96 2 1 5 34 1 30 1 73 6 5 2 43 3 4 0 47 5 49 3 34 4 31 3 32 3 91 1 66 5 52 6 22 1 83 4 82 0 4 0 18 5 84 6 31 4 85 6 81 2 60 4 2
77 0 2 4 58 2 26 0 32 5 91 4 39 5 52 3 52 2 2 0 53 0 59 4 1 2 100 1 67 3 3 4 58 0 90 0 15 3 85 6 46 4 96 6 78 0 15 5 20 5 25 5 91 5 32 1 35 5 2 1 28 3 93 0 60 2 26 1 59 4 76 0 52 3 78 0 86 5 99 4 86 0 19 5 64 2 7 3 81 4 98 1 35 5 58 3 4 3 87 1 98 2 10 4 86 2 72 1 8 0 49 5 76 1 51 3 82 1 63 6 5 3 80 6 44 6 72 3 26 2 46 3 77 5 97 0 66 3 26 5 89 2 28 4 38 3 65 0 60 4 78 6 47 4 79
21 4 67 1 24 2 8 1 53 4 72 2 52 0 19 0 22 6 3 0 43 1 13 2 100 6 16 1 71 3 79 3 2 0 68 1 23 2 17 1 86 3 79
7 0 95 4 72 1 36 4 28 5 74 3 66 6 2
57 3 73 1 26 3 54 4 54 4 30 2 75 1 2 6 83 6 19 1 51 0 28 3 96 0 43 4 89 0 79 0 69 5 88 2 93 0 16 0 67 2 64 3 49 1 50 3 10 6 66 3 42 6 58 3 44 6 54 5 33 6 13 2 8 0 29 2 74 6 57 3 99 1 19 2 71 2 80 3 49 6 4 3 93 5 25 4 36 0 39 6 83 6 51 0 3 5 49 1 53 1 89 4 32 4 9 4 2 1 80 2 36 6 81
29 4 16 0 69 2 53 5 10 1 90 1 20 5 83 6 24 3 43 2 34 2 38 1 29 1 79 5 64 1 89 4 32 2 89 3 79 5 30 1 55 4 20 0 7 3 27 0 28 5 80 2 94 1 81 6 97 3 42
80 4 69 6 77 5 16 0 90 2 41 4 51 2 31 5 89 0 42 5 43 4 94 2 52 3 49 6 25 1 10 1 3 6 97 6 23 3 49 2 17 5 44 3 18 1 34 6 41 3 84 4 62 3 31 0 39 5 91 3 92 6 73 1 80 4 84 3 41 4 90 6 50 1 19 6 4 6 20 3 65 6 52 3 66 1 70 4 99 6 64 0 85 4 95 0 89 4 38 6 41 4 32 3 8 3 60 2 4 1 44 1 16 0 52 2 57 6 76 4 9 3 2 2 83 1 64 3 21 6 77 5 50 0 64 3 90 4 26 1 9 2 19 6 58 0 16 0 37 3 53 6 31 1 80 2 66 1 49 5 60
75 5 45 5 78 0 25 6 31 2 96 6 70 2 63 5 72 4 27 1 21 5 45 4 36 3 25 5 88 6 6 5 12 0 38 6 41 6 80 2 8 0 45 0 25 2 64 4 75 6 90 3 14 4 64 6 26 1 33 3 77 4 88 3 6 1 66 4 85 0 78 0 31 2 36 2 82 5 3 3 11 0 82 2 58 2 31 2 65 1 27 2 12 6 33 5 37 0 91 6 11 6 73 1 2 0 6 4 37 6 100 0 52 5 15 4 10 5 50 4 45 3 48 6 29 1 36 5 45 4 22 3 70 0 100 6 51 3 94 6 30 0 63 1 80 2 14 0 58 3 73
51 2 96 1 17 4 94 3 91 0 59 2 14 2 31 0 24 4 80 4 91 3 91 6 66 6 85 6 69 2 49 1 52 3 66 2 15 2 38 3 13 3 83 6 41 3 44 5 27 2 9 1 77 4 34 0 13 0 91 4 63 3 40 3 31 2 28 4 47 5 1 4 65 1 41 6 75 6 58 2 83 6 97 3 48 0 99 2 90 0 92 3 59 2 38 2 85 3 37 0 81 6 36
44 4 53 5 46 0 100 3 49 1 59 6 62 6 44 3 76 1 21 0 51 5 80 4 74 5 52 0 89 3 87 0 87 6 16 3 81 6 65 1 74 5 8 5 7 1 87 4 63 5 6 3 47 6 94 0 18 5 100 2 99 3 68 0 68 6 16 3 79 3 84 2 82 2 62 6 81 0 54 4 17 6 55 6 29 5 12 4 59
20 2 23 0 73 0 18 3 82 0 79 1 6 3 21 0 5 4 67 4 47 3 12 6 87 1 48 4 58 0 29 4 23 4 30 3 12 2 55 3 22
44 0 79 5 50 0 38 1 91 3 87 3 87 1 74 0 2 3 37 3 64 6 89 5 55 0 75 6 32 1 48 5 31 0 44 2 43 2 45 3 4 4 69 0 34 5 76 0 51 0 3 5 35 6 45 2 24 5 44 2 82 3 85 1 15 0 36 1 98 1 91 6 13 0 69 1 31 2 49 2 15 2 4 5 38 2 32 2 89
5 6 85 1 58 6 80 3 27 5 19
92 0 95 4 17 3 22 2 79 0 97 5 25 2 48 2 71 1 11 6 31 1 76 0 95 6 61 2 35 2 40 5 42 1 86 4 83 0 69 0 3 2 22 6 5 2 63 4 25 2 31 2 86 6 20 6 3 1 95 3 8 6 91 1 36 2 38 4 28 3 24 5 12 0 40 5 19 3 67 4 31 6 46 0 15 1 57 6 43 1 88 1 19 3 8 0 8 6 69 3 72 5 4 6 13 2 20 0 11 0 8 4 86 4 94 1 43 2 31 0 82 5 23 4 45 5 95 3 80 6 63 3 12 2 39 4 75 3 86 2 59 2 11 6 69 5 31 6 4 0 10 5 14 4 60 1 53 5 75 5 23 5 12 3 63 1 81 3 89 3 15 3 30 5 93 5 76 2 30 6 35 0 73 3 72
50 2 53 6 18 4 65 1 42 5 72 2 87 4 35 4 8 3 44 5 51 0 34 2 69 5 48 3 18 3 30 5 59 3 13 2 52 4 7 2 70 3 71 6 6 6 51 3 80 4 74 3 68 3 40 1 32 1 96 4 35 5 10 5 80 2 91 2 37 4 2 0 75 5 66 4 18 3 33 0 49 5 39 2 45 6 92 3 74 3 42 2 57 4 97 0 99 6 57 5 51
12 6 75 1 17 4 20 4 51 6 49 4 19 2 5 4 97 3 16 3 68 5 94 3 1
84 2 45 3 61 5 30 4 68 4 23 5 64 5 11 0 90 6 97 2 58 4 64 1 79 6 19 4 67 6 78 4 27 2 28 3 19 6 1 0 100 2 83 5 5 2 85 4 6 6 84 0 19 4 60 5 25 1 69 2 2 4 30 6 71 0 27 6 70 3 16 0 19 1 61 6 28 0 74 3 10 4 70 5 18 2 6 5 46 0 92 0 34 6 66 4 75 2 74 5 49 5 94 2 49 4 98 0 16 4 83 0 57 2 66 3 18 6 40 4 41 5 40 0 71 1 9 0 64 3 53 4 22 1 18 3 12 3 24 0 22 0 28 3 4 1 65 2 100 2 50 0 43 0 29 2 42 0 46 4 17 5 91 1 32 4 4 5 9
62 3 82 3 51 4 96 2 41 4 84 6 46 3 89 0 72 0 99 1 71 0 66 6 98 2 6 6 38 4 25 0 43 3 49 6 33 4 12 6 79 5 13 6 50 6 89 3 88 6 91 3 70 1 30 4 3 0 27 0 75 2 22 4 51 1 66 4 77 5 87 0 1 4 20 4 84 2 13 4 17 1 100 6 53 6 3 5 48 1 77 6 80 0 40 1 18 3 52 3 14 0 87 4 6 0 34 0 38 6 35 6 5 6 94 2 84 2 47 0 56 2 6 0 31
80 1 96 2 1 0 64 5 40 2 13 4 54 3 97 1 91 4 91 5 81 5 26 0 6 2 73 1 23 6 26 1 34 4 71 1 49 4 70 6 17 1 47 0 67 3 29 4 89 3 64 1 8 4 85 2 48 5 43 1 100 6 26 5 1 4 91 0 92 3 72 1 49 1 56 3 57 1 45 3 9 2 20 4 25 5 52 6 89 4 50 4 32 2 55 2 38 1 7 0 53 2 80 5 43 0 76 0 52 6 41 3 48 3 3 1 97 3 55 0 44 1 31 1 91 4 59 0 20 1 30 0 41 5 2 4 45 2 46 4 74 5 74 0 33 3 84 3 7 5 99 6 50 0 53 2 57 5 62 1 73
84 6 84 4 78 5 2 5 90 2 30 0 71 3 24 0 67 1 41 2 93 4 99 5 48 3 23 6 56 3 5 2 13 1 37 0 82 0 3 6 28 0 51 5 26 3 14 1 25 3 66 5 11 1 2 6 33 4 35 5 45 1 83 2 2 5 54 6 87 2 10 0 82 6 37 2 49 6 91 2 7 0 55 6 23 4 64 4 45 4 88 5 84 1 44 6 65 0 28 1 81 5 2 4 27 5 76 6 7 5 10 1 17 6 28 0 5 1 52 5 31 6 33 5 86 1 15 1 30 3 76 0 72 5 14 1 26 1 93 4 6 5 37 6 26 1 38 6 75 3 96 2 15 0 57 5 39 2 29 6 1 3 66 6 1 3 9 1 83
94 1 5 3 57 2 86 1 53 4 52 2 85 2 55 3 2 1 88 4 72 1 94 4 36 1 92 4 87 6 82 1 56 3 18 1 1 5 100 1 12 0 9 6 41 0 25 1 66 3 61 3 62 5 56 6 12 0 87 3 34 6 40 3 13 0 32 4 76 4 67 1 6 1 82 4 25 0 60 1 9 2 72 4 28 4 65 1 36 3 93 1 5 2 76 1 3 5 75 6 87 1 71 1 24 3 7 4 94 0 82 5 39 2 56 5 83 6 40 5 83 0 94 6 45 4 97 6 20 0 8 4 68 4 73 3 56 3 70 1 60 5 60 6 99 0 11 2 8 6 34 3 50 5 5 3 75 1 58 1 21 2 49 0 89 3 20 4 90 2 4 2 66 2 4 1 75 3 74 1 30 4 72 0 46 2 85 3 93
49 1 74 1 88 6 37 5 70 6 11 1 90 4 17 6 51 2 52 3 39 4 70 6 80 6 55 0 42 0 60 5 29 3 2 6 14 1 49 3 40 0 29 0 77 4 32 3 37 0 82 5 7 4 42 5 67 3 9 5 20 0 61 5 61 2 15 6 36 1 10 5 9 6 11 1 55 3 5 3 7 1 42 3 81 3 17 4 45 5 69 4 80 0 49 3 41 6 22
78 0 40 2 44 0 76 1 44 2 57 5 59 6 78 5 1 0 6 5 52 5 79 2 81 1 97 2 67 6 91 5 4 5 86 4 60 4 82 0 94 3 47 2 12 4 64 0 46 0 98 1 22 2 16 3 61 1 37 5 28 6 35 5 79 0 13 4 14 2 85 4 4 4 44 1 33 2 95 5 2 3 25 6 10 1 22 6 10 6 49 1 33 0 40 3 97 1 55 1 82 2 50 4 45 0 11 0 63 1 75 1 7 6 51 3 27 6 94 0 76 2 54 4 28 4 37 1 71 1 21 6 67 6 30 3 14 2 36 4 22 1 86 1 46 5 68 0 66 5 20 1 93 3 63 4 64
85 1 65 4 91 5 91 1 30 5 92 4 15 5 70 5 90 2 81 6 14 6 96 0 39 4 23 3 94 4 18 0 92 6 37 3 19 3 81 1 11 3 19 1 35 6 97 2 5 5 80 3 10 4 76 1 18 6 64 6 75 2 96 0 87 2 18 0 3 6 83 2 80 3 88 0 75 5 16 3 42 2 80 4 11 3 31 5 94 1 56 6 90 6 79 1 39 5 97 6 77 6 71 3 54 3 95 2 78 4 14 3 62 2 73 1 15 5 4 5 73 6 59 4 42 3 35 0 1 2 76 1 67 5 65 4 35 0 5 0 58 5 73 0 9 5 82 5 41 0 75 0 28 5 41 2 90 2 57 2 51 3 34 5 45 4 73 2 30 6 52
1 4 40
80 3 12 5 40 5 47 2 17 4 48 1 31 1 23 1 24 6 87 6 93 2 9 2 3 0 59 1 77 3 75 0 25 0 23 5 47 4 25 0 94 0 46 4 6 5 73 4 49 2 18 5 45 3 62 6 47 0 59 2 69 5 6 5 10 1 54 2 98 2 8 4 8 0 14 3 99 0 8 3 26 5 3 6 37 6 33 0 48 0 19 4 97 1 13 4 93 6 36 2 35 2 45 6 18 3 64 3 10 6 46 3 19 0 58 3 66 1 22 6 88 2 9 6 62 1 75 4 40 1 64 1 90 2 9 2 42 6 48 1 67 0 66 4 5 6 11 4 82 2 16 6 72 1 92 2 23 3 39 4 67
19 2 30 6 71 1 100 5 64 2 45 1 22 1 89 2 16 4 70 5 53 2 76 1 83 6 3 4 1 5 47 6 32 4 36 6 8 0 76
83 5 74 4 75 1 80 5 23 4 33 2 12 2 61 6 59 1 36 3 22 4 45 1 86 1 26 4 26 2 47 3 88 4 96 5 96 0 62 0 88 1 12 3 27 4 64 6 25 1 9 0 44 2 97 6 9 2 3 4 73 5 84 2 63 6 37 4 68 3 23 1 56 0 96 2 93 2 76 4 5 3 65 0 83 4 73 3 80 2 57 3 81 0 74 5 30 3 12 4 98 6 3 6 75 4 57 5 29 5 24 4 86 0 24 0 54 3 70 6 92 2 95 1 22 0 15 1 8 2 92 6 78 0 57 2 51 4 15 0 34 6 81 4 52 4 21 1 53 4 30 1 20 0 72 0 30 4 77 4 100 6 40 4 56 1 32
13 5 25 5 90 2 36 2 68 4 25 5 86 6 79 0 57 0 73 3 45 2 65 2 12 5 45
80 5 95 1 50 4 16 4 51 6 38 4 21 5 71 4 4 0 46 5 51 4 82 1 75 2 75 0 91 6 56 2 17 0 59 5 44 4 22 1 62 1 65 2 56 1 4 5 20 2 51 5 45 0 4 2 83 2 55 1 1 6 78 1 93 2 64 2 14 6 66 5 85 0 24 4 45 1 85 2 9 5 61 1 77 5 28 6 39 2 42 2 61 6 84 1 34 6 83 2 57 2 23 0 55 5 64 3 95 3 25 0 60 0 52 0 21 1 74 0 87 4 25 2 87 6 93 5 6 3 21 2 92 6 37 2 10 3 87 2 86 3 64 1 43 2 51 1 56 2 10 2 60 1 12 5 14 6 66 2 42
