10 54
3883749 1744555 6197394 5614876 4920465 9665377 8866148 8246830 4016774 1524423
85 2 76 1 80 8 34 2 14 1 4 4 10 6 41 0 32 7 93 0 21 0 74 9 64 8 78 9 40 2 48 9 100 2 78 6 77 5 22 9 35 3 1 0 60 7 52 6 65 7 15 2 84 4 92 4 16 5 5 6 66 3 16 0 41 1 68 9 35 0 48 6 27 8 27 1 92 5 83 3 1 0 22 5 49 3 71 7 1 3 26 6 49 9 41 2 55 3 49 3 12 2 39 5 27 7 11 0 69 5 31 1 72 3 11 4 30 7 59 9 44 2 21 2 7 1 73 6 8 6 10 1 76 7 54 8 43 9 83 3 13 1 80 8 76 3 18 4 67 4 89 6 4 6 85 4 75 4 53 9 15 1 61 5 70 6 89 0 6 3 94
57 8 25 1 91 8 37 0 33 7 74 2 90 5 90 9 5 8 53 5 69 9 3 3 71 7 83 6 23 0 5 9 6 2 96 5 51 0 80 6 54 0 52 4 23 2 91 1 79 5 56 6 41 6 7 4 54 5 16 2 76 1 93 1 37 9 99 3 91 5 99 7 29 4 85 1 63 7 10 1 26 9 18 3 97 5 16 2 63 6 21 3 39 9 27 0 68 8 83 0 30 5 65 1 6 5 50 8 69 1 67 5 81 2 80
30 6 98 6 92 9 17 3 47 6 58 8 5 9 20 5 42 4 52 7 6 1 8 7 21 4 95 8 1 0 60 7 84 7 93 1 24 2 61 2 95 1 2 2 42 6 34 5 98 9 50 3 8 2 43 5 66 6 46 4 68
59 3 49 9 54 5 35 6 90 9 64 2 45 4 77 8 75 0 88 2 22 3 96 3 99 0 54 9 18 6 54 6 59 6 71 1 73 4 15 7 27 4 84 3 61 1 66 2 15 7 39 0 63 2 42 2 23 4 99 8 92 9 75 3 7 5 54 1 58 9 69 3 51 8 43 1 83 5 16 6 76 6 9 4 64 6 82 4 40 3 17 3 45 3 75 8 84 1 28 4 30 8 2 8 14 9 4 4 77 9 42 1 96 9 63 6 98 0 42
26 9 67 6 5 4 46 3 8 7 27 3 85 7 66 0 100 8 4 7 33 8 51 1 45 6 26 2 29 1 56 4 20 2 40 9 93 4 48 5 63 1 29 7 91 5 96 8 27 1 51 5 5
55 2 78 1 92 4 58 4 76 3 80 1 94 5 19 0 99 5 57 7 30 3 78 6 63 9 9 8 18 8 88 6 9 5 83 8 42 0 98 5 100 9 54 1 84 2 84 9 7 1 41 2 67 3 92 8 88 2 52 2 88 3 74 4 48 3 44 3 46 7 2 8 19 6 80 0 15 0 77 8 32 5 79 8 33 8 75 3 49 6 76 6 36 0 72 5 94 6 7 7 18 3 48 9 86 6 64 2 5 8 37
55 8 10 8 60 1 93 7 25 0 74 3 36 7 5 5 30 9 22 2 85 0 9 6 48 5 74 6 22 7 99 6 78 5 76 9 44 7 81 7 49 3 90 6 56 4 28 6 15 4 27 7 1 3 9 7 24 5 41 2 14 9 63 2 92 2 57 7 87 7 82 8 59 7 24 5 49 0 56 1 62 7 88 3 92 8 46 3 11 0 14 7 56 7 42 1 39 6 20 7 88 0 47 2 53 5 24 0 26 2 95
12 8 55 8 87 6 6 3 17 9 38 6 67 1 10 7 64 1 1 6 78 9 56 4 83
86 1 40 6 7 8 49 6 39 2 37 1 89 9 54 1 83 4 63 0 50 6 20 3 32 6 57 9 40 5 7 0 89 5 86 7 50 6 60 4 52 4 88 2 73 5 56 8 21 8 99 2 60 1 68 2 69 9 98 1 95 4 81 3 7 7 32 0 14 7 37 1 11 0 38 8 91 2 51 9 17 5 47 9 7 1 11 9 20 8 74 7 25 9 77 9 90 8 30 5 45 8 9 3 47 7 88 3 100 3 76 8 24 4 9 1 14 6 10 3 4 4 96 1 51 9 20 6 20 2 73 7 6 2 36 0 13 2 48 0 96 4 12 1 73 0 80 1 73 6 88 6 34 7 62 0 45 9 60 3 43 0 96 5 6 8 79 8 90 6 46 5 47
22 5 67 6 20 2 47 3 76 0 21 6 29 2 62 3 76 0 19 1 12 1 23 7 59 1 69 7 15 9 3 8 98 7 60 4 43 0 90 2 67 6 66 1 62
49 6 25 4 55 8 44 0 40 2 14 8 41 8 8 7 26 6 45 6 77 8 57 6 18 9 18 2 34 9 83 8 66 6 97 8 35 6 89 7 73 1 42 7 37 4 45 5 51 2 44 2 31 6 98 2 38 3 1 4 49 4 40 6 12 5 21 4 50 8 42 2 40 1 49 3 12 7 55 3 87 0 62 9 82 7 22 8 20 8 68 8 85 9 57 6 62 7 91
53 0 3 5 25 5 70 5 78 1 71 6 13 7 70 1 56 0 100 8 55 2 4 1 19 1 5 5 27 7 56 5 67 1 61 0 57 8 52 2 38 7 90 6 9 3 71 4 37 8 46 9 7 2 7 8 77 2 85 2 10 5 12 2 64 8 99 0 49 1 80 5 62 5 14 2 92 7 34 1 51 5 25 6 64 3 17 6 77 1 5 9 57 1 10 2 74 8 17 9 95 7 2 1 19 3 5
66 1 72 0 67 7 51 4 60 8 85 8 65 4 3 2 14 6 52 1 48 5 94 0 87 0 45 1 89 1 98 3 88 3 18 3 72 7 17 1 60 2 86 0 41 4 70 6 72 2 63 0 2 9 74 3 16 1 32 3 44 4 48 8 61 5 66 7 1 3 10 4 85 1 6 6 35 4 87 9 76 1 5 1 61 5 82 0 43 4 41 0 6 6 91 1 35 2 72 6 35 3 76 9 77 1 68 9 62 7 47 1 18 0 69 1 58 6 66 9 8 0 71 2 20 7 61 3 59 8 16 2 70
40 7 99 7 38 2 98 2 36 7 31 7 20 0 2 0 63 6 66 3 5 3 70 6 29 1 20 9 36 9 34 3 9 2 87 6 58 9 34 8 84 2 56 8 53 3 24 2 38 9 16 4 92 5 81 6 90 5 65 0 85 9 77 8 79 3 71 1 35 1 27 9 26 7 40 0 88 1 59 2 76
45 5 35 7 47 4 87 8 8 3 7 7 23 7 74 6 94 6 59 7 55 3 91 3 10 8 92 7 77 4 39 8 76 0 84 9 41 8 76 7 91 5 19 3 15 2 27 9 14 5 18 4 39 0 21 9 99 3 67 6 95 4 68 4 16 7 97 6 96 9 64 4 35 1 47 7 94 2 14 6 96 9 59 6 22 5 39 3 87 1 37
72 0 40 0 43 0 46 1 74 8 53 1 89 6 25 5 94 3 100 3 82 5 34 4 77 1 20 3 46 8 16 5 20 1 11 0 41 3 44 4 50 4 68 0 87 5 26 9 27 1 28 7 53 1 36 4 99 6 78 5 13 0 51 5 34 2 62 2 64 7 77 3 68 2 85 5 95 4 75 2 50 2 12 9 78 4 71 0 38 7 40 7 55 4 65 5 14 8 37 0 10 5 47 2 99 7 76 6 54 6 15 1 60 8 60 6 34 6 79 0 13 8 38 8 64 0 59 8 67 8 41 6 97 7 12 3 93 2 54 1 75 9 94 4 37
56 0 94 2 21 8 10 6 58 5 76 5 25 7 65 5 27 7 23 9 7 5 57 4 52 2 20 9 26 4 61 7 36 7 87 6 16 9 4 2 70 7 96 1 35 1 92 6 44 4 63 0 97 3 14 2 6 1 72 0 21 7 52 3 91 2 68 5 84 8 65 8 33 2 12 0 24 6 80 3 38 9 18 3 14 6 91 7 58 6 9 1 76 9 22 7 73 7 82 6 65 7 83 3 78 7 41 6 31 1 63 7 25
82 0 64 2 36 0 52 8 67 6 33 3 68 5 76 6 31 3 93 2 88 9 35 9 42 3 77 2 54 3 57 0 15 2 49 2 75 1 56 0 60 6 16 2 74 9 29 6 57 4 69 5 18 3 43 8 21 0 19 5 43 8 10 9 38 6 37 6 90 7 30 1 16 5 54 8 57 7 83 0 91 5 15 0 5 2 13 8 71 7 63 0 99 5 44 7 75 8 31 0 64 4 99 7 51 9 17 9 61 7 10 8 81 7 51 6 25 5 100 3 22 6 100 0 97 8 17 4 65 7 45 0 93 0 76 6 29 9 16 5 6 0 85 9 46 1 56 9 8 3 94 7 39 4 5 2 29 5 12 9 48 4 82 3 25
64 2 73 9 13 6 10 4 37 5 37 3 28 9 38 9 62 3 55 6 95 1 8 3 18 5 31 9 49 1 32 1 91 2 68 1 73 7 68 3 50 3 21 6 93 5 26 7 23 2 16 5 5 8 61 0 28 3 88 9 6 9 94 0 48 8 93 6 43 4 88 0 68 0 48 6 45 9 40 3 19 8 77 8 88 0 48 4 44 1 76 9 10 4 36 3 87 7 78 3 98 0 12 5 96 3 60 7 12 4 5 1 24 3 89 9 11 2 20 8 30 1 82 9 91 0 44 5 9
52 9 56 2 37 0 64 6 48 4 81 2 49 0 88 0 42 4 4 3 58 1 9 9 87 3 4 1 100 5 72 5 57 3 52 9 1 8 9 4 9 7 71 1 36 4 100 6 32 6 50 5 85 1 82 0 1 2 7 8 69 1 54 6 22 7 68 2 21 7 84 9 87 3 70 4 67 3 21 8 50 7 72 1 74 1 68 4 81 3 74 3 70 1 6 4 4 8 29 4 30 3 57 0 78
24 0 74 0 7 3 39 8 85 0 60 1 28 2 35 9 91 0 44 3 81 3 40 7 81 9 4 3 82 0 45 5 54 1 27 4 41 3 13 2 77 1 32 6 78 7 51 9 35
76 4 83 7 61 4 65 4 54 3 72 5 76 3 18 6 73 1 25 5 25 5 16 9 55 8 89 5 63 0 61 4 14 0 92 4 14 3 10 0 34 5 82 7 9 0 70 0 55 8 18 5 49 7 3 4 11 3 90 9 33 0 16 8 83 6 54 7 84 5 24 9 36 3 96 6 18 0 13 4 6 4 65 6 47 2 2 3 30 9 35 5 51 9 92 5 64 2 52 5 4 7 40 3 37 6 42 8 80 9 49 0 36 5 78 9 78 4 5 0 12 6 83 8 48 1 49 7 38 0 72 5 84 8 14 6 46 4 4 6 64 5 1 9 25 3 20 8 94 2 15 6 12
18 1 65 5 43 6 18 0 68 6 11 7 100 4 64 0 63 5 34 1 8 6 23 8 86 1 50 4 85 7 29 3 15 6 1 1 99
89 9 31 6 42 2 40 3 1 7 69 6 86 4 38 8 90 3 81 1 3 1 47 4 49 5 45 7 17 9 88 3 5 7 39 4 99 9 37 1 55 8 78 1 5 5 15 9 33 3 82 7 37 3 8 7 2 7 85 9 63 7 27 6 62 8 55 3 86 7 23 7 87 5 86 6 21 7 75 8 100 9 97 5 69 6 65 5 90 6 23 3 48 2 72 3 91 2 51 3 37 3 85 8 48 6 66 0 6 6 3 8 58 0 56 4 52 4 48 9 99 8 50 2 19 0 50 3 49 0 36 5 61 8 76 2 25 1 32 3 81 0 47 7 21 9 48 5 20 0 33 6 20 7 39 2 100 3 71 1 66 6 52 0 47 2 15 7 37 8 50 9 96 8 4 1 90 9 5
56 0 17 4 8 5 20 2 44 7 86 7 52 2 31 5 82 2 68 1 100 8 66 5 88 5 48 1 73 5 76 1 12 0 17 3 53 2 88 8 60 9 89 0 73 8 47 2 43 0 5 3 44 4 98 7 25 3 29 8 82 3 69 9 89 5 50 0 49 9 48 0 90 9 89 5 21 0 90 6 59 9 76 2 70 1 71 5 89 9 21 4 61 8 11 5 68 4 63 7 32 4 20 5 44 6 31 7 56 9 75 1 28
13 3 5 3 10 2 66 0 20 5 89 8 42 3 19 1 67 0 11 9 29 8 50 4 63 7 8
23 6 81 6 25 9 49 3 16 6 27 1 39 5 5 9 17 6 55 3 64 6 69 4 67 6 75 2 15 0 45 7 54 8 98 6 29 1 78 2 50 8 80 8 37 7 91
98 0 24 2 17 1 11 0 19 4 71 7 28 1 23 4 3 8 58 3 42 3 54 0 67 5 37 3 79 4 5 9 49 2 44 5 43 7 46 5 17 5 8 6 47 2 6 6 84 8 59 2 91 4 87 3 82 3 86 1 70 6 61 1 8 5 81 2 14 1 41 2 74 4 85 1 67 9 78 9 92 4 18 4 60 6 25 8 54 8 65 7 27 8 44 4 38 8 94 6 58 1 76 1 11 9 64 9 9 1 81 4 77 5 46 0 7 8 52 1 19 5 14 5 50 0 36 1 84 7 90 1 82 8 97 1 12 7 67 6 19 1 53 5 59 1 50 4 5 0 47 8 48 6 75 9 77 5 11 5 75 5 10 3 73 0 81 7 87 7 53 7 67 5 96 8 13 8 42 9 70 1 24 5 94 2 48 4 68 9 91 7 89 1 28 8 26
74 3 61 9 9 0 75 5 34 1 18 5 71 2 57 0 73 6 16 8 49 1 3 7 50 2 43 5 57 5 31 4 82 9 4 4 25 2 90 7 60 6 11 6 41 6 12 8 34 1 12 3 41 6 32 6 50 7 48 7 59 6 1 1 53 4 67 7 23 2 40 1 5 0 76 1 54 6 62 7 70 1 3 4 4 6 87 9 2 0 20 4 87 0 16 4 3 7 22 4 95 8 86 6 48 8 30 5 60 6 70 0 26 3 74 9 29 7 65 8 43 9 76 7 95 8 33 7 43 5 48 4 75 4 98 3 88 2 94 6 16 1 61 4 51 9 8 4 29
32 3 67 2 89 3 43 2 60 6 58 4 62 2 73 4 7 9 43 3 23 4 1 2 99 0 42 3 46 4 87 9 62 8 96 4 69 4 45 3 17 0 4 5 24 0 2 5 51 4 63 3 74 8 26 1 83 8 1 9 91 6 60 5 42
84 8 34 7 61 2 86 7 32 4 69 8 89 3 38 3 77 6 15 2 90 2 89 3 90 4 83 9 27 3 65 2 48 0 93 1 50 3 84 7 100 1 82 1 53 6 67 5 62 7 65 1 28 5 75 3 14 8 90 5 53 0 89 2 55 0 88 9 67 7 91 6 74 9 32 1 10 6 80 6 8 7 46 5 17 6 24 5 11 9 98 6 39 5 38 6 89 6 52 3 80 6 90 6 57 0 99 7 9 1 48 0 61 2 50 8 83 3 35 9 78 5 55 2 26 3 39 0 20 1 44 9 95 1 27 1 60 7 66 9 56 1 41 5 55 0 8 8 23 1 64 3 24 0 79 5 17 0 86 0 43 7 90 8 20 0 52 5 44
12 9 11 2 87 4 52 9 3 4 52 8 81 2 66 9 20 3 85 5 45 8 83 7 20
40 0 36 5 42 1 93 4 59 1 4 2 81 8 54 5 79 1 72 2 3 0 35 7 48 4 84 0 56 2 1 7 75 0 81 7 30 7 52 4 14 7 81 7 46 9 88 3 60 5 80 1 21 2 46 0 93 0 47 6 45 9 59 3 56 4 76 1 16 2 85 7 68 5 83 4 29 4 87 3 5
41 9 6 9 66 2 84 2 38 1 80 3 45 9 63 0 98 6 29 1 34 7 52 3 70 5 12 5 37 0 31 3 55 8 80 9 63 9 84 8 73 5 11 7 97 1 31 6 87 9 71 3 54 4 94 5 85 7 49 4 11 8 66 4 28 2 94 3 74 8 19 7 72 8 89 3 45 3 99 2 31 7 40
50 7 77 3 17 3 23 7 66 9 87 0 27 8 4 9 18 1 86 2 67 7 9 3 52 0 57 8 64 0 59 7 96 7 28 4 73 6 69 8 3 4 76 7 45 2 73 9 66 5 76 0 99 5 46 7 40 3 48 6 58 9 87 8 48 8 54 3 85 0 43 9 7 9 58 0 50 0 56 0 81 6 36 0 45 1 3 5 43 9 20 0 12 7 82 3 62 4 59 2 63
31 0 66 2 42 7 84 5 81 2 33 6 64 2 32 2 74 3 5 7 67 9 33 3 23 1 16 4 63 1 64 7 34 1 40 2 64 4 3 1 12 8 48 3 47 2 39 9 39 0 22 0 47 2 76 2 44 4 60 2 51 0 27
25 2 20 4 52 8 18 1 34 6 55 6 62 8 8 6 26 7 29 7 8 4 79 4 40 1 83 2 31 8 25 4 100 0 83 5 99 4 51 6 75 1 4 2 69 7 30 8 81 6 62
26 9 93 3 26 1 65 0 40 2 57 8 78 8 18 6 61 0 51 1 78 2 89 1 39 5 66 5 55 1 99 1 32 5 56 5 95 6 92 2 15 4 95 0 75 3 54 7 87 1 17 0 84
34 3 58 0 10 5 4 1 71 7 26 7 24 1 38 9 39 6 43 2 26 0 23 8 12 4 23 8 27 6 58 1 3 6 3 6 34 4 26 4 51 2 64 5 4 8 11 6 71 7 66 8 30 1 94 3 26 8 9 4 69 6 55 6 51 0 8 2 42
26 1 27 4 14 8 97 5 41 1 97 7 84 5 8 4 80 3 6 0 65 3 98 4 26 3 35 5 51 5 48 1 93 1 77 8 45 9 6 2 75 3 10 7 44 8 52 0 55 0 83 9 68
65 0 78 6 68 4 73 9 27 5 43 7 88 7 21 3 61 3 42 5 93 4 57 8 20 5 2 7 4 1 86 6 80 7 10 9 56 3 8 1 92 1 20 4 44 8 48 7 46 4 50 7 57 5 65 1 38 7 51 6 39 8 93 9 86 8 64 0 21 8 29 6 53 2 12 3 81 0 23 2 10 5 59 6 93 7 29 5 37 2 58 5 3 8 55 4 67 1 26 5 22 3 88 9 98 2 37 5 65 9 68 9 69 6 18 3 28 2 67 1 24 2 55 2 25 7 65 8 1 8 59
10 1 80 6 21 8 38 4 30 0 4 9 75 7 33 5 96 0 48 7 67
29 4 1 0 90 1 30 9 75 5 56 5 19 3 24 6 43 6 45 8 28 8 77 3 14 0 46 1 40 8 57 7 92 3 13 0 22 2 37 3 67 6 15 6 3 6 53 4 42 6 32 3 55 8 93 4 22 2 28
90 8 42 1 31 9 75 7 39 3 19 1 47 5 98 4 24 6 83 3 31 6 18 0 17 0 15 3 20 8 61 4 73 5 79 6 97 1 19 2 73 8 92 8 27 2 3 5 14 1 85 4 31 8 72 8 52 8 30 9 12 5 37 7 52 4 92 4 54 6 24 7 7 4 91 2 77 2 29 5 16 2 80 8 4 7 66 4 33 8 16 8 8 7 23 6 32 0 92 8 47 9 51 3 16 3 94 7 36 1 38 7 7 0 2 8 69 5 84 7 37 8 50 9 86 1 28 7 11 7 24 4 8 4 89 9 76 5 90 5 42 5 47 9 56 3 67 8 14 5 86 7 85 5 18 0 52 9 65 9 5 8 78 5 16 5 93 2 80 7 64 7 50 5 47 8 34 4 79 5 24
58 5 40 9 49 6 98 7 12 3 46 0 84 1 19 7 31 8 33 8 19 8 28 3 47 0 13 2 62 4 92 5 4 0 66 7 64 6 19 4 54 6 21 9 99 5 24 0 78 7 61 2 29 7 54 4 96 9 75 7 60 9 31 9 14 0 36 1 11 1 6 6 33 5 56 1 62 1 44 6 41 6 88 6 68 7 46 0 19 4 51 0 58 2 69 4 39 8 20 3 49 0 25 1 20 7 71 5 64 3 23 3 62 1 2 0 91
21 3 90 0 20 8 84 7 22 5 5 7 16 6 47 5 44 3 84 6 11 0 28 9 66 8 14 7 4 9 2 3 32 6 81 0 92 7 51 2 73 8 63
59 0 70 3 53 6 72 4 68 2 73 0 83 5 29 8 94 1 13 3 57 7 98 1 2 1 78 8 63 6 13 3 83 8 96 3 90 1 11 1 85 4 33 7 74 8 68 5 14 5 18 6 7 9 75 8 25 2 32 7 80 9 34 7 66 0 31 9 78 8 85 9 40 0 96 2 62 6 49 8 13 0 40 2 49 7 53 1 57 2 55 3 59 6 63 8 96 5 2 1 81 4 42 8 15 9 100 2 88 2 52 0 72 3 36 1 91 4 92
36 7 7 8 6 8 32 5 58 7 38 3 54 0 100 2 81 9 94 4 50 9 78 7 44 8 55 6 88 8 72 6 98 8 46 2 73 6 79 1 41 3 44 3 63 4 35 9 87 3 67 5 40 4 74 8 34 6 53 8 1 4 65 6 68 5 69 9 19 7 93 0 62
66 1 65 3 33 7 87 6 47 7 59 1 77 8 29 8 37 9 5 2 68 9 58 4 1 8 6 1 85 4 83 3 3 8 28 1 47 1 97 1 64 2 79 8 24 9 45 4 99 2 15 2 100 9 96 2 92 1 15 5 57 9 33 0 2 2 51 2 80 9 75 7 76 7 96 8 20 0 13 8 83 2 98 8 53 6 85 9 41 7 85 1 95 0 39 7 24 1 95 0 11 6 100 9 58 7 33 2 16 1 43 6 51 7 46 0 8 1 56 0 46 2 14 1 50 1 20 2 93 2 68 7 40
99 9 28 9 6 6 16 1 79 0 96 0 12 9 86 8 26 3 92 1 72 1 86 3 64 5 55 1 8 9 54 4 47 1 87 4 36 6 13 8 60 8 18 3 53 4 25 0 29 3 62 6 48 7 5 5 52 6 98 4 77 4 67 3 30 7 75 6 21 3 4 5 65 7 45 9 35 1 84 4 28 6 16 2 64 2 22 9 18 3 24 0 98 1 78 5 49 9 11 0 45 8 78 1 43 4 88 1 48 5 73 1 11 0 63 0 91 5 38 6 92 8 25 2 20 4 12 0 20 1 53 8 67 6 50 6 29 2 39 1 71 2 63 0 38 8 13 0 14 1 23 5 27 9 85 9 60 0 74 0 35 7 24 0 98 1 18 4 19 9 73 0 56 1 5 3 11 1 72 1 34 3 1 0 55 5 17 9 33 9 83 9 90 1 56 4 96 2 71
36 0 10 3 90 4 62 4 35 3 5 0 47 4 63 5 1 0 29 6 64 3 94 3 49 3 18 0 100 8 59 9 40 0 100 5 82 3 33 9 20 1 11 8 22 5 20 4 82 4 71 9 38 0 7 8 99 9 34 0 3 6 62 4 2 0 88 8 56 6 76 6 7
52 9 31 1 56 5 62 6 52 1 30 6 42 4 58 2 11 5 18 3 48 0 85 4 88 7 95 0 95 3 59 8 28 3 2 5 95 2 28 0 22 6 43 4 21 4 85 8 90 3 82 3 55 7 36 6 97 0 96 5 89 6 83 6 4 5 96 9 1 5 63 3 7 0 32 4 57 3 89 8 96 0 69 8 49 3 13 1 12 8 52 1 86 4 5 5 62 6 25 3 37 7 85 2 100
62 4 77 3 8 4 28 8 81 1 37 8 36 2 13 4 62 9 54 5 44 8 73 6 35 2 26 2 74 7 20 8 9 0 13 4 50 4 24 9 53 7 12 2 73 1 39 3 100 9 76 0 93 7 65 8 67 4 23 3 94 0 73 5 61 9 34 8 80 9 11 4 83 7 19 6 84 2 36 3 9 2 15 8 37 4 79 2 98 1 64 3 61 9 20 7 51 5 57 0 100 7 32 3 91 1 20 2 9 1 82 7 89 9 67 8 61 3 77 2 15 8 40 4 31
14 5 12 8 47 6 36 6 46 4 79 7 18 7 53 7 17 9 67 7 45 5 22 6 48 6 26 4 78
