5 59
1764497 3228174 6275743 7331438 8083850
78 0 14 1 84 3 24 2 84 3 62 2 88 1 22 0 66 2 14 0 52 4 5 0 70 2 70 3 72 2 2 0 69 2 51 1 20 0 3 2 26 1 12 3 1 1 23 2 2 4 90 1 87 3 10 1 68 3 21 1 94 3 17 3 67 4 83 4 78 3 47 3 100 2 48 0 79 3 33 4 49 3 31 0 82 2 50 3 5 2 13 0 90 0 10 1 23 0 70 4 49 4 2 3 12 0 4 0 47 2 18 0 71 3 3 3 24 4 51 2 29 1 58 0 65 3 81 1 28 2 91 2 14 4 11 0 2 4 90 3 47 2 17 2 19 2 4 4 65 4 34 3 40 3 80 2 71
39 4 49 2 42 3 63 4 88 0 40 3 43 3 67 4 41 2 13 3 39 0 59 2 20 4 28 2 53 4 60 0 75 0 81 3 27 4 69 3 63 2 15 0 31 4 93 2 55 4 7 4 40 1 78 1 67 4 80 2 63 2 29 0 15 4 38 4 59 0 19 0 30 3 51 0 36 3 57
65 3 55 2 68 3 80 2 93 4 41 3 43 4 51 4 22 3 35 1 15 3 94 1 56 3 38 1 12 3 95 3 99 1 77 0 47 3 18 0 10 1 56 0 19 1 77 3 70 3 59 0 23 0 24 4 41 0 65 4 69 0 34 4 84 1 39 2 92 0 6 0 64 2 8 2 66 4 97 3 98 4 50 0 6 1 81 0 96 3 81 1 69 1 98 2 44 4 80 0 99 1 17 4 81 2 1 1 18 1 98 2 75 0 96 1 83 3 31 2 39 2 39 4 45 4 32 2 54 3 66
61 4 95 4 47 3 85 4 20 0 42 4 88 1 42 2 97 0 19 0 12 4 54 3 49 3 90 3 25 4 55 4 62 3 63 4 75 0 42 4 54 4 63 1 73 3 78 2 2 0 90 2 51 1 12 1 13 3 93 3 6 4 38 3 39 2 47 2 94 2 81 0 79 1 77 0 58 0 16 2 80 2 49 4 43 1 16 2 13 1 81 2 32 1 65 4 67 1 15 4 70 2 68 1 11 2 64 1 31 2 83 2 4 2 74 2 86 4 83 4 25 3 25
76 1 12 1 53 2 88 0 75 3 1 2 82 4 66 2 70 1 98 3 20 2 4 4 1 3 36 4 99 1 28 3 52 2 77 4 9 2 23 3 35 4 65 3 55 4 42 0 7 1 18 1 53 0 75 3 88 4 9 3 81 2 21 1 55 4 36 4 96 4 78 2 77 4 13 2 53 2 66 3 64 4 62 3 38 1 56 4 66 2 10 2 15 4 61 3 77 4 79 2 63 2 100 3 91 0 7 0 27 1 78 4 6 1 44 4 6 3 96 0 50 2 47 3 30 4 45 2 89 0 92 1 78 3 6 1 31 3 3 4 46 1 5 3 6 0 35 3 22 2 9 3 64
29 1 22 0 43 2 59 1 89 2 89 2 89 4 81 3 54 2 98 4 71 3 22 1 60 0 85 4 29 0 80 3 2 2 17 0 38 0 62 1 33 0 100 0 43 0 99 0 16 2 13 0 61 4 13 1 20 1 18
3 4 12 1 41 0 21
53 4 20 1 17 4 48 2 47 2 75 3 29 0 77 1 36 2 62 0 79 3 57 4 53 0 3 0 7 1 82 3 44 0 93 0 30 2 79 2 57 1 100 2 57 3 22 3 31 4 43 2 3 0 38 0 85 0 37 0 46 3 11 3 86 1 8 3 4 0 67 0 23 3 25 2 86 0 23 3 6 2 93 2 2 1 95 2 15 0 85 0 52 2 5 4 83 2 2 1 8 4 93 3 17 1 94
60 0 18 3 10 0 82 3 88 4 80 3 87 4 90 2 59 4 95 1 53 0 78 0 8 4 4 2 86 3 17 0 60 0 22 1 56 3 77 3 64 1 60 4 19 2 17 2 67 0 100 3 38 1 44 2 82 4 13 4 32 1 56 4 45 4 9 1 38 0 35 4 11 3 90 1 64 0 90 3 71 3 96 0 88 3 1 3 57 4 16 2 80 0 26 4 36 3 93 1 99 2 51 1 4 3 5 1 36 3 89 4 23 2 50 0 65 2 27 1 65
98 0 22 3 12 1 13 1 31 3 14 1 37 3 22 0 11 1 66 3 41 3 77 0 95 2 47 0 67 2 58 3 51 3 93 1 62 4 32 3 65 1 33 2 55 1 86 0 53 3 76 1 78 1 54 0 94 1 90 3 87 1 10 1 71 1 46 4 55 2 58 3 23 1 68 1 14 2 66 2 17 0 70 2 86 0 68 3 51 3 68 0 28 0 2 1 66 1 24 2 27 0 59 4 78 2 25 1 51 4 55 0 41 0 93 1 41 3 72 1 41 2 4 2 16 1 35 3 57 0 22 1 51 4 9 3 66 2 15 4 84 3 2 4 71 2 76 3 42 2 77 2 97 4 2 2 46 4 91 2 68 2 96 3 43 2 50 1 31 0 29 3 80 4 6 1 59 2 75 4 9 0 85 3 3 4 94 0 48 4 93 1 28 3 28 0 23
15 3 52 3 98 3 5 4 39 4 67 0 71 3 75 4 61 1 62 4 93 0 52 0 38 0 96 0 33 4 39
98 3 6 3 30 1 72 0 70 2 84 4 24 2 70 3 94 1 34 4 86 0 20 1 73 0 8 1 96 4 78 3 84 1 51 1 11 0 3 2 3 4 33 0 4 3 100 2 90 2 41 4 74 3 84 1 30 0 65 0 50 1 23 1 98 1 12 1 55 2 46 4 10 3 18 4 100 2 31 3 10 2 2 0 6 0 31 1 86 2 52 2 35 1 65 1 46 0 95 2 36 0 84 0 52 2 2 1 89 1 40 1 60 1 29 2 50 1 90 4 54 3 74 2 60 2 25 1 91 1 90 3 83 0 1 4 68 4 75 3 18 2 3 2 33 4 59 4 91 0 85 4 48 3 67 4 99 4 22 1 95 2 49 2 9 3 52 3 28 2 53 2 78 1 97 3 64 2 80 2 76 0 12 4 44 1 87 3 40 4 87 2 46 1 64 2 26
61 0 76 3 89 1 13 3 89 2 34 4 11 3 31 3 59 3 92 1 91 4 31 3 59 4 44 3 52 4 17 2 2 3 77 4 21 4 67 1 83 1 71 4 46 3 59 0 13 3 27 2 60 2 50 2 91 0 91 2 44 2 84 0 64 0 88 3 50 4 3 1 55 0 74 2 18 3 62 2 68 2 64 2 95 3 66 0 53 1 48 2 49 1 8 3 63 3 77 3 9 0 56 2 14 3 75 3 19 2 99 3 26 4 93 1 3 0 86 4 44 0 46
44 0 87 3 83 3 86 2 84 3 20 0 28 0 32 1 98 3 90 1 11 0 14 2 40 1 54 2 68 1 41 0 1 4 44 3 42 1 86 3 40 0 47 4 92 3 64 0 28 4 26 1 57 3 36 4 66 4 54 4 40 3 87 1 11 0 4 4 69 3 41 4 9 4 26 0 20 2 32 1 98 4 46 1 66 4 88 3 61
99 2 36 3 3 2 81 3 76 1 14 4 25 2 13 1 82 0 56 4 51 3 80 3 83 1 65 4 9 2 54 2 97 0 79 1 35 1 97 0 28 4 16 4 5 0 96 1 85 2 61 2 62 2 5 4 34 4 13 2 38 2 35 0 4 2 74 3 52 1 15 1 59 4 68 1 6 4 76 1 19 3 68 0 52 3 29 2 93 2 66 2 60 1 77 0 98 4 64 2 54 1 34 4 49 2 7 4 51 2 37 3 91 0 73 2 35 2 10 0 16 3 24 3 22 1 34 4 32 4 99 3 41 0 7 2 32 0 56 0 53 1 77 1 13 2 33 3 11 3 81 1 27 0 39 1 97 0 39 3 74 0 59 3 87 3 27 1 25 3 41 2 82 4 69 1 65 4 45 1 61 1 99 2 7 3 15 1 43 4 50 4 30 3 66 2 56 2 13
64 4 65 2 91 2 65 0 99 3 69 3 54 4 15 2 70 0 48 2 1 1 20 0 76 1 84 3 85 4 60 2 85 2 49 0 54 0 90 4 96 2 93 1 64 3 54 2 8 0 84 0 2 1 82 0 10 3 56 0 83 3 78 3 52 4 29 4 35 0 69 1 60 2 11 4 72 3 27 2 82 2 9 4 13 0 21 4 64 0 90 0 20 0 32 4 63 0 6 0 94 1 61 4 91 3 47 1 39 4 83 4 68 1 41 2 59 0 16 0 28 3 27 2 17 1 40 3 52
13 1 17 2 85 3 47 3 99 0 68 4 46 2 89 4 24 2 9 2 5 4 67 4 78 0 30
32 0 99 2 30 0 18 1 77 3 15 1 81 3 32 3 55 1 50 0 54 0 89 2 62 1 57 1 34 0 96 4 87 0 96 1 82 4 5 0 77 2 28 3 56 2 18 4 11 2 90 4 91 3 86 0 83 4 27 1 29 3 11 3 99
59 1 44 0 77 2 55 1 27 0 2 1 39 4 95 2 71 4 87 3 18 2 96 0 74 0 32 3 60 3 11 4 22 0 54 1 27 1 43 0 20 0 37 3 14 1 58 4 5 3 98 0 10 3 64 4 36 1 67 3 41 0 12 0 30 4 99 2 71 2 68 0 92 1 4 3 72 0 23 2 29 4 32 3 80 0 10 3 84 3 66 2 64 1 96 1 56 3 61 1 93 2 71 4 16 1 76 3 76 2 98 0 17 0 18 1 20 0 58
37 4 21 4 73 2 21 0 90 3 51 4 32 4 48 4 28 0 42 1 25 1 91 2 1 1 49 3 57 1 54 3 4 3 61 0 35 0 56 3 19 3 29 3 25 1 86 3 37 3 16 0 32 2 65 1 57 0 2 2 71 0 46 4 96 4 93 3 51 3 27 3 57 2 55
91 1 77 4 99 3 28 0 23 4 72 1 54 4 82 0 40 4 80 0 87 1 42 4 55 4 4 1 56 3 4 3 11 1 41 0 65 3 65 0 44 1 99 1 16 3 14 0 50 4 41 4 59 3 71 4 32 3 56 1 59 0 22 3 58 0 22 4 99 4 91 2 18 1 89 4 39 2 77 2 97 3 98 2 54 2 3 2 35 1 64 3 19 3 48 3 89 3 14 4 93 4 20 3 69 2 75 1 9 4 13 4 6 4 68 0 17 3 25 2 83 2 90 0 69 4 61 3 3 4 90 4 27 2 76 4 2 3 6 4 60 0 16 0 64 1 2 4 15 2 48 4 6 2 9 0 62 0 45 4 30 0 99 2 21 1 9 2 85 3 35 1 34 0 42 0 17 3 15 2 37 3 73
34 4 27 0 11 2 98 2 81 4 99 2 69 4 53 2 71 1 31 0 61 0 72 0 77 1 16 3 54 2 35 3 19 3 67 4 34 0 2 0 48 3 13 4 52 0 74 0 65 3 27 1 77 1 33 4 79 1 2 0 29 0 68 2 55 4 45 2 100
5 1 86 1 97 0 39 2 42 4 43
97 1 95 0 39 0 23 3 70 1 93 1 7 0 30 2 29 4 100 0 28 2 88 2 1 2 52 1 22 3 92 0 91 0 46 3 29 3 60 2 9 0 100 4 77 0 95 3 4 1 39 1 83 2 66 4 85 3 64 2 17 3 24 2 53 3 29 0 72 0 1 0 94 4 73 1 45 4 67 4 77 1 21 1 95 4 28 2 20 3 75 3 50 0 94 0 76 3 6 3 85 1 14 3 55 4 43 3 99 2 83 0 76 4 13 4 51 0 91 4 2 0 23 3 95 0 86 4 33 3 31 3 64 0 43 0 97 1 95 4 83 4 55 3 51 4 50 4 49 3 72 1 46 4 35 0 32 4 40 3 83 2 90 2 94 2 65 4 38 4 34 0 9 2 83 0 88 1 66 1 53 4 94 2 76 0 37 3 63 4 31 1 6 0 93
10 4 97 4 95 3 40 1 5 3 91 1 15 4 1 2 74 4 95 0 37
97 1 42 3 84 3 37 1 92 4 56 0 25 4 81 2 96 4 85 1 65 2 69 3 76 2 17 3 63 1 52 1 13 3 36 4 79 2 22 2 98 1 25 1 15 4 75 2 31 1 41 4 12 4 37 2 89 0 26 4 95 3 67 4 82 3 57 2 6 2 21 1 79 4 28 4 73 4 98 4 64 0 10 4 14 3 100 2 58 1 12 0 18 3 61 4 58 0 21 0 6 3 44 2 12 0 88 0 29 0 63 1 29 2 25 2 14 0 33 4 70 0 92 2 72 0 10 3 76 0 10 0 76 0 50 0 49 2 99 2 84 0 86 1 39 2 15 3 47 3 22 3 81 3 12 2 64 1 35 4 40 2 79 2 88 1 59 4 60 1 45 4 40 0 68 4 21 4 9 2 64 0 62 1 71 2 83 1 65 1 5 0 30 2 20
53 0 79 2 22 3 89 4 62 0 55 2 46 0 95 1 37 3 43 2 30 4 94 4 96 1 50 2 33 2 98 4 88 1 26 0 28 4 26 2 76 4 88 1 23 2 2 2 20 2 27 4 90 1 29 1 83 0 79 1 94 3 53 3 95 2 48 3 34 1 36 2 41 0 35 1 27 0 94 4 63 4 21 2 64 2 2 4 80 4 44 1 11 1 80 4 63 0 5 3 90 3 96 0 10 4 69
89 3 46 2 6 2 79 1 51 0 40 0 1 1 53 4 20 2 59 2 45 3 90 3 15 0 28 4 69 3 85 4 58 2 30 4 5 2 73 0 59 2 78 1 10 0 64 2 13 2 40 3 98 1 50 1 58 2 45 4 2 0 80 1 75 1 95 3 10 1 25 2 61 3 20 0 53 3 1 3 72 2 52 0 22 2 25 3 50 0 41 4 81 0 16 4 3 1 59 1 54 4 36 4 60 4 9 0 7 4 71 4 60 4 12 0 92 2 3 4 90 2 74 2 41 1 33 4 47 0 90 1 40 2 34 4 56 3 95 3 54 2 61 2 39 1 23 2 33 3 49 2 46 3 47 0 24 3 19 1 20 3 43 4 1 4 81 2 5 0 14 2 42 4 25 2 74 1 23
21 2 21 4 47 4 83 1 30 3 24 0 8 1 26 3 15 2 37 0 54 2 27 1 78 1 50 1 50 1 43 2 74 0 10 3 91 4 93 3 10 4 49
27 2 1 4 16 1 64 4 66 4 60 0 70 3 12 2 16 1 77 3 23 4 78 0 32 0 36 4 27 0 37 2 42 0 45 2 97 3 34 4 44 0 19 1 71 4 34 2 63 0 61 4 92 1 69
92 0 85 3 25 0 74 4 73 4 80 3 25 2 50 1 42 4 86 1 33 3 53 0 51 0 35 1 67 1 98 2 39 3 19 2 95 3 36 4 97 2 48 1 58 0 58 4 82 1 79 4 29 2 81 4 64 2 36 2 43 4 100 1 14 1 39 1 8 3 93 2 38 0 32 1 17 4 12 2 98 0 87 3 13 4 71 4 54 0 34 0 14 1 21 0 55 2 80 0 11 4 39 0 48 4 70 3 71 3 78 0 26 2 36 3 56 0 81 1 82 3 34 0 70 2 70 4 72 1 72 1 3 0 96 3 97 2 40 1 18 3 18 1 19 2 35 3 36 1 56 3 8 2 5 3 44 4 17 2 62 3 50 4 9 1 78 3 52 1 67 3 29 2 73 0 31 1 12 0 41 0 47 0 56
70 0 9 4 96 1 48 3 37 2 88 0 58 2 68 0 89 4 50 2 1 4 21 4 98 0 81 1 33 0 6 0 19 0 96 4 6 3 26 0 61 0 87 0 2 4 56 0 57 3 17 0 56 1 57 0 35 2 82 2 97 1 37 1 73 0 45 4 9 3 88 1 97 3 60 4 82 4 8 3 89 4 37 4 20 1 95 0 97 3 8 0 98 1 23 2 53 1 11 3 19 3 19 0 27 3 8 4 27 4 19 4 60 0 67 1 92 4 43 2 53 4 87 4 75 2 88 1 70 4 96 3 42 3 68 1 15 2 51 0 73
82 0 7 2 60 4 36 4 92 3 81 0 88 1 5 2 30 0 6 2 41 4 9 3 66 3 37 3 78 4 74 2 97 1 76 4 71 4 14 3 94 3 76 4 51 1 68 2 63 4 82 1 79 4 24 3 78 0 31 2 77 3 13 3 78 4 27 0 11 0 45 4 59 2 65 2 26 1 92 0 91 3 95 3 3 0 82 1 55 2 70 0 50 0 81 4 86 4 44 4 86 0 1 3 34 0 72 2 100 4 57 1 11 2 47 1 66 3 18 4 69 1 75 2 77 2 89 1 1 4 65 4 11 3 77 4 73 1 82 2 25 3 3 4 80 1 67 3 3 1 65 1 97 2 98 2 28 4 22 4 1 3 90 1 8
76 3 18 2 93 3 32 0 32 1 4 4 43 1 72 4 80 1 9 3 90 2 74 0 74 4 16 2 14 3 90 3 17 2 63 1 54 4 15 2 48 3 12 4 64 3 90 0 99 4 100 3 34 4 27 3 35 1 86 2 9 2 53 0 96 3 39 4 80 0 94 3 3 1 62 3 50 1 30 3 47 4 4 0 49 1 78 4 29 2 61 1 69 4 21 3 16 2 68 2 30 0 93 0 83 4 51 0 72 0 89 1 32 1 9 2 33 0 18 2 64 4 97 1 100 2 5 3 38 2 65 1 69 0 12 3 1 4 41 4 23 2 95 4 10 3 31 2 87 3 51 2 89
17 2 70 4 33 4 11 2 16 3 34 3 38 0 33 1 35 2 66 1 84 0 95 1 36 2 90 0 56 4 88 2 70 4 21
8 1 77 4 65 4 82 3 100 2 43 3 81 3 83 3 4
42 0 10 3 74 1 72 3 40 2 37 2 39 2 89 4 55 3 27 3 71 0 53 0 83 1 3 1 37 0 96 3 12 0 85 0 56 2 56 2 46 4 92 2 28 4 80 3 91 0 68 2 66 1 32 3 86 1 98 4 26 2 62 2 6 0 57 1 53 4 8 3 37 3 55 1 41 1 34 3 92 0 30 0 97
64 0 43 2 35 2 22 1 35 0 74 3 27 2 97 2 75 0 74 2 63 1 70 3 86 3 73 0 35 1 34 1 42 3 36 0 32 0 9 4 18 1 99 2 57 2 58 0 26 2 72 4 91 2 91 0 62 3 73 0 64 0 9 1 21 4 1 4 27 1 57 4 26 1 24 2 6 3 39 2 56 1 86 4 52 3 50 1 20 3 49 1 1 3 71 4 44 0 98 3 74 2 47 1 87 3 18 2 45 2 24 3 15 4 78 1 44 2 36 4 91 2 75 3 90 0 29 2 37
72 0 76 2 86 0 35 0 34 4 23 2 50 2 26 2 74 0 33 1 64 1 55 3 11 1 97 4 23 4 1 2 45 0 68 1 48 1 38 0 73 4 47 0 76 1 2 2 45 4 66 2 71 3 74 1 46 4 69 3 35 4 90 3 20 0 69 1 62 1 47 1 64 2 65 2 17 4 7 3 4 3 29 2 45 4 27 4 14 3 87 1 82 3 99 3 26 0 6 3 36 2 9 0 10 4 14 4 45 3 99 3 26 4 53 4 47 2 39 0 92 1 41 4 95 1 45 4 25 4 78 4 62 1 47 2 61 1 12 3 70 2 89 2 18
18 2 96 4 20 2 7 4 66 0 80 0 21 3 74 3 54 1 46 1 64 2 6 0 97 4 14 0 88 2 64 3 73 4 67 3 27
5 0 31 4 69 1 8 2 69 0 38
40 4 74 3 96 4 11 0 59 2 23 4 85 3 23 0 96 3 5 1 11 1 20 1 56 2 35 3 55 1 69 1 19 2 85 4 80 3 56 3 86 1 65 0 94 0 72 3 10 4 54 4 56 3 24 4 47 4 5 0 29 2 34 1 58 2 24 2 98 4 2 4 48 0 19 4 8 0 74 3 61
9 1 20 1 22 3 80 0 26 4 22 3 57 0 41 4 100 2 10
62 2 86 0 59 0 36 2 16 2 99 2 79 4 40 1 64 2 20 2 51 0 93 2 66 1 89 2 90 0 17 0 64 4 15 4 70 3 38 3 82 3 7 3 85 2 6 1 52 2 79 0 44 0 12 3 12 3 61 0 41 2 75 2 72 1 6 1 18 1 59 2 48 2 58 1 36 3 16 1 1 0 36 0 18 1 63 2 62 0 80 2 92 3 64 3 62 2 33 1 42 4 83 4 59 2 95 1 84 0 27 3 74 1 62 4 59 0 93 1 91 4 44 0 53
75 4 61 2 7 3 36 4 93 1 16 4 89 1 31 3 26 0 62 3 99 3 17 3 95 2 29 2 41 0 59 3 61 3 36 3 45 3 80 0 16 1 69 4 34 0 82 4 7 4 100 1 39 0 81 3 5 3 54 3 42 2 24 1 22 0 76 2 71 3 88 0 85 2 78 3 9 4 38 0 33 3 76 0 56 3 12 1 33 3 85 0 64 0 100 3 1 0 60 3 95 4 63 4 34 1 81 4 85 3 53 2 53 2 46 4 30 4 57 2 65 3 17 3 100 4 83 1 75 0 36 4 54 0 8 4 74 3 91 4 85 1 53 4 35 4 33 3 35 0 59
28 2 40 4 37 1 77 2 31 2 43 0 86 2 59 0 81 0 66 4 27 3 39 3 71 4 18 1 70 4 22 0 40 4 46 4 28 4 5 2 70 2 1 1 49 4 41 0 18 3 57 1 46 4 8 0 89
38 4 82 0 14 2 49 0 19 0 91 1 89 1 96 4 91 3 84 0 83 0 87 2 77 1 19 2 74 0 56 3 73 3 33 0 69 2 49 4 43 1 26 0 43 3 97 2 69 4 45 0 46 4 5 0 24 2 78 0 22 3 97 3 22 4 53 2 61 0 31 4 77 4 49 0 74
18 4 80 4 91 4 91 2 18 4 94 3 26 2 97 3 46 2 60 4 86 3 16 0 5 3 29 1 66 4 8 1 98 2 18 1 20
84 0 23 3 13 1 44 1 68 2 30 2 51 0 55 0 5 3 50 1 87 4 1 3 29 4 94 0 31 1 53 1 94 1 95 1 50 1 15 1 38 3 69 4 12 0 34 0 36 4 30 1 75 2 29 0 56 3 84 3 62 2 99 3 84 2 32 2 46 0 49 3 29 2 12 1 28 2 87 1 96 2 23 2 24 1 96 0 47 1 12 2 8 3 72 0 5 0 23 0 50 3 79 2 37 3 21 3 7 3 26 2 63 0 6 1 74 3 56 1 21 1 75 1 78 4 67 4 64 1 75 0 14 3 65 0 43 2 77 1 37 3 13 3 63 3 76 3 75 4 23 0 87 4 4 2 92 3 69 3 100 1 93 3 85 4 55 4 2
8 2 68 3 82 4 62 0 54 2 60 1 19 1 26 2 71
52 1 76 2 44 0 5 3 29 0 38 3 20 4 42 1 34 4 68 0 24 4 82 0 1 1 60 3 25 2 85 2 33 3 47 2 45 1 99 1 94 2 83 1 5 2 26 4 36 0 87 0 33 2 83 0 87 4 97 2 97 0 6 2 69 2 73 2 94 3 4 1 46 3 27 0 4 1 21 0 96 1 83 3 76 4 11 1 33 3 12 0 28 4 21 1 90 2 51 4 15 1 80 4 33
41 2 94 2 9 0 57 2 75 3 2 2 22 1 54 3 88 3 68 2 83 3 57 2 13 3 34 2 85 4 49 2 53 0 73 0 37 1 49 4 22 1 62 0 5 1 86 4 60 2 47 0 49 0 9 1 93 2 4 2 32 0 78 0 9 1 59 1 98 4 10 4 74 2 2 2 43 0 27 1 91 0 34
40 2 84 2 2 4 60 1 3 0 34 4 68 0 82 4 55 0 82 0 12 2 72 0 52 2 100 2 60 0 50 1 70 3 17 2 46 2 3 4 2 0 66 4 17 1 12 1 44 1 74 2 75 3 64 0 77 1 88 4 79 0 89 2 6 0 45 1 96 1 45 2 74 0 10 0 85 2 98 1 48
85 1 24 2 59 1 73 3 64 1 97 4 87 1 3 0 81 3 67 3 39 2 14 4 77 3 88 2 74 4 76 2 84 2 9 0 11 2 68 1 50 4 59 1 5 4 31 3 21 3 32 4 76 2 32 2 80 0 83 4 60 4 25 0 70 3 51 0 71 4 50 1 16 3 93 3 88 3 84 2 93 0 88 1 29 4 12 2 47 3 11 4 67 4 3 1 24 1 78 4 73 0 8 1 47 4 36 1 24 3 24 4 61 4 61 2 100 1 62 3 18 1 24 1 9 1 49 1 54 3 71 0 56 2 32 2 83 1 27 2 59 2 10 3 70 2 29 4 52 1 79 0 49 2 41 2 77 3 49 3 25 1 14 3 32 2 6 1 81 2 55
9 3 39 3 18 0 64 1 92 4 72 3 21 2 97 4 93 0 71
26 0 3 3 9 3 40 0 27 2 9 3 68 4 84 3 63 3 29 3 25 2 14 3 17 0 25 3 19 0 96 1 72 1 81 3 59 3 74 4 77 2 17 2 82 3 64 2 93 4 34 1 8
42 3 24 1 71 3 56 2 62 0 92 2 99 4 37 3 67 4 72 2 81 2 33 2 10 3 84 2 14 2 73 2 78 4 55 3 40 2 30 3 29 1 87 0 85 3 63 2 18 0 90 0 48 3 15 2 53 0 71 2 65 4 18 1 1 0 34 2 58 1 46 2 93 2 70 0 67 0 91 3 60 4 59 3 93
16 4 8 4 32 2 86 1 79 2 20 0 57 4 54 4 24 3 37 4 30 2 33 4 46 1 39 3 9 2 63 3 44
87 3 57 4 20 0 57 0 6 3 62 3 39 0 19 2 80 4 28 3 13 3 5 4 55 2 77 0 86 3 63 4 40 3 2 4 89 3 48 3 17 0 18 4 87 4 65 3 84 1 59 1 93 1 70 4 61 2 16 3 90 0 26 0 12 4 62 1 38 3 41 3 20 0 84 3 78 4 63 4 53 0 50 0 98 2 13 3 21 1 73 0 61 3 29 0 23 4 61 4 93 2 60 0 96 3 96 4 78 4 88 2 15 0 81 1 6 2 49 0 56 3 10 4 16 0 81 0 42 3 82 3 67 1 7 2 32 4 51 0 94 1 59 1 6 0 7 3 11 3 26 4 3 0 37 2 23 0 25 1 49 4 78 1 21 0 15 2 98 0 56 4 34 0 70
