7 84
6418302 6310557 1291448 4856403 8407218 9680559 907378
84 5 84 5 6 0 9 0 29 5 81 4 57 3 67 2 19 3 21 3 12 4 2 2 4 3 89 0 91 0 35 2 46 5 55 4 15 6 20 3 11 3 60 5 13 4 98 2 88 1 76 5 97 4 55 5 62 3 10 5 6 3 36 5 70 2 80 6 100 5 11 1 43 2 73 3 62 5 37 4 22 6 11 1 36 3 45 4 25 1 32 5 90 1 89 2 52 2 65 2 95 5 79 6 10 2 96 3 54 3 10 0 57 5 93 2 11 0 88 6 66 1 68 2 18 5 64 2 26 6 40 5 85 4 71 4 95 0 29 6 55 2 18 1 43 0 35 3 31 4 47 6 5 3 37 5 44 4 14 3 16 0 14 0 70 4 73 0 65
45 0 34 0 29 2 75 6 88 1 22 2 13 5 26 4 26 2 15 5 89 2 61 0 5 3 68 6 11 6 73 3 62 6 13 6 18 3 32 0 25 5 77 5 43 6 31 2 46 3 93 6 53 4 88 1 65 0 27 4 90 4 28 4 28 3 92 1 31 5 79 2 85 0 97 5 91 6 85 1 43 3 74 3 29 3 13 3 13 2 55
82 2 19 0 64 6 26 2 89 5 87 4 33 6 77 6 19 1 23 1 35 2 99 3 33 3 10 0 15 0 10 2 10 0 79 6 93 0 29 5 53 1 59 5 75 1 27 2 76 3 29 1 71 1 22 5 19 2 44 1 85 1 52 3 25 1 4 3 44 0 94 2 47 1 47 1 9 1 53 2 74 4 69 5 38 3 69 2 70 4 43 3 51 2 46 1 53 5 11 0 47 3 9 3 70 5 85 4 34 6 46 5 66 4 68 1 92 3 37 4 24 0 92 0 85 2 43 0 91 4 28 3 24 6 49 2 48 1 16 6 79 4 75 1 69 0 25 0 94 4 17 1 88 1 50 4 54 0 57 0 22 0 57 4 7
13 6 62 5 25 0 74 0 56 3 58 5 83 1 84 3 17 2 48 6 69 1 41 3 86 6 6
19 3 49 5 41 6 31 2 69 6 4 1 18 0 1 6 11 0 34 6 55 3 56 5 14 1 37 3 86 5 13 5 40 1 98 5 89 6 96
43 3 48 5 91 6 88 4 35 1 62 0 95 3 87 5 98 1 83 2 29 2 10 1 43 3 81 4 3 2 85 5 95 5 39 3 70 3 77 4 90 2 65 1 94 5 47 4 73 1 2 4 7 5 3 2 58 1 63 5 33 3 20 4 29 0 92 1 32 5 14 5 55 6 21 5 17 5 11 5 51 6 57 2 99 5 98
68 6 86 6 19 0 17 5 87 5 17 1 39 0 30 1 81 1 99 0 24 0 80 6 51 0 45 1 48 1 17 6 89 4 21 4 71 4 86 2 9 4 64 2 63 1 96 2 66 1 95 4 46 0 16 2 51 3 87 3 17 6 52 3 98 4 24 1 2 3 39 2 15 2 45 6 58 0 47 0 21 1 57 1 87 6 32 3 45 1 55 5 87 6 22 3 74 6 38 2 76 2 49 1 20 2 88 2 80 0 4 2 93 5 3 5 57 0 91 4 67 3 30 4 14 1 73 6 89 6 21 5 22 6 59 0 56
39 5 40 1 67 4 44 6 91 5 64 6 22 4 61 4 99 1 30 6 26 2 92 0 75 1 3 2 68 0 78 2 7 2 88 6 18 0 49 2 98 1 31 6 52 3 81 5 1 5 77 6 45 4 41 2 10 3 77 4 7 2 25 4 7 6 26 2 88 2 69 3 82 0 56 6 11 3 96
60 0 7 1 40 0 17 2 95 6 99 1 25 4 2 4 60 5 89 4 59 2 84 6 44 3 31 3 27 1 65 1 72 5 77 5 9 3 73 6 2 2 82 3 20 5 52 0 98 4 34 2 97 4 58 5 64 6 7 6 50 2 65 3 98 3 52 3 45 6 93 0 80 5 66 2 11 0 46 6 20 3 37 5 21 2 46 4 100 0 90 3 57 2 41 1 13 0 41 3 98 6 71 2 43 3 48 5 71 1 28 5 4 6 73 5 43 0 68 4 40
45 0 70 6 12 0 42 0 47 1 16 6 1 5 59 6 15 1 67 1 73 2 3 3 70 5 38 6 91 3 76 1 28 2 5 4 61 4 53 4 66 2 38 5 21 6 15 1 58 6 36 4 44 0 31 6 16 6 100 2 81 1 62 0 99 6 72 3 19 1 28 5 2 3 38 3 91 2 28 0 89 6 70 6 38 0 63 6 90 1 1
46 1 27 5 81 3 29 1 93 5 45 0 16 0 44 4 78 4 31 2 2 1 37 3 83 2 49 5 93 2 64 6 11 3 13 1 3 2 67 3 42 2 13 3 43 6 52 3 27 2 89 2 37 3 84 5 28 5 15 5 63 6 33 6 43 5 98 5 72 0 59 4 47 2 67 0 98 6 65 1 22 5 72 1 91 1 55 3 9 2 16 0 17
18 0 3 6 50 0 26 6 81 5 64 3 10 5 39 0 26 0 37 5 59 0 79 3 36 6 6 6 49 4 15 3 19 5 97 4 62
93 0 63 1 36 2 96 6 56 2 14 5 90 4 88 6 59 1 53 5 75 6 86 5 46 2 9 5 36 6 47 2 57 5 44 4 93 6 27 6 22 4 7 3 44 0 65 0 58 1 68 3 6 1 43 1 77 2 10 0 15 1 12 0 35 3 72 3 30 0 11 4 94 1 7 6 100 5 95 6 50 6 70 3 13 3 92 1 59 5 100 1 62 6 89 2 64 4 62 0 26 4 24 3 24 6 86 6 19 1 44 3 84 5 80 4 25 1 48 3 20 1 95 5 10 6 65 3 14 2 59 1 97 2 74 6 90 3 94 0 7 1 35 2 64 6 67 4 9 5 66 4 30 5 41 1 94 5 68 5 53 3 64 4 82 0 24 6 81 4 90 1 81 3 85 1 74 1 57 6 43 1 9 6 66 4 41
16 2 50 6 46 2 38 4 30 1 90 1 4 6 30 1 70 3 61 6 45 0 16 6 26 1 95 6 74 6 46 6 77
64 6 84 5 69 5 5 3 17 4 9 5 86 4 57 6 4 3 67 3 75 3 30 1 16 4 46 5 87 5 6 3 60 2 17 4 100 3 17 1 96 4 2 2 59 1 48 5 14 5 53 2 84 2 58 6 41 3 33 3 7 6 74 6 43 1 54 1 14 4 66 2 82 1 91 4 41 0 67 3 70 3 46 3 34 0 93 0 100 2 38 3 77 2 90 5 22 6 25 6 48 1 20 5 25 6 62 1 11 5 82 6 90 4 36 5 61 5 96 4 11 1 49 5 66 2 70 1 53
5 3 32 2 89 1 32 4 20 6 51
30 2 99 2 53 2 60 2 34 5 73 6 7 6 84 3 83 1 90 3 13 0 17 1 67 0 12 3 63 4 92 6 35 0 59 0 30 1 8 2 13 1 81 4 25 0 48 0 56 2 14 4 100 3 47 2 15 6 47 5 46
51 2 96 1 85 6 73 5 93 3 77 6 28 0 93 2 83 6 79 2 20 5 61 3 85 3 9 3 31 1 34 3 75 2 75 1 54 2 43 5 42 3 36 4 61 6 88 5 18 1 84 5 26 4 6 5 12 6 7 2 36 0 88 5 57 6 22 5 12 5 96 2 78 1 37 3 30 6 72 6 86 4 57 5 36 0 96 5 27 2 60 0 56 5 63 2 23 1 12 4 64 3 63
98 3 51 0 76 1 97 4 81 1 42 3 73 1 96 6 51 4 58 5 63 3 29 3 2 5 4 0 41 3 32 6 24 5 95 6 43 6 35 2 47 5 69 0 24 6 50 0 9 1 95 0 83 2 96 6 52 6 64 4 4 1 4 0 44 0 1 0 53 0 7 4 10 5 58 4 60 3 25 6 52 6 20 6 61 4 94 6 7 0 18 3 15 3 100 1 87 0 100 0 61 4 45 0 86 6 50 1 2 1 92 3 87 5 20 0 66 1 40 4 44 3 17 2 80 3 24 4 65 4 99 6 16 2 23 5 56 6 69 3 43 2 32 5 10 1 28 6 60 5 97 6 75 2 58 0 47 3 97 4 56 2 26 2 14 0 82 1 12 6 63 3 76 1 79 3 27 1 52 0 74 4 61 1 38 5 84 0 36 6 59 4 70 3 74 2 27
94 4 39 1 51 0 1 5 3 6 46 6 47 3 75 3 35 5 31 4 26 1 49 1 7 3 69 6 100 6 30 3 41 5 71 4 93 0 21 4 34 1 35 2 60 2 67 3 61 0 32 0 98 6 67 6 75 6 12 6 32 4 78 0 55 4 45 2 15 6 50 5 89 2 55 6 70 6 100 2 99 1 42 5 63 1 7 0 55 3 11 2 39 5 87 1 73 3 90 6 36 0 66 1 99 1 17 4 90 3 8 3 31 1 62 6 39 1 64 2 25 4 12 5 89 1 18 0 83 6 82 4 89 4 81 6 83 4 33 4 11 5 97 5 1 6 48 3 52 3 88 2 86 0 37 0 85 2 90 2 59 1 86 1 64 4 89 1 2 2 21 4 11 3 46 1 84 6 86 1 78 2 74 0 24 4 10 2 78
9 5 37 0 61 2 91 0 29 3 46 3 65 6 22 4 6 1 63
57 2 42 1 73 0 8 3 20 1 69 0 56 2 91 1 83 5 80 4 60 0 95 1 35 4 26 3 32 2 49 6 4 1 35 4 9 6 99 5 29 1 57 2 99 1 30 3 77 2 46 4 32 4 30 6 45 0 5 0 50 2 56 1 26 0 27 6 70 0 85 4 74 4 86 4 29 3 27 4 55 6 85 5 66 1 92 4 98 4 66 2 30 5 94 3 48 6 6 3 61 2 97 6 42 1 19 5 78 3 98 1 64 5 71
41 2 43 1 44 3 66 6 45 6 61 4 75 6 24 4 67 3 76 5 50 5 15 4 72 0 17 2 8 0 46 3 90 2 48 2 54 0 51 0 10 1 83 2 27 5 13 4 57 0 14 3 74 5 72 6 47 1 7 5 61 3 26 4 39 0 77 0 89 2 40 6 28 6 32 1 67 6 78 1 86 0 14
48 3 7 2 22 3 85 3 40 0 96 0 61 5 31 3 18 4 72 3 24 3 62 4 92 4 22 3 44 5 90 4 50 1 51 1 94 0 1 3 10 5 17 5 49 1 45 0 25 1 82 1 32 5 40 4 73 5 84 3 18 2 92 6 13 0 3 0 90 0 84 4 99 5 70 0 52 6 97 2 56 3 100 1 46 5 27 0 23 4 83 4 97 1 82 3 52
59 1 56 2 27 0 34 5 86 3 78 6 97 1 20 5 46 1 88 6 27 5 21 4 66 6 19 6 4 3 74 3 98 4 92 1 1 0 32 6 64 5 66 1 21 0 23 1 26 4 53 0 36 2 34 5 18 3 40 0 69 1 87 6 82 5 95 0 84 6 11 2 49 6 75 2 18 4 6 6 49 4 14 2 72 0 16 5 45 5 3 5 50 0 99 5 97 5 39 3 9 3 38 1 26 2 16 0 9 1 8 4 5 4 35 2 79 6 83
63 5 19 1 12 1 43 2 100 3 38 1 21 1 20 3 35 3 98 0 72 1 1 5 32 4 91 2 59 1 40 6 48 3 71 3 18 1 45 2 67 6 60 6 44 2 78 0 93 2 3 1 57 6 16 5 1 0 31 5 3 0 37 3 88 6 78 5 97 5 39 6 67 1 96 4 71 1 54 3 66 2 1 4 16 3 25 3 24 2 80 5 47 3 50 1 99 3 53 2 100 6 18 0 1 1 92 3 72 2 59 3 64 2 57 1 48 1 47 4 77 6 29 6 86 1 80
64 1 13 4 42 1 47 6 62 4 18 5 49 1 31 0 75 2 6 6 25 0 24 4 63 4 74 4 1 5 33 4 94 4 9 5 73 3 89 1 71 2 59 3 29 4 53 1 9 5 24 2 45 4 80 4 84 1 28 3 30 5 24 3 79 6 10 4 52 6 14 4 21 3 78 0 28 3 68 0 26 4 1 6 56 0 26 5 22 5 91 1 26 3 12 2 30 3 95 4 61 1 10 3 55 6 27 4 30 5 98 5 75 1 9 5 62 2 73 0 13 4 72 4 72 5 63 0 100
83 4 85 4 11 6 98 5 72 6 24 1 79 6 57 3 45 1 15 6 13 6 7 4 10 3 86 4 51 4 51 1 34 6 56 5 6 5 35 0 31 1 13 6 29 0 92 5 4 2 37 5 50 0 5 2 66 3 80 1 15 4 34 3 35 5 27 6 64 5 53 1 76 3 53 2 5 4 44 5 94 0 16 4 13 6 35 6 100 3 82 5 60 0 81 1 55 1 57 1 42 2 44 5 14 5 93 3 51 3 55 5 50 2 55 6 58 5 20 4 78 3 76 3 93 2 83 3 19 4 32 6 98 6 36 6 75 1 44 5 2 2 83 0 27 5 69 4 28 6 23 1 66 4 53 5 23 4 92 3 69 6 9 1 67 4 100
14 2 78 3 77 6 66 4 6 6 25 5 17 6 30 4 14 6 3 4 21 5 85 6 100 1 95 5 81
90 0 73 1 35 2 55 2 3 3 80 2 25 6 46 3 43 5 85 1 72 0 74 5 72 1 3 6 70 4 17 3 75 6 69 5 43 3 12 5 6 6 82 5 72 1 65 2 88 3 59 5 33 5 86 1 67 6 42 6 60 0 27 1 97 1 10 5 15 2 30 5 92 2 73 0 84 1 83 3 20 2 24 3 43 4 25 2 45 0 41 3 94 4 33 2 39 6 75 5 58 3 61 3 25 3 12 3 23 6 29 3 38 1 73 4 74 6 12 4 15 2 15 1 67 1 42 2 60 3 91 5 69 1 65 5 27 1 83 1 8 3 21 0 23 0 32 1 1 6 27 1 13 4 99 3 42 4 30 2 26 1 74 3 31 5 37 2 44 4 3 6 48 2 73 2 74 5 33 1 58
40 1 48 2 37 1 76 3 16 3 49 1 24 0 2 3 46 4 29 4 51 2 67 5 66 1 66 1 92 0 47 6 23 1 28 5 36 3 68 4 2 6 89 2 98 0 78 5 69 1 50 2 64 0 82 5 91 4 39 0 32 1 35 5 8 1 72 1 1 6 77 3 71 6 59 2 34 1 16 5 33
37 3 28 1 67 2 2 1 45 3 97 1 29 3 42 6 67 0 92 3 62 2 63 0 8 0 28 2 73 5 86 4 43 3 49 5 28 5 31 3 53 3 13 3 39 5 26 0 87 0 88 5 34 4 36 1 16 4 49 1 67 3 22 3 21 1 17 3 82 5 38 4 80 5 37
72 1 45 0 66 2 46 0 34 2 77 1 5 0 72 1 16 4 42 6 7 1 11 2 45 2 3 5 70 5 96 4 70 1 29 0 76 0 98 1 45 4 7 6 43 2 38 6 42 1 77 0 85 3 68 3 57 1 78 2 32 5 8 5 78 0 64 4 85 2 16 3 53 5 80 0 92 5 29 0 50 5 22 2 18 5 32 1 72 3 15 6 25 2 57 4 79 2 96 1 64 6 13 4 44 4 12 2 35 2 55 1 4 1 34 4 79 3 98 4 18 2 14 2 23 3 100 2 88 4 48 6 86 3 13 0 48 2 85 2 29 2 78 0 24
75 5 75 5 14 6 32 5 55 0 12 3 68 3 62 5 62 2 31 6 39 5 81 5 5 2 5 5 80 2 26 4 57 6 19 5 63 2 73 2 52 6 30 2 31 0 83 3 48 0 52 0 36 4 36 0 34 0 35 1 61 0 83 2 63 5 19 2 13 2 60 5 49 6 72 2 40 1 82 2 25 2 10 0 100 4 25 0 6 0 67 3 82 2 5 6 9 1 77 0 24 4 76 6 61 6 35 0 36 3 71 1 82 2 63 0 55 2 22 6 92 0 26 5 35 1 88 6 53 4 29 3 34 6 57 2 67 4 73 1 62 0 49 2 28 0 19 0 28 5 78
37 5 54 4 10 5 56 4 24 5 42 4 15 1 51 5 9 5 51 4 43 0 14 2 86 2 9 6 81 5 58 4 60 3 70 4 34 5 23 1 57 0 89 3 21 4 75 3 69 0 14 1 28 4 11 1 72 2 57 5 57 3 62 0 21 5 56 1 62 3 12 2 84 5 29
26 0 61 0 92 6 45 4 74 6 10 2 12 1 94 2 84 1 14 6 14 5 98 1 48 2 64 5 8 6 93 2 80 6 23 6 70 1 42 6 91 2 71 0 90 6 14 6 61 1 98 5 13
80 6 42 3 37 5 51 1 63 0 26 0 91 1 91 0 24 3 18 6 68 0 44 1 93 1 84 0 47 4 72 3 56 6 70 5 45 5 20 5 68 6 22 4 60 0 37 5 94 2 61 3 66 3 65 5 91 1 17 0 93 4 35 4 27 1 67 0 88 2 70 1 67 5 34 5 7 5 48 3 67 0 99 3 53 6 58 3 11 3 17 6 15 0 26 3 65 6 36 4 33 2 21 6 2 3 20 4 49 1 95 5 50 6 44 2 91 3 71 1 17 0 24 3 92 5 32 5 16 3 95 4 62 2 66 2 28 4 60 4 5 4 34 2 98 0 66 6 55 6 77 1 35 1 85 5 33 0 23 4 45
79 1 66 5 57 4 10 0 34 1 20 6 78 1 18 4 43 0 80 1 40 4 39 4 6 4 23 0 26 6 62 5 25 0 59 3 57 2 80 0 41 6 55 3 17 0 28 6 92 2 38 2 23 0 66 3 74 2 25 2 49 4 11 4 17 4 92 2 2 1 61 2 71 3 23 3 24 1 32 2 8 6 39 0 87 0 79 0 33 6 53 5 20 3 61 0 52 1 82 0 29 4 34 5 52 3 32 5 90 3 10 6 5 1 27 6 12 3 9 1 19 6 81 2 47 4 69 4 18 3 52 0 81 3 24 2 9 0 56 0 92 0 69 2 55 6 68 1 9 6 30 2 21 3 78 4 94 0 30
29 1 99 2 19 2 68 1 68 6 91 0 36 6 100 3 54 5 65 5 5 4 56 5 83 0 65 4 24 1 79 4 77 3 46 6 16 0 59 5 51 4 90 1 10 3 5 2 53 2 49 6 93 0 76 5 22 6 84
12 4 97 1 98 0 72 3 50 2 73 1 40 3 20 3 87 4 65 6 57 5 44 1 84
93 3 31 0 37 4 89 4 27 5 94 1 47 2 10 0 34 1 49 0 54 3 13 5 39 1 23 0 80 0 53 5 57 1 70 2 63 4 36 0 74 6 4 2 38 5 82 0 78 0 35 1 40 0 81 2 15 2 70 3 14 1 84 3 55 0 63 1 23 0 66 3 83 0 55 1 87 6 70 5 33 3 33 0 98 3 43 2 81 5 50 4 57 0 26 6 55 1 91 2 23 0 69 4 46 1 8 6 15 6 78 6 99 5 54 5 18 0 36 5 65 3 4 3 58 4 61 6 15 6 31 4 100 0 68 4 31 4 93 2 38 4 68 5 21 3 99 5 16 1 42 1 46 0 50 4 26 0 15 3 40 2 74 2 24 5 55 2 40 5 83 3 15 1 65 2 76 6 1 6 14 2 58 0 60 4 63
73 1 47 0 44 3 88 6 37 0 57 4 63 6 9 5 75 4 40 1 14 2 3 5 42 6 10 6 63 1 8 5 78 0 32 1 56 6 21 1 56 0 44 3 24 6 46 0 45 2 4 2 12 2 73 6 46 3 75 6 71 1 63 6 68 3 23 4 92 4 33 2 97 3 14 0 48 5 81 1 4 3 42 2 78 6 51 2 34 6 29 2 75 5 95 3 76 0 24 2 19 4 16 3 88 6 24 5 71 2 56 4 34 2 86 2 10 1 8 4 14 5 9 2 60 0 23 3 69 4 13 0 37 2 43 3 42 6 7 6 48 5 26 2 62 6 13
95 6 15 4 38 6 90 6 31 5 98 4 2 6 1 4 67 4 37 3 28 1 38 3 17 2 97 4 51 3 66 1 18 2 47 1 43 4 65 5 59 3 28 5 77 6 33 0 17 0 51 4 98 5 36 2 19 3 83 3 16 5 9 1 88 0 11 5 69 3 17 5 2 2 13 6 1 0 22 0 88 6 7 6 4 5 70 3 100 4 5 3 21 5 78 4 49 2 6 4 12 0 83 5 31 3 80 0 84 5 60 6 32 2 100 2 38 5 69 1 69 5 66 0 8 0 25 3 89 3 86 5 26 3 87 3 20 4 53 4 86 4 75 5 54 0 21 0 68 2 4 1 88 1 47 6 3 6 73 1 98 4 66 5 5 4 51 2 47 2 100 1 31 2 25 0 21 1 77 6 60 3 98 4 41 3 86 5 98 5 92
74 4 2 4 48 2 55 2 89 3 14 6 79 2 39 5 66 6 93 4 77 2 89 6 39 6 84 4 57 1 39 6 10 1 9 1 33 3 67 5 63 6 91 4 98 1 4 6 29 1 15 4 31 4 86 4 16 0 12 4 30 3 55 0 48 4 96 0 76 4 22 5 53 2 38 3 3 0 80 2 17 3 22 2 43 6 30 0 87 2 49 6 48 3 86 5 66 3 24 1 55 1 14 1 52 2 45 3 2 3 65 3 58 6 32 4 72 5 1 4 29 6 51 0 46 4 88 2 51 0 9 0 24 4 9 1 27 4 20 5 67 1 16 2 76 6 80 2 86
81 3 40 4 1 5 57 1 5 0 35 2 13 0 38 5 84 6 91 0 33 5 74 0 45 4 19 1 8 1 67 5 43 5 5 0 78 4 87 3 43 6 36 6 45 4 47 4 82 0 34 4 76 0 37 0 10 1 54 6 48 1 31 6 9 4 92 6 78 3 32 0 91 6 72 1 77 5 36 5 42 5 17 6 74 6 49 1 10 0 50 2 69 5 10 0 97 6 26 6 86 6 42 6 12 4 1 5 97 6 54 1 86 6 5 3 67 2 2 6 83 6 48 2 60 3 6 3 46 3 78 4 41 5 90 6 36 0 50 5 46 5 25 2 15 2 47 1 24 6 80 3 78 6 13 0 4 5 74 5 80 5 45
10 1 58 5 45 6 90 6 45 1 25 1 68 4 95 4 92 1 41 5 56
96 6 3 3 86 2 25 4 59 1 55 3 80 3 6 5 77 1 7 4 65 4 12 0 43 0 91 4 11 3 3 5 97 0 97 2 56 0 1 1 81 2 9 1 2 2 45 3 65 6 31 3 41 5 14 2 79 1 27 5 93 1 96 4 52 3 90 1 23 4 24 5 28 2 28 5 39 1 68 4 39 4 36 3 73 1 47 5 37 6 49 6 2 0 98 3 6 2 72 2 82 4 37 4 11 6 90 0 91 3 55 0 60 2 94 2 57 6 28 2 76 3 75 1 32 2 35 4 39 1 22 4 3 6 7 5 41 4 73 6 6 6 14 5 21 5 45 2 1 5 44 6 87 0 3 5 100 3 57 1 74 3 54 5 12 6 86 0 9 1 8 3 29 1 75 0 91 4 66 0 39 0 19 1 68 0 90 4 72 5 82 3 10
85 6 45 6 30 5 88 3 96 5 94 4 79 3 96 4 8 5 44 0 21 4 98 2 36 4 28 5 53 0 50 5 63 5 11 1 13 2 53 1 61 2 45 6 1 6 27 5 1 4 66 0 50 2 32 3 83 6 95 6 81 2 65 4 87 2 34 1 13 6 71 6 21 2 3 2 47 0 55 6 63 0 30 4 80 4 60 2 71 3 61 4 35 0 4 2 85 2 52 1 42 2 19 0 19 6 47 4 55 1 28 0 17 1 38 2 2 6 66 3 88 3 3 4 97 2 75 2 88 5 26 6 68 5 70 3 38 1 49 3 76 0 3 5 81 0 85 0 40 6 76 0 33 5 64 3 8 5 4 3 43 5 34 2 37 4 17 3 45 0 46
83 5 75 6 44 6 84 5 54 3 52 3 26 1 52 4 90 0 5 2 25 5 30 3 27 0 9 5 37 3 69 1 29 3 65 0 28 0 6 6 4 5 84 3 99 1 68 2 11 5 2 1 91 2 41 1 20 4 57 1 54 5 56 3 91 4 2 4 51 2 18 6 8 6 67 4 72 5 64 1 6 2 25 3 59 6 47 4 68 3 22 4 87 1 89 0 7 6 67 5 50 3 96 3 31 1 32 2 4 5 32 0 28 6 86 1 1 5 78 6 62 5 54 4 22 4 98 3 38 4 2 0 70 6 61 1 23 6 100 6 84 2 37 2 70 1 4 4 1 5 63 1 79 1 18 2 91 3 90 2 88 5 91 2 87 0 45
20 3 80 2 51 0 36 2 63 5 88 6 69 2 2 2 19 5 69 0 31 5 9 1 10 4 11 1 17 6 69 1 42 5 11 6 5 1 64 3 26
83 3 72 3 76 1 25 2 4 2 98 4 97 1 56 6 13 4 97 0 34 1 16 2 60 1 29 0 34 1 59 1 58 2 83 4 4 1 5 5 86 2 24 6 73 3 70 5 13 3 90 6 56 1 34 4 95 4 98 0 26 2 19 4 39 2 55 2 97 0 92 3 9 4 69 3 85 4 76 6 75 0 32 0 4 2 100 0 70 4 65 5 69 1 47 5 92 0 26 3 61 6 89 1 71 5 88 4 51 4 65 2 82 6 97 3 62 1 17 5 72 6 79 1 53 3 40 6 2 5 62 3 22 2 49 6 55 1 95 5 28 0 33 0 23 3 22 5 51 0 78 3 24 1 88 0 86 1 10 0 32 3 22 1 39 0 12
12 5 17 0 33 3 77 3 21 5 33 2 77 6 75 6 85 5 40 1 18 4 22 1 11
1 3 30
1 1 3
64 4 82 5 27 3 96 6 13 6 25 1 19 6 11 4 23 2 75 6 99 3 26 2 92 0 71 4 30 0 62 3 15 2 79 1 8 6 88 1 70 1 74 0 60 2 84 0 73 6 43 3 90 1 35 3 65 1 40 2 61 1 28 6 78 0 15 3 88 4 34 4 59 6 75 5 90 4 17 6 89 1 38 6 17 1 10 6 1 5 55 3 34 5 19 0 86 5 18 5 56 4 48 5 18 6 84 0 81 6 75 1 41 0 63 2 24 0 42 0 78 1 33 6 49 5 84 3 49
63 6 57 6 19 5 29 3 89 5 3 2 60 3 12 5 40 4 6 4 27 5 1 5 54 1 43 3 36 2 20 3 53 5 23 1 87 2 53 2 95 4 87 1 91 5 67 1 54 6 4 3 67 2 58 4 85 0 42 6 21 0 41 2 69 5 65 6 66 4 81 0 83 1 37 5 92 4 91 0 77 0 75 5 90 2 39 3 26 2 18 1 69 2 20 6 84 4 92 4 79 3 8 0 75 5 27 4 61 3 66 0 39 6 94 0 96 6 48 4 36 5 62 1 32 1 34
69 4 76 3 93 6 48 5 42 3 24 2 82 0 78 1 83 4 66 5 53 2 91 1 35 0 42 5 41 4 9 6 28 5 8 3 80 5 13 6 94 1 33 0 93 3 48 2 1 2 24 6 19 4 35 6 64 4 15 6 62 5 87 6 47 1 78 4 60 2 91 2 32 4 11 5 65 3 10 1 82 1 70 2 34 2 100 1 16 1 94 3 7 4 83 5 40 2 20 3 90 3 35 2 95 4 23 4 76 4 26 0 8 3 95 6 15 5 94 4 36 5 26 5 24 0 39 2 100 3 8 2 53 5 57 0 24 6 69
82 2 18 3 89 6 43 1 56 2 32 6 20 0 57 3 49 5 23 4 26 5 91 2 32 4 89 4 99 0 75 4 43 4 53 6 39 6 81 2 77 0 37 2 87 4 38 3 27 3 53 6 2 0 3 4 38 1 60 6 61 1 21 1 26 3 78 6 4 6 64 3 40 5 93 0 45 5 17 3 28 6 19 0 7 3 81 0 75 1 60 5 84 2 9 6 8 0 22 0 48 1 57 3 57 5 7 2 14 0 13 5 10 3 34 3 20 5 87 4 25 2 53 0 79 1 4 4 36 3 15 5 1 1 56 2 91 2 75 4 29 0 59 5 45 0 50 6 63 1 34 0 10 0 4 6 79 5 43 3 18 2 85 6 49
69 5 47 6 87 4 75 1 86 6 10 3 16 6 68 1 81 6 27 1 38 5 25 4 33 1 71 5 62 1 33 2 31 1 84 6 30 4 87 4 76 5 87 3 64 3 41 3 99 2 62 2 66 6 23 1 21 3 75 5 81 3 63 0 40 2 8 5 25 4 44 2 42 3 33 6 91 3 14 2 69 5 63 2 78 1 47 5 88 6 91 5 56 2 47 2 47 1 72 6 81 6 78 4 79 1 6 6 4 4 3 3 51 6 34 2 20 4 6 6 55 4 58 0 53 6 22 3 47 0 10 0 18 0 28 6 50 0 76
77 6 54 4 74 3 13 5 91 6 49 1 16 0 49 4 23 6 17 1 7 6 68 0 71 1 32 0 63 0 21 3 73 1 75 3 80 2 87 4 32 6 64 1 91 4 46 0 1 5 7 5 51 1 21 5 69 4 75 0 34 0 82 2 82 6 71 2 47 4 36 0 69 0 98 4 67 3 9 0 27 0 14 5 99 4 45 0 5 5 29 6 84 5 31 2 93 4 7 6 23 4 1 4 46 0 9 5 89 0 77 3 40 0 76 3 45 0 97 1 95 5 11 1 94 5 6 3 91 4 50 4 91 2 69 5 38 2 39 5 40 4 12 1 22 2 1 5 82 5 57 6 79 0 98
70 3 6 0 2 3 88 5 69 5 68 1 42 0 50 5 34 6 17 0 55 0 13 6 14 5 26 0 83 0 3 3 65 0 86 4 75 3 74 4 90 3 12 3 72 0 53 4 90 5 63 2 34 4 93 5 64 4 76 0 45 5 16 5 21 3 23 6 97 2 57 0 4 2 69 4 34 4 78 4 22 5 83 2 78 5 45 1 4 3 100 2 80 0 70 5 39 0 10 1 85 0 40 1 79 0 98 6 79 4 37 2 66 2 82 2 56 2 30 4 52 0 60 5 27 2 78 3 37 4 17 2 14 3 43 0 58 2 77 1 63
11 0 24 0 41 0 57 5 87 0 46 1 24 3 33 5 56 4 75 2 44 5 39
86 3 90 4 81 6 69 3 52 1 14 2 56 3 66 2 68 1 75 1 48 3 60 0 79 0 90 0 82 5 95 3 99 4 56 1 37 5 32 0 94 6 23 4 25 1 6 0 69 2 96 2 20 0 4 0 2 0 95 0 72 5 76 6 55 5 22 4 14 2 14 5 27 3 62 0 92 2 24 6 97 5 18 3 56 4 81 1 59 3 1 1 21 2 53 3 92 5 53 0 99 6 33 0 35 1 29 1 54 2 26 1 6 0 84 0 90 3 91 6 32 0 58 3 98 1 13 2 75 3 21 2 24 0 6 1 100 0 17 2 69 2 92 6 40 3 99 2 43 4 63 0 80 3 63 2 90 0 70 4 18 0 95 6 81 3 48 0 8 1 87 6 1
85 6 99 2 37 0 44 4 29 1 45 0 7 3 88 2 13 5 62 5 49 5 52 4 59 3 3 2 59 4 76 1 28 3 38 0 31 0 8 1 17 0 59 6 86 4 12 0 47 1 1 5 9 6 71 0 61 2 97 4 69 0 69 5 54 6 15 1 54 4 3 6 64 4 3 1 82 1 31 5 76 6 84 1 90 6 41 5 99 5 83 3 71 5 14 6 91 0 58 4 70 6 22 1 37 2 13 2 83 1 91 4 68 1 6 2 47 2 10 0 22 6 83 4 14 1 42 2 53 5 38 3 88 5 9 6 72 6 60 3 56 3 47 2 85 2 94 4 3 4 3 6 38 6 98 6 14 6 20 0 91 5 96 4 17 5 87 0 11 6 49
4 1 35 4 64 3 26 3 64
4 6 95 3 59 6 75 4 19
3 0 17 4 79 1 8
82 4 13 0 92 4 28 1 77 3 83 4 47 1 81 5 20 0 47 0 79 0 28 6 53 1 77 1 90 3 82 0 22 3 68 2 35 1 49 3 48 1 79 5 12 0 57 1 18 5 100 1 27 0 62 2 65 1 28 4 76 5 4 2 8 5 66 4 28 2 79 1 58 4 31 4 8 5 11 3 82 1 57 4 40 6 52 3 32 5 47 2 87 3 56 6 15 3 82 3 87 4 60 1 67 5 41 3 84 6 91 2 8 1 22 3 98 0 6 3 81 5 22 5 86 0 74 0 43 5 72 1 39 6 3 1 47 0 85 6 73 4 25 0 82 1 95 2 32 1 53 6 44 6 39 3 81 4 35 2 17 6 33 2 31
6 4 14 6 58 3 25 1 68 5 41 3 80
5 1 70 5 28 3 16 5 44 0 28
90 1 39 4 91 4 8 0 8 4 84 6 36 2 52 4 10 2 84 3 63 6 31 2 30 4 86 3 58 5 44 1 58 5 92 0 82 0 85 5 2 5 79 4 56 0 2 2 100 3 87 1 79 6 19 4 6 0 66 1 51 0 78 1 99 4 35 6 66 6 31 6 65 0 99 1 55 1 86 1 84 3 37 2 52 1 3 5 26 4 99 4 59 2 68 0 70 6 17 6 8 2 46 3 85 4 82 3 16 5 44 5 43 5 43 4 53 3 75 1 89 2 74 5 62 6 82 3 61 3 5 2 14 0 100 3 85 1 96 5 28 4 31 1 100 5 26 1 19 0 66 5 51 6 40 6 38 0 42 4 79 3 15 6 90 5 17 0 10 4 56 5 51 5 69 2 34 0 25 6 63
85 4 98 3 64 3 91 2 63 6 61 6 39 0 89 3 47 0 24 0 6 2 58 4 97 4 25 1 84 1 67 1 35 0 76 5 92 4 85 2 69 6 21 1 79 4 12 3 15 6 21 6 79 2 82 4 6 0 38 4 65 6 64 3 71 6 79 2 10 4 59 4 1 6 49 6 75 0 53 2 45 4 67 0 38 0 76 2 34 2 51 2 16 5 64 3 57 1 82 1 88 3 57 3 8 5 24 0 15 3 11 3 59 0 72 0 81 5 89 3 86 0 9 3 84 1 75 2 59 2 88 4 72 4 49 6 94 6 34 1 78 4 28 3 12 2 46 1 72 1 25 3 69 5 56 3 5 4 14 5 49 1 15 0 90 6 58 0 18 1 5
58 2 43 0 92 1 98 0 4 5 64 2 15 0 99 5 9 3 83 0 95 6 6 1 92 5 92 0 14 5 67 3 43 3 26 0 99 5 72 5 62 6 13 4 35 4 13 5 60 6 54 2 30 6 59 0 53 3 19 3 76 2 32 2 81 4 81 0 29 2 30 3 48 0 6 2 44 1 18 0 75 3 85 2 61 1 57 4 48 1 18 0 39 5 9 2 4 6 86 4 65 6 37 0 32 3 6 1 15 4 82 4 40 4 14 1 73
38 6 32 0 53 2 6 4 19 4 18 6 6 1 25 2 48 5 34 5 64 3 27 4 43 6 15 5 16 3 79 2 86 5 86 2 2 1 44 4 68 6 69 0 76 2 45 2 71 2 96 1 36 3 54 6 30 2 45 0 20 2 72 0 71 2 58 5 92 1 49 2 39 6 60 1 60
81 2 12 6 19 5 73 5 48 6 39 6 51 6 35 6 72 5 77 5 43 0 60 3 45 4 92 4 41 5 93 0 100 2 33 0 82 2 77 4 79 3 72 6 36 6 40 6 94 5 50 3 20 5 26 4 7 2 7 3 22 2 43 3 19 2 76 5 61 1 33 3 26 0 94 3 38 6 62 4 61 2 97 5 84 2 42 6 23 6 9 2 51 5 49 0 87 0 23 2 18 0 4 3 12 6 8 2 55 0 82 6 63 1 17 4 36 0 78 4 89 0 85 1 11 1 72 6 48 5 49 1 13 3 35 4 33 6 3 6 22 3 17 0 45 6 44 2 37 3 50 3 25 3 49 4 76 4 64 4 25 0 61
97 0 4 2 56 2 37 4 44 6 66 0 69 0 72 4 80 4 45 4 9 1 14 3 74 3 53 0 46 5 100 2 40 1 23 6 26 0 28 0 5 5 100 6 95 2 84 0 77 1 45 4 13 1 5 5 94 4 25 5 70 3 52 0 74 4 70 4 44 0 94 2 30 5 11 6 55 4 14 2 36 0 79 3 78 5 39 0 28 2 82 3 73 5 31 2 83 1 94 2 59 0 44 2 79 1 81 4 95 2 65 0 90 5 89 6 92 3 41 3 54 5 44 6 37 6 2 5 64 3 47 3 76 4 70 4 15 5 11 0 7 4 51 4 57 2 31 2 55 6 88 0 34 0 92 6 72 2 81 0 24 3 6 2 62 1 90 2 72 1 16 3 23 5 11 5 77 2 91 3 59 4 84 0 50 2 63 1 73 2 53 0 60 4 64
83 4 53 0 69 4 56 1 42 1 29 3 72 5 79 1 12 6 7 3 79 0 85 5 17 2 38 0 10 5 44 6 54 3 59 6 46 4 82 4 8 1 12 4 55 2 36 5 25 3 19 2 23 4 1 3 33 4 94 0 91 5 34 2 4 0 51 5 29 0 62 1 53 0 50 0 96 3 26 2 32 2 51 1 28 3 58 0 100 1 99 5 30 5 98 2 89 5 8 4 11 1 59 4 42 1 76 3 44 3 27 1 18 1 34 4 32 0 33 0 37 5 9 4 28 2 23 1 98 0 58 1 72 4 53 4 78 4 58 2 24 5 25 0 14 4 43 2 96 5 60 2 63 5 13 6 52 1 70 2 89 0 47 2 41 1 62
50 0 34 1 31 2 19 1 85 4 54 5 62 2 29 4 26 5 38 1 90 4 41 1 11 3 35 6 49 2 55 4 7 5 96 0 17 2 11 0 38 6 28 6 73 5 55 3 61 3 45 0 49 2 11 3 16 0 31 2 88 5 30 4 36 6 42 5 79 3 84 3 38 6 40 4 86 2 17 0 68 0 43 4 91 2 71 5 17 4 4 6 37 1 19 5 20 3 97 3 20
23 1 20 6 19 2 37 6 19 3 85 0 36 2 14 5 82 3 90 3 77 5 23 5 97 6 97 4 84 3 47 6 62 5 21 6 35 4 11 3 79 4 45 3 55 1 48
62 3 64 3 46 0 70 2 99 5 63 4 15 5 60 3 79 3 58 4 77 5 30 0 98 3 4 0 25 4 42 3 24 0 43 1 3 6 48 4 46 5 27 4 49 3 92 3 81 3 90 3 99 6 55 2 6 6 83 6 8 1 75 2 20 1 94 1 9 4 47 1 33 5 71 2 68 3 38 2 64 4 10 0 28 5 8 1 63 0 9 6 95 0 75 5 55 6 66 6 54 4 99 3 65 6 17 6 72 1 93 0 24 1 97 4 19 2 94 5 95 2 92 3 62
61 2 63 6 12 2 100 1 26 3 96 0 37 6 47 0 31 1 6 4 60 5 11 3 7 1 18 6 42 0 37 1 67 2 10 2 40 2 71 5 32 6 94 1 10 1 39 5 93 4 66 3 9 6 96 4 42 1 47 2 74 4 33 5 41 2 28 6 43 4 98 1 29 2 61 1 53 0 96 5 79 6 22 0 92 5 81 6 5 5 72 6 22 6 29 4 34 6 15 3 96 0 44 4 100 0 43 0 46 1 89 1 98 4 3 5 49 1 60 0 94 2 30
19 3 19 5 1 5 84 5 26 0 23 1 34 2 99 4 35 2 88 3 5 5 59 1 39 5 76 3 85 2 18 5 50 3 47 6 17 0 33
61 0 65 5 61 3 31 1 46 0 89 2 25 2 62 2 37 6 37 4 44 4 3 4 89 5 77 1 79 5 41 5 75 2 40 6 40 0 95 3 76 5 93 1 68 6 91 5 54 2 1 2 83 2 23 2 80 3 25 5 45 1 9 2 13 4 1 0 92 4 49 5 97 6 48 4 76 6 15 4 11 1 62 4 20 3 32 1 15 0 5 6 39 3 50 2 58 6 34 0 6 5 37 6 40 2 91 5 77 1 39 0 58 5 92 1 5 4 57 5 95 6 14
99 2 38 2 87 2 55 5 2 5 26 6 80 0 76 0 65 6 86 2 56 5 28 0 73 5 8 2 95 0 46 5 25 1 16 4 100 5 23 1 8 6 78 6 12 2 14 2 70 0 72 0 23 6 39 4 5 4 11 4 77 3 2 2 68 4 61 0 88 6 99 2 37 4 25 3 92 1 64 1 40 2 93 3 100 2 8 1 29 2 36 1 60 0 17 5 47 4 52 3 92 2 74 4 57 3 20 4 23 0 79 2 66 0 93 0 73 5 12 6 55 4 64 2 9 4 89 5 76 3 83 6 36 1 6 3 56 0 67 0 31 3 86 2 56 6 78 1 77 6 16 2 58 2 13 2 100 5 66 3 49 1 67 1 29 4 94 2 75 0 39 2 69 0 2 5 29 1 92 0 33 0 7 6 17 1 98 6 91 3 49 0 100 0 83 1 52 6 90
