2 38
7855907 9878517
65 0 79 1 65 0 6 0 19 1 53 1 6 0 13 1 84 0 78 0 25 0 44 1 13 1 33 0 38 1 75 0 23 1 46 1 31 1 64 0 82 0 86 1 68 1 7 1 84 0 49 0 96 1 22 0 24 1 37 1 13 0 33 1 79 1 28 1 41 0 35 0 90 1 37 1 47 0 16 0 38 0 45 0 48 1 14 0 25 1 61 0 27 0 1 1 96 1 96 0 56 1 40 0 29 0 16 0 54 1 11 1 15 0 42 1 66 0 62 0 87 1 23 1 31 0 53 0 53 1 16
89 1 86 0 64 1 14 0 53 1 50 1 51 0 41 1 89 0 32 1 45 1 76 1 60 1 43 0 39 0 5 0 22 1 19 0 23 1 50 1 69 1 16 1 12 0 86 0 1 1 53 1 64 1 86 1 84 0 54 1 95 0 99 1 41 1 24 0 13 1 83 0 98 1 14 0 58 0 19 1 86 1 27 1 41 0 81 0 9 1 61 1 88 0 27 0 44 0 74 1 79 0 90 0 88 0 78 0 56 1 84 0 42 0 74 0 44 1 74 1 8 0 12 0 51 0 71 0 20 1 70 1 50 1 97 0 41 1 53 0 83 0 43 1 19 1 81 0 11 0 84 0 58 0 37 1 72 0 49 0 13 0 83 1 65 1 20 0 66 1 60 1 94 1 76 0 22 0 96
84 0 10 1 52 0 96 0 59 0 80 1 3 1 1 0 19 0 74 1 73 1 32 0 99 0 36 0 86 1 39 0 2 1 50 0 68 0 35 0 43 0 55 1 9 1 36 0 26 1 33 1 31 0 80 1 77 0 70 0 49 1 36 0 52 0 57 1 33 1 43 0 96 1 91 1 80 0 60 0 37 0 47 1 77 0 79 1 4 1 47 1 52 0 17 0 26 0 27 0 55 1 32 1 20 0 78 1 87 1 20 1 42 0 76 1 91 0 71 1 8 0 31 0 86 0 6 0 51 0 51 0 12 1 50 0 26 0 6 0 73 0 36 1 80 1 50 1 18 1 63 1 36 1 54 0 63 0 10 0 70 0 88 1 58 1 28 0 48
31 0 16 0 17 0 98 1 83 0 43 1 76 1 88 0 26 0 91 1 28 0 90 1 77 1 40 1 11 0 95 0 5 1 83 1 35 1 47 1 76 0 96 0 17 0 36 0 55 0 25 1 27 0 25 0 79 0 3 0 26 1 38
89 0 65 0 94 1 67 1 53 0 32 1 29 1 29 1 2 0 65 0 69 0 86 1 4 0 3 1 82 1 13 0 84 1 19 1 37 1 72 0 16 1 88 1 76 1 40 1 75 1 24 1 35 0 50 1 38 0 34 0 63 1 84 1 89 1 94 1 51 1 34 0 41 1 8 1 46 1 44 0 59 1 45 1 88 0 51 0 77 1 89 1 23 1 45 0 39 1 68 1 19 0 93 0 70 0 60 1 66 0 47 0 8 1 1 1 34 1 49 0 52 0 25 1 7 0 98 1 30 1 11 0 30 0 3 0 92 1 47 1 45 0 72 1 85 0 83 1 73 1 59 0 20 0 51 0 54 1 25 1 88 0 64 1 68 1 40 0 49 1 65 1 69 0 25 0 32 0 4
31 0 94 1 69 0 3 0 92 1 12 0 48 0 46 1 30 0 58 0 41 0 76 1 80 0 14 1 10 0 1 0 91 0 45 1 91 1 80 0 16 0 77 1 88 0 42 0 66 0 73 1 51 1 64 1 91 0 42 0 12 1 27
50 1 99 0 25 1 15 0 51 1 92 0 38 0 84 1 5 0 31 0 18 0 48 0 28 1 47 1 81 0 4 0 30 0 74 0 54 0 42 0 68 1 3 1 60 0 74 1 79 0 2 0 25 1 33 0 2 1 82 1 66 0 82 0 38 1 16 0 32 0 57 0 37 1 25 1 17 1 84 1 79 1 47 1 72 1 21 1 84 1 85 0 32 0 92 1 41 1 13 1 67
29 1 67 0 94 1 48 1 44 0 26 0 5 0 93 0 16 0 88 0 75 1 95 0 29 0 88 0 6 0 22 1 47 1 60 0 19 0 23 1 99 1 67 0 42 1 87 0 71 0 46 1 28 0 39 1 23 1 27
54 1 9 0 28 1 97 1 3 0 2 1 81 0 51 1 84 1 93 0 96 1 73 1 20 0 65 1 99 1 40 0 5 0 88 1 15 1 49 0 63 0 65 0 83 1 41 0 48 0 40 0 55 0 31 0 15 1 85 1 70 0 98 0 89 0 80 1 81 0 95 1 7 0 27 0 87 1 54 0 46 1 70 0 80 0 53 1 63 1 33 0 65 1 36 1 32 1 70 1 14 1 70 0 53 0 81 0 88
97 1 56 1 13 0 67 1 6 1 43 1 63 1 25 0 64 1 44 0 56 0 3 1 5 1 26 0 23 0 17 1 56 0 63 0 7 0 7 1 49 1 19 1 70 0 74 1 56 1 53 1 40 1 62 0 26 0 78 1 52 1 30 0 63 1 47 0 21 0 87 1 84 1 35 1 7 1 54 0 9 1 82 1 23 0 62 1 4 1 73 0 73 1 51 1 13 0 70 1 52 0 55 1 60 0 68 0 70 0 31 1 56 0 97 1 42 1 15 1 68 0 29 1 96 0 59 1 41 1 37 1 91 0 26 1 84 0 93 0 3 1 77 1 64 0 99 0 97 0 40 1 41 1 35 1 55 0 80 1 37 1 70 1 31 1 35 0 64 0 79 1 72 0 25 1 90 1 25 1 79 1 20 1 74 1 59 1 36 1 23 1 86 0 37
71 1 22 0 78 0 59 1 50 1 14 0 74 0 46 1 4 1 24 1 45 1 73 1 31 0 16 0 42 1 27 0 3 1 1 0 86 0 1 0 93 1 72 0 18 1 43 1 34 1 90 0 14 1 79 1 63 0 5 0 52 1 92 1 73 1 13 0 27 0 93 1 95 0 32 0 10 0 95 0 28 1 61 0 56 1 38 1 75 1 3 1 50 0 61 1 37 0 9 1 30 1 77 1 14 0 16 0 21 0 53 1 18 1 6 1 75 0 35 1 39 1 82 0 41 1 53 0 57 1 17 0 75 1 38 1 84 1 1 0 1 0 88
46 0 1 0 95 0 42 0 53 0 100 0 37 0 72 1 69 1 32 1 9 1 71 0 95 1 93 0 86 1 73 1 88 1 22 1 62 0 72 1 56 1 85 0 55 0 5 1 33 1 98 0 49 0 99 1 16 0 5 1 48 1 87 1 8 0 76 0 87 0 69 1 1 1 88 1 83 1 84 0 37 1 42 0 52 1 89 1 8 1 46 0 16
66 0 98 0 22 0 19 1 82 1 53 1 44 1 55 1 36 1 63 1 21 1 58 1 59 1 37 1 55 1 12 0 84 1 1 1 16 1 34 1 75 0 57 0 12 0 48 1 23 0 33 1 85 1 17 1 99 1 22 1 41 0 33 0 62 0 16 0 41 0 71 1 6 0 28 0 57 0 8 1 50 0 46 1 46 1 10 1 81 0 29 1 18 1 11 0 61 1 83 0 6 0 80 1 85 0 58 1 52 0 8 1 7 1 5 0 100 1 4 0 38 1 62 0 93 1 50 0 11 0 89 1 13
99 1 73 1 42 0 37 0 2 1 87 1 57 0 8 1 32 1 48 1 73 1 28 0 27 1 48 1 81 1 38 1 18 1 28 0 13 1 91 1 93 0 27 1 10 1 26 1 68 1 5 1 77 0 73 0 14 0 54 1 70 0 86 1 27 1 30 1 78 1 68 0 7 0 84 1 65 0 56 0 27 1 89 0 55 1 75 0 84 1 98 1 16 0 15 0 21 0 41 1 92 1 35 1 30 0 27 0 84 0 93 1 71 0 33 1 88 0 60 0 2 0 16 1 72 0 43 1 4 0 11 1 75 1 18 0 89 0 43 1 55 1 88 1 37 0 68 1 20 1 85 0 67 0 84 1 20 1 38 1 35 0 75 0 1 1 15 1 31 1 76 1 8 1 42 0 3 0 28 0 77 1 86 1 33 1 34 1 16 1 69 1 16 1 19 1 58 0 44
17 0 66 0 72 0 18 0 42 1 82 0 43 0 74 1 31 0 89 1 9 0 72 0 100 1 13 0 70 0 89 0 79 0 57
38 0 38 0 21 1 18 1 23 0 57 0 41 0 18 0 7 1 5 1 48 1 78 1 81 1 19 0 58 0 52 0 88 0 22 0 77 1 59 1 59 0 42 0 10 1 22 1 48 0 65 1 1 0 47 0 14 0 13 1 34 0 69 0 19 1 58 1 97 1 12 0 16 0 68 1 56
38 1 98 1 79 0 33 0 79 0 52 0 9 0 13 1 38 1 88 0 21 0 10 0 2 0 56 1 28 1 42 1 38 0 38 0 98 0 29 1 18 0 64 1 80 1 77 0 26 1 30 1 13 1 29 1 5 0 61 1 9 0 25 0 29 0 93 0 93 1 54 0 22 1 92 1 92
89 0 30 0 19 0 95 0 58 0 73 1 7 0 66 1 96 1 31 1 75 1 7 0 52 1 24 0 68 1 28 0 14 1 94 0 91 0 50 1 15 0 93 1 82 0 56 1 4 1 62 0 4 1 31 0 94 1 99 1 19 1 5 0 57 1 27 1 63 0 29 0 54 0 91 1 83 0 32 1 83 0 22 0 40 0 82 0 62 1 73 0 1 0 25 0 91 1 76 0 26 0 55 1 56 0 45 1 18 1 21 1 2 1 71 1 22 1 34 0 53 1 70 1 95 0 97 1 16 0 37 0 1 0 66 1 51 1 37 1 18 0 33 0 28 0 62 1 66 1 11 0 61 1 3 1 1 0 87 1 76 1 27 1 49 1 64 0 45 1 38 1 9 0 21 1 10 0 24
68 0 76 0 63 0 91 0 93 0 65 1 52 1 82 1 91 0 40 1 68 1 78 0 41 1 46 0 19 0 14 1 43 1 16 1 79 0 23 0 46 0 11 0 76 1 86 0 56 0 27 0 91 1 38 0 86 1 43 0 77 1 85 1 11 0 45 1 12 1 62 1 98 1 8 0 22 1 27 0 63 1 27 1 14 0 51 0 34 0 12 0 1 1 16 1 70 0 2 0 59 0 86 0 79 1 53 0 60 0 79 0 65 1 22 0 85 0 54 1 12 0 71 1 63 0 2 0 61 0 60 0 42 1 48 1 56
21 1 39 1 60 1 19 1 52 0 84 1 19 1 87 0 20 0 81 1 80 0 66 1 1 0 53 0 86 0 6 0 65 1 71 1 72 0 86 1 14 1 96
78 1 78 0 64 1 23 1 94 1 27 1 98 0 7 0 66 1 5 1 62 0 47 1 71 1 6 1 33 1 17 0 23 1 91 0 55 0 8 0 32 0 1 0 56 0 9 1 53 1 87 1 32 1 51 0 40 1 35 1 69 0 6 0 20 0 88 0 44 1 26 1 39 1 83 0 83 0 34 1 87 0 27 1 1 1 81 1 39 0 47 0 58 1 92 0 94 1 32 0 30 0 9 0 33 0 76 0 61 1 60 0 35 1 3 1 14 0 12 0 78 0 100 0 76 0 83 1 66 1 76 1 64 0 42 0 67 0 45 1 72 1 60 0 86 0 99 0 42 0 42 0 67 0 98 0 71
46 0 68 0 6 1 20 0 33 1 47 0 90 0 20 1 10 1 5 1 67 0 70 1 94 1 95 1 19 1 36 1 55 1 20 0 68 0 29 1 1 1 30 0 52 0 33 1 56 0 46 0 89 1 80 0 90 0 18 0 10 1 98 0 52 1 92 0 84 0 29 1 51 1 53 1 30 0 59 0 75 0 17 1 2 0 87 1 50 1 17 1 59
96 1 68 0 50 0 76 1 87 0 82 0 100 1 28 0 58 0 85 0 99 0 66 0 43 0 60 0 98 0 84 0 94 0 97 0 60 1 97 1 59 1 31 1 40 1 58 1 81 0 35 1 48 1 30 0 17 1 19 0 17 0 42 0 3 0 51 0 99 1 26 1 33 1 55 0 97 1 89 1 34 0 18 0 43 1 20 1 80 0 95 1 19 0 81 1 69 0 50 1 14 1 92 0 54 1 62 1 44 0 45 0 81 1 17 0 81 1 23 0 14 1 1 0 79 1 7 1 90 1 63 0 80 1 27 1 31 1 18 0 57 0 28 0 39 1 40 0 17 1 57 0 50 0 13 0 82 1 93 0 76 1 87 1 78 1 30 0 28 0 43 1 4 0 22 0 68 0 79 1 85 1 13 0 68 1 44 1 23 1 84 0 1
19 1 79 0 2 0 50 0 45 1 88 0 12 0 62 1 92 1 47 0 35 1 34 0 48 0 65 1 86 1 22 1 22 0 47 1 12 1 74
61 1 58 0 4 0 95 1 69 0 23 0 47 1 2 0 19 0 40 0 14 0 54 0 77 1 50 1 97 1 25 0 11 1 31 0 24 1 39 0 46 0 86 1 84 0 53 1 72 1 80 1 43 0 26 0 19 0 35 1 79 1 88 1 84 0 55 1 96 0 91 1 56 1 38 0 75 0 90 1 45 1 81 0 15 0 88 0 92 0 89 0 80 1 83 0 27 0 83 0 91 0 24 1 43 1 4 0 53 1 81 1 44 1 44 0 33 0 25 0 24 1 75
15 1 13 1 89 0 99 1 84 0 8 1 54 0 4 0 96 0 41 1 81 1 90 0 79 1 61 1 73 1 87
41 0 18 1 52 0 47 0 65 0 14 0 32 0 44 1 45 0 44 1 25 1 62 0 60 0 14 0 73 1 51 1 99 1 15 1 65 0 30 1 26 1 27 1 3 1 59 1 99 0 80 1 83 1 20 1 14 1 45 0 38 1 23 1 76 0 56 0 18 0 58 0 28 0 39 1 38 0 26 0 78 1 53
56 0 41 1 59 0 87 1 92 1 92 1 49 1 11 0 85 1 60 0 52 0 89 1 80 0 26 0 13 1 63 0 46 0 80 0 8 1 21 1 9 1 2 0 53 0 82 0 3 0 53 1 37 1 99 1 67 1 73 0 12 0 44 1 94 1 36 0 73 1 94 1 36 0 18 1 67 0 11 1 64 1 63 0 67 1 41 0 61 0 94 1 25 1 4 0 57 0 72 1 31 0 14 1 37 1 75 1 12 0 40 0 79
31 1 38 0 36 0 68 1 11 0 10 1 3 1 72 1 97 0 7 0 74 1 96 1 24 1 86 0 94 0 62 0 94 0 96 0 25 1 67 1 40 0 78 1 82 0 54 1 83 1 94 0 72 0 28 0 56 1 85 0 24 0 25
5 1 63 0 36 1 13 0 71 0 31
90 1 31 1 39 1 1 1 37 1 45 0 45 1 7 0 72 0 96 0 19 1 5 0 39 0 57 0 85 1 20 1 39 0 59 0 21 1 31 0 28 0 72 0 75 1 20 0 35 0 46 0 4 0 26 1 14 0 25 1 79 0 41 0 4 1 88 1 68 1 64 1 36 1 78 1 31 1 36 1 3 0 97 1 18 1 61 1 94 1 23 1 63 0 57 1 73 1 50 1 7 1 38 1 59 0 74 0 80 0 98 1 43 1 17 1 66 1 25 0 57 0 100 0 92 1 84 0 59 1 70 0 63 1 2 1 76 1 48 0 26 0 3 1 92 0 5 0 10 0 3 1 44 0 95 1 40 1 95 0 89 1 84 0 29 1 91 0 59 1 52 0 22 0 72 1 40 0 38 1 85
70 0 61 0 12 0 37 0 74 0 26 0 58 0 30 0 62 1 69 0 92 0 61 0 47 1 78 0 55 1 19 1 70 0 8 0 93 0 26 1 29 1 80 1 60 0 8 1 72 0 71 0 62 1 94 0 32 0 54 1 81 0 23 0 48 0 65 0 1 1 29 1 21 1 57 0 69 0 72 1 98 0 8 0 22 1 48 1 6 1 85 0 73 1 5 0 54 0 44 0 71 1 79 0 59 1 8 1 25 1 74 1 19 0 71 0 10 1 47 0 37 0 23 0 90 1 33 1 85 0 73 0 67 1 47 1 85 1 33 0 84
99 1 76 0 36 1 6 1 55 1 30 0 93 0 75 0 5 0 35 0 97 1 35 1 91 1 21 0 73 0 44 0 34 0 31 1 92 0 58 1 89 1 44 0 6 1 70 0 10 0 74 1 5 0 63 0 11 0 68 1 9 0 50 1 83 1 70 1 1 0 8 1 13 1 54 1 44 0 79 0 31 1 87 0 66 0 79 0 5 0 75 1 76 0 49 0 72 0 58 1 85 1 74 0 30 0 3 0 97 1 85 1 38 0 48 1 99 0 76 0 24 0 57 0 22 1 36 0 63 1 49 0 16 1 81 0 59 1 23 0 73 0 49 1 38 0 100 0 44 0 37 0 71 1 50 0 28 1 41 1 79 1 67 0 15 0 50 0 47 1 77 1 100 0 49 1 31 0 13 0 45 0 29 1 87 0 53 1 67 1 47 1 75 0 34 1 28 0 54
56 0 42 1 2 0 27 1 30 0 60 0 62 1 79 0 70 1 81 0 91 0 77 0 65 0 61 0 10 0 39 0 82 0 30 1 59 1 62 0 45 0 87 1 12 1 100 0 5 0 98 1 72 0 50 1 31 1 25 0 92 1 18 1 44 0 38 1 34 1 6 1 39 1 60 1 54 0 68 0 67 1 4 0 39 0 64 0 45 1 39 1 14 1 1 1 60 0 82 0 24 1 74 0 95 0 88 1 91 0 83 1 66
81 1 36 1 100 1 89 0 12 1 28 0 44 0 95 1 90 0 82 1 50 0 39 1 1 0 49 0 84 1 10 0 23 1 73 0 2 1 57 0 9 0 13 1 53 1 27 1 26 1 6 0 10 0 77 1 15 0 56 0 4 1 76 0 85 0 56 0 67 1 6 1 73 0 1 0 54 0 83 1 47 0 5 0 84 1 57 1 98 1 68 0 22 0 19 1 10 0 51 1 27 1 23 1 88 0 26 1 95 0 98 0 76 1 1 1 32 0 80 0 4 1 79 1 82 1 87 0 86 0 77 1 6 1 24 0 10 1 48 0 66 0 71 1 78 1 26 0 87 1 4 0 59 1 67 1 79 0 97 0 23 1 34
79 1 26 0 7 0 99 1 62 1 22 1 65 1 59 1 37 0 10 0 40 0 35 1 22 0 69 0 70 0 99 0 13 1 40 1 18 1 73 1 42 0 85 0 36 0 59 1 85 1 98 0 65 0 41 0 56 1 70 0 6 0 97 1 30 0 45 1 87 0 40 1 92 0 30 1 42 0 76 0 87 0 86 1 2 0 78 1 10 1 47 1 74 1 35 0 45 1 97 1 69 0 34 1 79 1 53 0 22 1 38 1 38 1 83 1 58 1 75 1 79 0 78 0 13 1 4 0 78 1 75 1 56 0 33 1 67 0 92 1 7 1 62 1 76 0 46 0 52 0 81 0 15 1 59 0 60 0 80
44 1 20 1 14 1 88 1 42 0 50 1 66 0 8 0 53 0 47 0 22 1 84 0 74 0 18 1 52 0 89 1 7 1 28 1 30 0 21 1 22 1 30 1 31 1 54 0 11 0 21 1 25 1 79 1 5 0 76 1 28 0 71 0 56 1 89 0 10 1 29 0 91 0 7 1 90 1 65 1 85 0 71 0 2 0 37 1 41
39 1 25 0 24 0 81 0 84 0 47 1 49 0 43 0 26 1 17 0 65 1 94 1 81 1 65 1 6 1 96 1 93 0 63 1 77 1 53 1 40 1 65 0 20 0 8 0 22 1 100 1 63 1 1 0 76 0 73 0 5 0 35 0 15 1 11 0 63 1 55 1 81 0 35 1 44 1 11
