8 71
9893438 2265236 4579485 3778458 3293972 6725570 6420462 4022810
96 6 43 6 86 5 78 4 75 2 30 2 41 7 69 6 30 1 77 5 24 6 3 4 43 3 1 4 10 1 44 1 37 5 39 2 28 3 29 7 10 5 15 7 21 2 30 6 70 5 26 5 24 4 97 3 34 1 47 3 37 1 54 4 71 2 63 4 32 0 29 2 11 1 79 7 2 2 78 3 74 6 90 5 81 4 93 1 26 6 42 5 92 0 29 3 41 0 84 0 34 7 71 2 68 5 41 0 70 1 3 7 95 1 1 6 20 0 92 7 34 1 23 6 47 4 60 4 82 3 50 6 74 6 4 5 3 2 20 1 36 1 12 7 21 7 76 4 3 2 20 0 2 5 18 7 15 1 47 6 80 4 73 4 75 0 84 3 13 6 71 0 1 1 25 1 97 2 49 2 87 4 13 3 7 1 39 1 11 0 30 5 21
68 5 47 7 17 5 54 1 19 3 1 0 54 0 29 6 9 5 36 2 76 3 57 5 38 2 11 0 44 0 51 5 34 0 61 3 50 6 38 1 2 7 20 2 93 6 3 5 82 7 19 7 78 7 40 0 80 3 76 7 62 5 25 7 98 1 9 3 35 2 75 2 51 1 5 1 69 2 41 1 50 1 68 4 8 3 96 6 36 2 18 7 96 7 2 5 66 6 51 5 87 7 12 3 57 6 25 1 5 4 67 0 45 7 92 4 64 4 56 3 95 3 59 1 63 6 96 7 10 0 33 5 46 7 56 0 50
20 5 63 5 57 2 49 2 5 0 92 5 20 1 16 7 56 4 78 7 30 2 63 6 59 2 42 4 16 3 21 1 13 7 42 3 50 7 97 0 14
22 3 48 3 91 3 74 4 30 7 32 3 56 1 37 2 5 0 29 3 51 2 18 2 76 1 44 5 92 0 26 6 46 7 15 2 89 7 84 2 26 4 78 3 80
34 7 80 6 34 4 64 5 46 2 23 3 25 5 66 6 15 7 91 0 10 1 72 5 37 4 81 1 48 7 28 6 98 4 54 5 9 2 67 2 46 1 77 3 15 3 27 2 59 4 66 7 48 3 48 4 7 2 65 5 23 6 44 6 55 3 11 0 58
48 5 34 1 72 4 22 7 98 2 43 1 45 0 15 4 37 1 46 1 31 1 26 7 82 1 58 4 21 5 46 7 82 2 93 5 54 0 5 2 3 4 39 4 66 1 8 3 25 5 53 2 85 5 100 4 99 1 87 5 87 0 30 7 85 3 9 3 77 7 59 4 26 1 83 3 85 0 68 6 98 6 24 2 42 3 45 0 29 4 5 2 49 4 65 1 58
36 7 74 6 57 1 84 4 52 2 96 7 59 0 46 6 68 2 70 5 77 0 94 4 56 5 34 3 35 4 32 4 22 1 33 6 93 5 29 4 26 1 38 5 39 5 51 5 3 4 72 0 75 7 7 4 28 7 55 5 89 1 72 3 12 6 49 3 21 3 22 2 100
6 0 24 4 95 2 95 0 35 1 75 7 94
69 1 78 6 98 0 1 7 75 7 40 2 23 7 88 5 30 3 10 2 94 0 34 2 7 5 85 5 80 6 44 3 39 3 55 7 96 3 71 2 64 7 17 5 28 6 38 3 14 1 34 4 78 1 98 0 52 3 20 5 70 3 92 4 30 0 41 3 67 4 60 3 72 7 88 7 65 5 32 4 97 3 56 5 53 6 26 3 30 4 47 4 60 6 51 4 30 5 96 6 85 0 8 4 50 6 97 5 13 4 21 4 8 5 7 1 88 0 51 7 14 1 70 5 42 7 90 2 54 5 41 7 91 1 47 3 29 3 37
4 2 32 0 8 0 36 1 45
41 5 34 3 39 6 17 1 23 6 52 7 13 4 68 1 14 1 29 1 94 0 65 6 14 3 34 3 20 2 22 0 50 0 7 2 19 0 67 6 51 1 61 6 100 1 92 5 11 7 83 5 6 3 47 0 34 0 99 7 46 7 34 1 39 0 16 2 12 5 64 0 11 1 50 3 4 0 39 4 5 7 83
92 1 74 5 54 0 65 6 20 0 20 6 76 7 18 4 48 7 51 0 29 3 8 5 48 0 69 5 69 5 56 0 40 5 11 2 97 2 19 4 20 4 12 5 80 4 88 0 27 2 34 0 44 3 53 7 7 4 96 2 63 4 15 6 37 2 47 3 68 5 33 4 96 5 77 2 21 2 61 5 22 2 92 1 63 7 56 4 99 1 4 1 99 0 88 3 70 6 100 1 95 6 85 5 5 2 34 3 18 7 65 7 89 6 8 2 49 5 93 5 90 4 85 0 10 0 90 3 57 7 89 3 41 5 3 6 15 7 33 6 56 5 18 2 77 2 60 7 25 5 73 6 93 2 6 2 60 6 18 3 66 7 15 5 84 6 43 7 98 5 39 7 94 7 35 4 58 5 95 1 82 7 34 5 20
27 6 99 7 34 4 81 3 99 4 34 5 86 3 10 3 51 3 13 1 4 7 39 5 76 4 74 1 34 3 7 3 10 6 47 3 64 6 88 1 22 0 45 2 23 5 88 5 13 2 41 3 60 1 81
74 3 26 7 93 3 92 0 82 3 79 0 18 6 87 3 23 0 10 1 97 1 86 7 72 4 61 4 86 7 70 4 84 7 22 1 63 2 96 5 72 3 43 5 41 5 13 6 59 3 78 4 26 7 25 7 69 6 93 0 75 6 81 0 11 4 88 2 18 3 38 2 5 6 32 4 35 6 24 7 95 5 54 5 5 6 74 1 79 0 79 7 17 5 86 4 38 1 100 4 55 2 57 1 33 6 10 5 1 7 68 4 93 5 12 1 80 1 12 6 84 3 84 6 3 7 94 3 45 4 5 6 25 4 44 0 75 3 10 3 16 4 50 7 67 4 78 6 40
66 6 25 0 58 1 59 1 91 5 73 6 50 5 63 7 59 2 32 7 24 5 69 6 30 7 83 7 94 4 3 0 86 6 14 6 50 5 44 7 7 3 91 6 76 2 66 1 57 5 79 6 33 4 79 0 76 1 82 0 64 5 79 3 25 4 58 4 46 1 82 5 26 5 19 1 13 4 5 6 90 1 84 3 43 0 60 3 35 1 35 3 96 6 17 2 79 0 78 7 79 0 52 5 43 1 48 4 57 1 21 6 26 1 82 0 20 7 46 0 61 4 93 7 84 5 42 7 47 6 2 5 50
71 6 26 7 62 7 66 4 5 6 95 3 21 6 73 7 22 0 37 6 64 5 30 2 77 3 69 1 13 1 15 6 93 0 26 4 26 2 24 1 33 5 65 5 86 1 81 5 64 3 33 6 75 5 43 5 30 6 42 1 4 2 1 3 53 2 15 1 57 6 51 5 95 1 51 0 10 5 80 4 75 7 35 5 52 0 86 2 41 7 12 1 72 1 6 2 35 3 14 2 11 5 14 2 29 0 43 7 69 0 1 1 61 1 90 2 88 7 34 6 79 7 52 4 33 2 9 0 93 6 54 5 24 0 68 6 79 4 33 4 37 6 57
92 1 54 7 58 4 12 3 2 2 6 5 19 7 52 7 30 1 15 7 36 2 4 4 46 5 63 6 81 2 61 1 68 1 75 1 77 7 28 5 22 1 53 5 81 3 62 3 31 2 27 1 68 0 95 2 95 2 73 0 19 5 53 0 7 4 41 3 75 3 48 1 31 1 57 3 85 1 90 1 86 3 24 1 22 3 37 7 37 7 44 2 86 4 17 0 28 2 45 4 7 3 30 1 79 1 30 7 85 3 8 5 55 1 35 1 67 3 39 0 58 4 41 5 45 1 94 1 37 5 49 3 42 2 78 4 15 4 10 4 23 0 44 1 82 3 96 6 64 6 80 7 23 2 43 0 81 2 36 6 71 6 14 1 61 6 60 3 24 2 99 0 16 0 41 4 60 7 31 6 82 0 40 6 33
53 1 84 6 99 3 34 4 36 1 8 3 47 4 90 2 44 4 14 2 29 2 85 4 48 3 63 3 64 7 36 6 14 5 82 6 13 4 27 4 78 6 30 6 90 5 90 7 58 2 82 5 64 7 17 7 4 6 47 0 75 1 26 4 100 3 58 1 30 7 69 7 54 0 88 6 82 4 61 5 62 1 33 3 82 0 7 5 64 7 79 1 72 1 35 5 17 7 44 7 25 6 33 4 89 5 87
5 5 42 6 66 3 53 0 1 6 97
64 7 4 3 55 4 48 3 87 6 80 5 11 4 80 2 13 3 2 0 77 0 7 0 30 1 7 1 93 2 2 5 33 5 96 2 16 3 58 3 83 4 42 1 82 7 26 3 48 6 18 5 55 5 97 5 94 5 50 3 91 0 23 3 73 6 42 1 88 7 71 3 9 7 53 5 54 7 81 5 63 0 75 3 56 3 51 2 45 2 76 1 77 5 96 6 34 5 97 1 15 0 46 2 49 7 69 6 24 1 50 6 11 0 11 1 85 5 88 6 41 7 100 7 79 2 97 6 26
76 0 28 6 71 6 61 5 25 6 67 4 48 0 76 4 95 7 50 2 96 2 71 6 49 5 9 5 63 4 69 7 14 1 20 0 69 6 6 7 42 1 36 3 4 2 23 3 51 4 66 6 94 0 54 3 28 1 83 2 45 2 24 3 30 4 4 3 28 7 19 3 23 6 41 4 26 4 38 3 16 1 71 4 15 1 48 4 11 4 63 0 28 5 3 6 33 2 34 2 23 4 76 7 49 1 51 3 78 7 39 4 82 4 43 6 75 7 21 6 43 1 55 4 41 1 51 2 74 2 74 0 36 2 38 1 39 6 20 2 77 7 48 6 92 5 11 6 85 3 55 7 16
39 5 17 2 27 2 31 5 93 4 91 5 43 2 52 1 59 5 96 1 29 1 80 3 98 4 47 2 72 0 11 7 39 5 45 3 37 2 18 1 7 6 42 4 56 3 95 0 8 1 46 7 11 4 22 7 25 4 76 0 55 2 76 2 24 6 6 4 29 7 81 0 6 2 58 1 16 3 90
65 0 16 3 23 7 31 1 8 0 84 4 23 6 32 7 42 3 73 0 85 4 5 6 27 6 30 4 15 1 70 6 5 0 6 0 64 6 81 4 40 7 13 7 99 1 97 4 20 1 33 5 83 1 1 7 79 4 69 3 14 4 94 1 11 7 81 3 27 1 31 5 40 0 74 6 53 5 81 2 40 4 30 0 5 0 68 6 98 6 6 6 59 1 95 7 98 0 21 2 80 4 40 2 38 6 88 2 36 5 60 1 75 3 19 0 28 0 95 4 3 3 29 7 34 6 29 4 49 6 68
55 4 75 4 67 5 22 0 4 6 50 1 30 3 55 3 49 0 6 7 79 0 7 3 98 5 53 0 9 5 35 6 23 0 60 1 33 3 23 6 75 0 99 1 76 5 38 7 5 6 100 7 100 3 52 6 25 7 57 0 54 7 2 6 60 1 51 5 47 7 81 5 46 6 31 3 46 4 32 4 17 7 58 3 88 7 93 0 2 7 11 3 31 4 25 0 48 7 25 4 1 4 26 6 98 3 29 0 59 2 54
12 5 71 1 43 0 31 3 28 6 20 7 53 2 7 2 68 3 24 5 81 6 89 5 63
87 1 70 4 64 0 95 1 10 3 34 2 21 3 27 3 14 0 98 3 11 6 62 2 47 0 42 0 27 7 58 2 20 0 91 6 41 0 39 3 26 2 52 2 80 4 30 2 82 0 100 5 100 6 17 3 45 3 77 5 17 2 35 1 95 2 90 5 78 2 70 2 30 1 49 7 87 7 75 1 99 3 74 1 59 7 5 4 40 3 39 4 36 2 59 1 39 5 97 2 12 6 72 6 26 7 29 5 54 1 32 6 71 1 5 7 33 0 66 4 76 2 21 6 80 7 74 7 82 5 50 1 1 4 33 5 59 1 86 2 46 0 95 0 59 3 2 6 10 3 7 7 19 6 58 2 12 0 80 3 35 3 4 3 74 5 10 2 18 3 13 2 78 2 9
21 4 4 2 17 7 43 4 21 5 65 6 35 1 34 1 15 6 64 3 21 1 23 5 94 7 23 4 99 5 99 1 15 2 18 4 72 7 66 0 56 1 51
86 3 14 0 62 7 41 7 20 7 81 0 100 5 95 2 33 1 9 0 37 1 2 2 69 3 43 5 81 7 89 4 69 1 83 4 64 0 45 7 63 1 100 0 43 7 29 7 9 2 50 3 11 2 34 1 86 3 14 1 81 3 39 0 20 0 23 7 13 4 79 6 6 7 78 0 65 7 94 2 70 6 34 3 56 0 73 5 51 2 83 6 53 1 40 4 8 7 25 3 21 3 69 5 31 7 19 7 68 4 41 7 28 2 13 1 92 7 18 6 75 5 7 1 91 4 98 4 80 1 11 0 26 3 33 3 72 6 69 2 51 1 48 7 53 1 42 2 30 7 82 0 41 2 48 7 92 7 48 4 66 1 4 5 89 0 89 6 18 7 42 3 33
2 4 21 1 87
96 6 99 7 47 1 24 6 31 4 70 3 99 4 6 4 81 3 56 4 84 2 64 3 68 4 71 3 35 6 76 4 43 4 42 4 89 6 12 4 61 4 98 0 52 1 29 1 73 0 48 2 34 4 49 7 79 3 67 3 47 2 17 5 6 1 3 2 70 0 56 5 50 4 68 2 8 2 17 6 59 7 69 3 38 0 91 3 2 1 67 6 43 1 14 5 87 7 9 2 24 6 24 1 25 4 87 1 73 3 96 2 22 5 2 7 23 7 49 4 26 5 90 3 4 2 69 1 64 6 51 6 35 7 68 3 57 6 2 1 12 3 35 2 100 4 75 2 28 7 43 6 47 3 71 2 59 5 6 2 64 5 29 4 87 4 72 2 62 6 39 0 24 4 94 1 3 4 32 3 53 6 26 2 47 3 13 5 89 5 6 3 83
55 0 64 6 71 1 11 5 48 1 31 5 26 4 12 3 83 2 94 0 34 5 69 2 84 3 6 6 67 7 29 4 33 6 18 3 28 7 38 1 12 0 10 2 58 5 40 2 61 4 92 1 16 2 10 6 59 1 11 2 19 1 40 6 4 5 56 0 6 4 16 5 35 4 18 0 30 5 50 6 92 5 91 2 78 6 53 7 4 7 52 7 39 4 10 3 16 5 4 3 22 2 47 2 97 3 73 3 40 6 8
84 1 29 2 69 7 44 7 14 4 19 6 5 3 12 5 92 0 70 4 45 2 38 2 44 1 58 3 93 3 10 1 60 6 71 3 52 7 32 7 9 3 96 2 54 5 20 3 91 3 46 7 76 0 6 7 62 0 64 5 38 1 90 6 98 5 76 3 16 7 3 6 4 2 6 0 26 1 83 3 83 4 21 2 98 7 12 4 88 2 62 7 58 4 95 1 43 0 46 7 61 6 33 4 31 4 95 0 97 1 70 3 69 3 44 5 8 4 14 6 45 2 49 4 74 4 10 4 20 2 1 0 38 1 81 2 8 7 97 3 99 0 61 4 13 0 59 7 2 3 99 6 95 1 23 0 63 6 79 5 43 6 25 2 13 1 100 1 77
60 6 85 1 82 5 85 1 3 7 14 0 22 3 52 6 60 7 99 4 23 6 34 3 100 0 19 7 60 2 75 1 85 7 67 2 85 7 58 3 39 5 4 6 18 4 37 0 44 6 44 0 75 6 78 2 27 6 78 1 98 6 64 7 24 0 2 1 59 7 67 3 48 4 5 7 13 4 12 0 59 3 53 0 90 2 61 3 14 1 21 6 61 3 24 2 14 3 34 5 98 5 59 0 89 6 96 4 8 3 60 3 83 0 62 4 47 6 75 3 9
71 0 19 1 47 7 56 4 5 4 34 3 44 7 12 6 43 0 48 2 14 7 13 5 92 4 19 5 67 0 98 0 89 4 40 7 72 0 79 3 14 1 89 6 63 0 35 6 52 6 40 6 56 3 2 3 26 0 12 3 37 6 25 1 80 2 73 5 88 0 52 5 72 6 72 2 62 1 34 3 29 4 96 0 9 1 35 3 70 1 100 5 11 6 66 5 43 4 39 1 50 0 20 5 27 2 80 4 38 0 22 5 23 5 32 3 99 7 90 5 36 1 69 6 47 2 39 7 97 4 17 0 87 1 42 3 21 2 15 4 3 7 16
68 4 59 0 61 7 56 6 54 7 73 1 29 2 28 7 30 0 79 6 5 3 29 5 58 6 67 4 93 1 95 3 71 5 7 2 92 6 82 6 30 0 83 2 71 5 100 7 17 5 17 4 41 0 86 4 12 5 45 7 11 0 62 3 40 6 42 6 37 1 8 6 24 4 14 1 32 6 87 4 33 3 46 1 66 7 40 3 23 6 76 6 47 5 99 2 69 6 44 6 45 3 60 6 19 6 48 5 78 0 48 5 70 3 39 5 96 7 47 2 100 7 21 2 80 5 72 1 71 2 71 4 86 5 29 0 65
22 7 9 1 9 6 46 0 54 2 75 1 56 2 24 5 20 5 8 3 9 3 7 5 46 1 47 5 68 1 59 6 57 2 31 0 70 5 69 3 36 1 87 5 97
70 1 58 0 15 2 26 6 16 3 50 7 28 1 33 2 68 5 22 7 53 6 71 4 13 7 86 4 4 5 55 0 56 2 2 3 46 6 11 2 59 2 46 1 29 3 14 0 53 1 50 3 31 3 92 4 17 3 62 5 82 6 28 1 47 4 66 5 14 0 27 0 16 3 72 5 74 2 32 1 96 3 63 7 27 7 23 3 75 3 54 5 8 6 22 0 62 2 99 5 72 2 89 2 60 6 66 0 31 2 59 0 20 7 34 5 70 7 5 2 20 1 11 2 31 1 17 2 6 1 31 0 72 5 77 6 74 2 57 6 37
1 5 1
19 7 61 1 60 4 27 1 47 4 70 1 37 5 97 3 99 4 69 0 44 3 97 0 1 6 65 2 56 0 11 6 20 4 14 4 3 3 38
57 6 5 0 98 7 89 4 91 1 12 7 9 6 85 5 7 3 86 1 86 7 59 4 92 3 22 7 68 7 9 7 57 0 27 5 72 2 96 2 100 2 11 3 71 0 37 1 98 6 59 0 13 5 60 4 80 3 22 7 78 0 64 5 14 0 74 4 25 2 5 7 18 5 18 2 55 5 63 7 35 5 39 5 12 7 32 3 67 0 8 7 99 3 62 0 91 3 48 5 58 5 3 6 27 7 49 1 52 1 53 5 47 7 42
66 2 52 1 79 4 91 5 73 0 11 7 47 3 21 6 74 1 17 5 15 7 7 3 95 7 80 0 42 7 66 6 49 2 48 2 18 3 72 4 69 6 85 5 99 6 96 0 7 4 31 4 64 0 48 0 77 2 9 3 1 3 75 2 2 4 85 3 50 4 44 4 95 5 58 0 38 5 50 7 79 4 70 6 74 1 25 7 32 3 76 0 30 6 65 1 77 3 24 4 71 0 37 4 56 4 35 0 22 6 6 6 1 4 85 1 45 3 80 2 89 5 41 5 48 4 83 7 75 1 81 2 35
64 1 95 2 53 1 57 1 62 5 55 3 40 3 95 0 14 5 64 7 89 7 44 4 33 0 8 4 13 5 98 7 64 6 93 5 65 6 34 0 16 5 96 4 68 6 56 4 72 7 28 6 57 3 47 7 29 7 60 3 64 4 35 3 4 7 25 6 23 3 82 1 70 0 86 7 43 7 40 5 95 0 34 1 32 1 10 4 73 7 6 3 79 0 55 2 49 4 17 3 22 7 100 1 60 4 83 1 35 1 53 3 21 4 78 7 80 7 95 1 92 2 25 5 29 2 33 2 33
66 5 85 6 47 4 78 6 70 7 95 7 61 5 26 7 21 7 86 2 27 1 41 3 36 7 36 7 33 1 51 3 21 3 74 0 77 7 6 4 68 1 51 3 22 3 1 2 94 0 54 3 33 4 54 3 47 0 6 1 63 3 54 6 17 7 9 3 61 2 42 1 1 4 40 6 57 0 27 6 39 3 92 1 21 2 85 3 61 5 1 2 66 5 92 1 47 1 63 7 83 1 65 7 67 2 31 4 37 2 98 0 17 7 2 4 78 6 14 5 73 6 80 5 74 5 63 5 5 3 63 1 47
10 6 60 2 22 5 30 0 76 5 87 1 69 3 64 4 74 7 97 4 25
91 2 78 7 61 2 54 4 50 0 11 3 4 7 62 1 55 5 8 6 79 5 23 7 42 3 83 0 78 4 4 1 24 7 40 7 47 7 29 5 6 5 53 5 36 3 7 2 38 6 31 7 2 0 30 1 78 0 36 1 93 5 24 5 77 6 96 6 43 6 48 7 80 5 55 3 55 1 69 0 41 2 72 2 52 6 59 4 54 7 2 3 25 7 52 0 59 2 64 6 6 3 20 0 36 3 5 4 92 7 6 0 34 6 84 6 17 6 38 5 19 4 47 4 10 7 47 7 48 2 93 3 97 3 69 5 93 3 88 1 22 1 45 0 53 3 67 6 42 7 74 2 71 3 79 2 60 1 46 0 37 0 44 1 77 4 41 2 85 0 8 1 33 1 3 6 51 6 32 6 46 2 1
95 2 89 4 65 3 79 0 15 7 53 5 62 0 24 7 61 7 69 1 75 6 67 2 79 0 94 6 20 1 27 3 35 2 42 0 33 5 12 6 80 7 84 6 6 1 49 2 95 3 38 5 14 4 55 3 21 2 22 4 24 4 32 5 79 0 4 0 3 1 95 1 30 3 91 5 64 5 88 0 41 4 23 5 39 1 35 7 71 1 43 2 52 6 11 4 5 4 18 0 62 7 29 2 20 5 20 2 66 1 1 1 83 0 27 0 76 3 31 3 83 6 65 5 25 4 48 0 43 6 60 5 52 7 92 6 9 0 49 3 38 7 94 6 8 7 68 3 25 4 91 1 44 6 55 4 2 3 19 4 46 5 48 2 71 6 70 6 69 3 11 1 79 3 93 3 78 7 87 5 96 7 92 2 50 0 41 2 24 6 17
69 7 92 7 64 3 73 6 95 2 46 1 7 1 33 0 71 3 88 0 34 0 20 0 19 2 30 7 36 3 89 0 61 6 72 6 47 1 80 0 50 0 23 2 35 4 23 0 7 4 37 2 21 1 88 6 95 5 21 0 33 5 23 6 86 7 17 0 6 2 53 1 89 5 71 2 25 3 83 7 33 4 17 4 32 4 37 6 8 3 50 4 35 6 17 5 82 3 1 7 74 5 84 5 76 4 2 0 93 0 94 4 35 6 67 4 92 6 86 3 71 5 18 4 18 3 74 0 32 6 29 7 55 3 47 7 3 4 5
82 3 17 1 93 7 40 0 74 5 5 6 92 2 59 7 95 7 16 3 52 7 43 4 6 1 76 6 95 4 52 3 11 4 99 2 14 3 11 1 64 4 26 1 36 6 77 4 64 4 41 2 63 5 90 7 26 2 55 0 14 6 70 6 55 7 22 7 86 2 49 0 33 4 89 1 97 0 94 7 67 7 21 7 13 7 88 0 6 1 34 3 6 3 48 0 36 5 26 3 51 3 85 5 24 2 4 0 20 5 50 7 60 5 92 3 12 0 14 7 91 3 20 7 81 7 74 4 37 4 10 7 21 6 20 1 42 4 46 0 82 4 84 4 81 7 52 6 77 2 28 6 81 5 1 4 55 2 29 6 52 7 23 2 7
56 3 69 7 68 0 66 4 21 0 94 2 86 1 77 7 53 3 25 5 27 0 59 1 6 3 85 2 88 4 33 2 75 2 55 6 28 6 69 7 7 2 8 5 97 6 14 7 26 1 45 2 35 0 69 1 45 7 35 5 78 6 18 6 41 1 80 2 31 2 53 2 90 1 45 7 74 4 72 4 71 7 95 0 61 3 46 1 89 4 45 3 37 6 2 6 71 0 64 2 41 3 64 7 19 0 28 5 6 1 54 3 100
49 3 53 7 9 0 88 5 12 4 35 1 84 1 38 4 43 5 46 2 78 3 88 5 49 1 76 0 73 3 14 2 46 1 37 4 85 2 73 3 27 0 42 7 82 6 41 6 95 3 77 7 67 7 1 5 74 0 50 0 7 0 80 7 26 3 18 3 31 6 69 6 30 5 58 1 40 2 63 4 8 2 93 5 87 1 44 7 1 7 36 1 86 3 90 0 20 2 6
47 2 19 6 11 6 85 2 1 4 24 2 80 1 25 6 5 0 65 2 59 3 26 2 5 5 67 6 12 4 20 5 45 3 64 5 14 3 81 4 83 7 60 2 45 4 32 1 14 0 43 6 44 6 31 4 92 0 36 1 16 1 57 7 22 3 25 4 22 5 60 2 46 0 85 1 63 1 17 3 15 6 17 0 62 4 94 2 24 7 71 2 13 6 56
30 1 52 6 48 5 32 4 94 3 39 7 67 0 17 4 19 0 9 6 31 3 40 3 55 6 28 0 24 0 70 1 9 0 9 4 25 3 34 3 94 1 95 3 15 6 69 3 24 3 42 1 79 0 6 1 23 1 1 2 72
88 6 11 5 60 3 63 5 9 6 62 0 71 5 2 6 98 5 55 2 52 7 12 3 21 7 80 0 60 0 34 6 36 5 95 2 32 2 31 4 16 0 24 0 9 5 68 3 85 2 41 5 49 1 39 1 84 5 59 6 35 5 12 1 83 6 87 2 85 3 68 2 58 4 64 2 27 4 88 2 47 3 90 6 69 3 66 7 78 3 100 2 25 7 37 6 36 5 42 0 94 6 26 6 34 6 12 7 26 1 97 1 20 7 94 6 20 1 30 3 90 3 74 5 73 0 91 7 54 7 51 1 73 0 74 6 1 5 100 6 50 5 40 4 93 3 17 2 29 2 20 0 18 1 87 2 6 5 42 2 38 6 4 4 99 3 4 6 82 2 16 6 82 5 39 1 72
31 2 48 5 67 0 8 1 12 4 76 6 91 4 79 0 97 4 25 1 54 6 10 1 95 1 79 6 36 0 2 3 96 6 47 7 90 2 15 5 37 6 42 4 90 6 78 1 61 4 63 5 14 1 34 5 55 6 7 6 50 5 77
66 5 74 0 79 6 82 5 54 6 45 6 60 6 81 6 42 6 27 0 63 4 79 4 41 2 78 7 12 2 53 5 90 2 24 7 48 3 9 5 90 4 93 7 13 3 12 2 25 0 16 0 22 4 42 0 50 4 53 4 64 2 61 3 53 5 40 1 82 6 97 3 67 2 37 2 73 7 56 5 1 4 18 0 10 1 51 6 19 6 4 5 12 7 95 5 27 3 3 2 2 6 88 7 13 3 61 4 58 1 43 2 34 6 82 4 94 2 43 4 93 6 60 7 66 1 28 7 75 2 29 1 24
89 7 4 5 16 4 40 1 36 7 67 1 79 2 79 2 88 0 68 2 64 6 26 4 49 1 84 4 43 6 56 2 96 7 12 1 94 5 96 5 98 0 94 7 18 1 50 6 15 7 46 1 46 4 31 3 31 7 93 3 27 0 37 1 78 3 38 6 60 3 17 5 31 5 85 2 26 3 86 7 55 7 62 2 61 1 90 0 21 1 63 6 46 2 32 0 98 3 100 3 31 7 90 0 96 2 47 6 13 7 93 7 56 3 10 6 31 5 16 3 37 1 48 2 23 0 74 1 56 7 35 3 19 2 5 4 14 7 80 5 81 3 66 5 14 7 64 3 6 7 24 7 87 7 100 0 46 7 38 4 59 0 55 2 93 5 67 0 85 3 50 6 31 3 83 4 10 7 36
44 3 87 2 39 2 49 7 60 4 84 5 39 7 76 5 55 2 72 5 62 4 20 4 26 0 12 6 63 1 32 7 14 3 52 0 72 0 84 1 70 3 24 6 16 7 79 0 100 0 18 7 13 5 70 0 34 3 31 3 29 1 67 3 61 7 83 5 43 0 96 6 94 0 16 7 58 6 88 2 40 3 85 3 49 6 92 5 95
29 4 10 3 17 4 67 7 78 4 98 2 26 3 59 6 75 0 62 2 53 0 81 5 47 3 86 1 26 4 79 2 79 0 90 0 29 4 75 7 24 7 26 3 61 3 26 1 22 5 63 2 70 2 62 2 34 6 32
27 7 23 1 59 2 20 1 37 0 83 6 35 3 21 0 15 0 45 7 100 7 80 0 34 2 54 2 43 1 92 5 69 2 92 2 63 6 9 3 23 1 67 1 99 6 53 3 55 1 36 7 45 3 64
86 7 66 7 85 5 16 5 33 6 75 1 100 1 9 0 53 0 70 3 78 5 27 0 55 6 78 6 38 2 85 4 91 7 56 5 80 5 5 7 59 5 1 0 29 0 35 7 50 6 44 1 21 0 48 0 28 4 50 0 90 5 1 5 2 2 86 2 24 7 69 1 13 6 58 1 52 5 76 6 28 3 91 5 62 2 78 0 10 4 46 6 53 1 16 3 33 6 83 7 98 1 15 5 56 3 88 4 19 0 83 1 23 6 64 6 69 5 86 6 53 3 18 2 50 1 14 7 88 5 14 4 7 0 82 7 66 0 61 2 93 1 41 0 53 0 9 0 51 3 21 2 15 4 53 3 72 0 61 1 79 2 28 3 12 4 71 7 100 6 3 1 32
40 4 41 3 99 0 84 0 100 1 59 6 83 1 92 5 82 5 37 5 56 2 7 5 87 6 7 4 75 0 21 6 65 7 46 2 41 5 23 4 30 5 65 0 32 5 76 1 34 3 31 3 93 3 44 4 36 5 55 5 64 4 82 0 56 0 83 2 6 0 66 3 1 6 16 0 8 1 65 3 35
61 1 79 6 50 6 43 4 86 2 71 3 58 4 31 2 6 7 64 3 45 1 28 0 53 5 14 4 4 4 87 0 19 2 21 0 18 0 14 1 46 4 85 4 90 3 50 1 13 5 100 7 55 5 3 2 47 4 10 5 55 7 72 2 65 4 58 3 75 7 7 0 28 3 40 1 32 6 54 6 1 3 93 5 83 6 8 6 31 6 70 2 56 5 64 3 50 6 100 6 51 2 21 2 61 3 11 2 58 7 8 1 3 1 80 0 86 1 85 0 74 0 82
77 0 57 2 78 6 56 3 9 1 38 2 45 3 50 6 34 3 86 2 13 4 45 1 49 0 56 3 81 3 57 0 64 7 47 1 50 6 40 7 37 6 46 6 38 3 37 7 5 2 77 5 3 4 61 4 73 0 85 5 43 2 28 2 15 0 81 1 48 4 13 4 16 3 72 3 57 2 28 0 36 6 39 6 87 5 82 6 84 0 15 0 56 5 49 0 34 1 12 1 86 0 55 7 65 6 59 0 75 0 55 2 88 3 77 1 99 3 58 2 45 4 37 1 28 0 82 0 97 2 78 2 69 0 16 7 93 7 6 5 81 6 97 0 60 5 11 1 89 4 21 3 24 4 60
39 4 64 0 58 4 83 3 26 1 38 4 82 1 12 7 50 7 13 0 5 0 84 7 84 5 81 3 46 5 84 0 41 3 44 2 50 4 5 7 73 1 99 6 21 0 60 2 56 5 36 3 81 3 97 2 45 4 52 6 41 2 98 2 19 3 2 4 52 5 1 5 77 4 3 1 38 6 15
16 7 76 1 96 3 9 5 15 7 42 6 71 2 37 0 96 2 88 2 11 2 51 1 68 3 12 5 52 7 86 0 56
37 3 7 0 58 1 100 5 58 1 74 3 39 5 41 0 86 5 43 0 99 1 13 2 49 5 72 1 23 4 53 1 60 3 77 7 49 3 56 7 3 4 64 5 98 5 37 0 80 2 93 0 16 2 83 6 27 6 77 3 61 3 91 4 52 0 88 3 37 5 94 2 16 6 34
62 7 3 3 84 0 93 6 64 3 34 2 19 0 85 4 77 7 28 4 10 0 92 6 66 1 57 2 68 5 8 2 92 1 74 4 91 7 17 3 14 1 55 3 6 5 97 6 6 6 78 0 94 3 88 3 20 5 63 3 97 3 11 2 4 1 27 7 61 5 54 6 74 6 79 2 93 4 31 3 28 1 15 2 38 2 73 7 71 7 32 6 41 7 95 7 22 3 77 3 44 6 9 2 63 4 63 2 46 3 5 3 97 5 89 2 7 7 90 2 89 6 4 5 26
82 7 47 3 4 7 76 1 98 3 87 0 98 0 29 3 82 5 73 1 97 6 40 3 22 1 66 5 43 4 22 3 20 0 16 3 84 4 72 0 61 2 52 1 18 7 32 7 20 2 5 1 19 7 12 2 63 2 45 1 5 5 25 5 74 3 75 5 10 1 48 5 72 0 16 6 22 4 4 3 90 6 35 2 56 2 39 0 30 0 48 6 47 5 17 0 24 5 22 3 53 2 48 4 81 7 9 4 92 7 31 6 27 7 94 3 30 5 44 7 57 3 61 7 69 6 9 7 94 1 89 2 69 3 71 6 100 5 93 6 55 7 14 6 12 5 99 1 60 3 15 6 83 4 1 4 32 7 100 6 70 5 70 3 17
48 7 39 5 64 1 36 5 73 1 18 1 55 1 20 1 62 5 62 6 40 0 86 0 24 2 40 1 15 7 37 4 91 6 84 7 91 4 38 5 24 2 69 6 90 7 51 2 40 0 8 7 9 7 99 6 29 0 34 3 98 6 64 7 28 4 86 0 49 6 82 6 20 4 100 5 67 1 65 4 78 7 12 0 12 6 59 1 98 1 65 7 98 3 91 5 75
11 7 2 4 66 7 52 3 52 4 30 6 97 7 51 2 70 4 88 2 97 1 3
100 1 77 3 24 2 22 7 70 4 45 5 39 7 99 3 92 5 86 6 93 5 40 2 49 7 81 6 93 0 61 6 60 7 32 5 87 4 91 7 92 0 47 5 1 1 19 5 69 3 50 1 83 5 98 3 66 6 1 1 87 5 92 4 55 1 14 3 86 3 39 6 88 0 31 3 88 3 5 2 14 3 90 6 21 5 66 6 24 7 59 0 86 6 70 0 82 3 82 4 7 7 97 3 9 7 4 2 68 5 55 1 10 4 78 1 84 5 29 5 29 3 17 1 56 7 77 5 61 3 72 2 78 7 29 7 40 2 46 2 27 6 37 3 76 6 78 1 81 5 14 3 34 2 21 7 11 4 88 1 21 0 3 1 26 7 75 5 74 0 33 7 37 2 75 7 86 6 54 7 4 0 40 6 2 4 97 3 6 4 16 0 44 4 9 7 46 2 90 3 51
