6 53
4224797 1538799 1076891 4274601 2557293 8123044
45 1 100 5 29 1 24 0 9 2 18 5 78 3 32 0 1 4 3 5 56 4 96 1 18 2 18 4 23 0 84 3 37 4 59 4 9 3 11 3 22 1 21 5 96 2 92 4 10 0 47 2 96 4 32 3 25 1 8 0 37 1 7 3 27 3 23 3 99 2 2 1 14 1 48 3 31 2 10 3 28 0 5 1 47 5 29 2 54 2 4
17 0 13 2 77 5 98 1 60 5 64 1 85 1 23 4 24 0 47 1 54 2 55 1 65 3 44 0 8 5 82 2 54 1 80
47 3 43 2 2 1 33 5 40 1 93 4 28 0 95 4 91 2 3 4 68 0 71 5 66 1 97 3 91 4 37 0 88 0 88 5 85 1 9 4 19 5 97 1 80 4 9 3 3 5 10 2 2 3 16 3 35 1 50 2 50 2 74 0 57 1 90 2 12 3 73 3 67 5 75 5 25 4 49 5 43 1 41 1 55 1 59 3 8 3 23 2 66 4 36
24 5 43 0 12 1 83 4 5 1 85 4 52 2 12 0 4 2 20 5 41 0 19 3 87 1 18 2 45 3 2 4 99 2 36 0 34 4 92 1 95 2 69 2 3 0 65 2 30
6 0 84 5 56 3 48 5 28 3 16 0 49
97 1 25 0 57 4 1 5 5 1 19 4 75 5 86 1 92 4 15 5 93 3 35 3 22 2 47 1 30 0 68 0 63 5 96 2 24 3 95 5 36 5 75 1 53 1 27 1 89 3 73 0 86 0 52 1 9 0 81 2 78 5 86 1 19 2 78 5 68 3 91 3 87 5 97 3 23 5 58 1 16 2 58 0 68 4 34 5 28 4 51 1 19 0 35 0 41 2 52 1 16 5 48 4 84 2 22 5 89 0 20 4 89 4 27 1 64 4 5 2 5 4 96 1 31 1 96 0 37 0 91 4 14 0 71 5 75 4 20 0 21 4 79 1 96 3 98 2 13 0 63 4 76 2 88 2 52 1 10 4 74 0 38 0 93 0 66 5 30 3 39 2 17 0 26 3 8 4 22 4 42 0 42 2 46 1 37 1 95 4 81 0 53 2 32
16 3 53 5 98 1 51 4 63 1 84 0 18 2 31 4 95 1 71 2 67 2 92 2 14 0 45 2 67 5 62 0 1
89 4 2 5 87 4 79 2 77 5 53 5 6 2 82 3 59 5 86 4 19 1 65 0 72 2 23 4 76 1 9 3 32 3 5 1 58 2 35 1 42 0 2 4 10 0 10 1 21 5 21 3 18 4 97 4 90 5 68 3 21 3 100 2 53 3 75 0 98 5 83 5 97 1 57 4 36 1 11 5 2 4 22 3 90 2 80 3 28 4 6 4 79 0 5 0 76 5 52 0 82 4 18 0 10 0 38 3 75 2 40 4 80 4 40 2 75 3 25 5 2 4 98 2 31 2 50 5 90 4 10 4 100 5 10 3 37 2 50 5 1 5 14 3 66 2 42 4 51 4 5 5 30 3 98 1 82 1 30 1 78 4 5 4 2 1 66 0 95 5 71 0 97 0 71 3 78 2 46
66 3 87 0 3 5 20 2 86 1 65 5 48 4 42 4 25 3 54 4 73 5 29 2 9 4 12 5 71 3 90 5 16 3 56 2 35 4 52 0 51 4 70 1 85 1 67 0 61 1 46 2 6 1 35 2 89 1 41 3 31 3 37 4 55 3 97 5 45 2 24 4 70 3 34 0 48 5 25 1 48 5 2 2 95 3 96 3 58 2 49 5 21 1 33 4 6 5 25 0 17 1 65 5 80 1 44 1 42 5 54 0 34 1 58 2 10 4 25 2 50 3 31 5 96 5 71 1 47 5 43 2 12
65 2 41 3 31 0 44 1 83 1 17 1 78 0 11 5 24 3 5 5 27 2 27 2 18 0 88 0 90 3 48 0 51 5 61 5 72 2 18 2 83 1 8 0 85 3 34 4 4 3 81 4 24 4 66 0 96 2 69 4 87 1 65 3 12 4 73 0 46 5 36 2 3 5 22 3 46 2 79 3 92 0 38 3 22 2 89 5 76 4 82 2 31 0 82 3 89 0 19 0 46 4 94 0 41 3 68 3 5 1 19 3 62 1 69 4 73 3 26 1 14 4 66 4 7 5 55 4 79 1 91
47 4 1 5 53 0 45 0 35 5 40 4 93 4 64 1 87 1 42 5 6 0 36 2 94 4 13 4 17 3 13 4 98 2 97 2 73 4 84 3 90 4 14 5 54 2 34 1 37 1 70 1 42 0 45 5 4 3 75 5 50 4 14 4 94 4 28 2 30 5 73 5 76 4 23 4 93 5 25 2 27 0 33 0 91 3 69 4 97 0 67 2 92 4 22
16 4 69 3 16 5 92 4 96 4 82 4 11 5 2 3 88 1 1 3 17 0 59 1 40 4 78 4 62 0 89 1 1
60 3 79 4 42 4 13 5 56 3 38 0 50 4 85 5 36 4 18 0 38 1 43 2 57 5 99 2 50 1 54 4 30 4 4 5 63 1 50 1 86 1 56 2 96 0 8 4 86 1 41 1 19 2 49 2 22 5 10 5 70 0 7 4 56 1 32 2 2 5 1 0 32 3 50 4 26 3 100 4 14 1 16 2 14 0 53 2 6 4 46 3 15 4 47 4 88 4 68 5 97 5 11 0 93 3 86 4 70 1 72 3 43 5 75 2 96 4 31 2 24
37 0 1 4 58 1 91 5 26 2 77 4 65 0 39 4 94 2 15 5 68 3 28 3 73 1 47 3 43 5 7 5 36 4 78 1 46 2 4 5 78 1 77 4 94 3 45 4 52 0 56 1 74 0 45 2 33 3 37 3 81 0 67 0 57 3 72 3 22 0 95 4 96 0 52
34 5 90 4 84 2 80 4 78 1 42 1 71 2 63 3 18 1 94 5 49 4 59 5 31 2 82 5 26 4 51 5 89 3 80 2 60 2 50 1 65 1 98 5 8 1 16 0 2 1 23 5 95 5 25 1 62 5 45 0 87 2 81 0 17 5 69 4 84
2 5 84 2 50
51 4 32 3 37 3 50 5 65 0 35 5 36 5 100 5 67 5 74 3 45 1 54 5 64 3 79 2 64 5 94 1 83 0 56 4 85 1 21 2 84 1 75 4 34 4 98 3 21 2 27 2 90 3 23 5 6 5 37 5 83 5 98 4 36 3 44 0 18 4 31 1 54 3 79 0 87 3 89 3 87 3 11 0 33 2 44 2 42 3 37 5 54 1 55 2 72 2 63 2 92 0 16
75 5 55 3 59 3 89 2 60 5 2 1 43 1 37 3 18 0 79 1 21 3 94 1 16 3 67 2 36 3 16 1 83 0 97 4 82 2 80 2 94 5 95 2 7 3 90 5 20 4 42 4 52 4 99 3 88 2 21 2 23 0 96 5 4 2 71 4 13 0 49 1 68 2 43 5 25 2 24 1 62 4 71 5 58 2 64 5 33 3 84 1 13 2 68 5 83 2 44 4 35 4 95 4 91 5 98 4 95 4 8 1 4 4 23 2 11 5 53 3 62 1 8 4 17 3 7 0 36 3 12 1 70 2 34 5 76 5 38 1 11 5 54 0 68 1 44 1 97 4 81
31 3 17 3 82 2 33 3 34 2 28 5 94 1 48 5 20 0 16 4 66 1 68 3 38 4 56 0 79 3 59 5 75 3 29 4 94 5 56 2 36 1 47 1 83 1 14 5 27 1 76 0 13 0 23 0 76 5 59 4 41 5 54
88 1 17 4 59 3 33 1 44 3 28 1 42 0 6 3 95 3 12 2 30 1 90 5 22 1 23 2 42 0 15 1 76 0 40 2 55 3 59 3 81 5 72 4 98 3 43 3 1 2 94 1 5 3 56 0 38 1 30 3 79 3 24 1 94 1 46 4 74 4 74 5 36 5 80 3 94 3 73 5 47 4 54 3 23 1 11 3 61 0 67 5 59 5 10 5 17 2 51 3 87 2 26 4 19 4 50 0 84 0 66 4 68 3 50 3 6 2 11 5 95 5 68 2 47 4 66 1 71 0 7 1 55 4 91 5 82 3 74 2 84 1 17 3 96 0 41 5 31 5 28 1 27 5 66 3 97 3 9 4 6 0 24 1 14 4 65 3 49 2 18 1 8 1 9 3 33
75 2 51 1 42 4 28 2 100 5 31 0 45 5 38 3 99 0 87 1 11 4 1 3 7 3 20 3 14 3 74 0 45 1 44 1 94 4 11 3 16 3 82 3 55 3 55 3 22 4 56 1 100 0 76 1 13 1 66 0 66 0 47 2 16 5 20 0 85 3 37 5 75 4 17 5 30 2 38 3 67 2 44 2 43 2 33 5 27 5 9 3 24 2 30 2 13 1 69 2 69 5 71 2 96 4 67 3 74 1 33 0 7 1 100 2 7 1 74 1 1 1 21 0 32 1 91 3 48 0 86 4 4 3 40 5 73 2 24 4 4 4 76 0 90 0 94 0 30 0 50
86 2 43 4 20 1 71 0 77 4 38 0 28 5 71 2 9 2 7 4 53 1 55 3 35 4 11 2 37 5 72 5 56 5 84 3 69 3 64 2 74 0 54 4 70 0 68 5 88 1 80 2 94 3 88 3 45 2 83 1 81 2 100 0 82 1 69 4 55 2 45 2 30 1 73 2 2 2 98 4 85 5 32 5 48 4 4 3 38 2 9 4 67 2 2 2 1 3 10 0 59 1 30 2 51 0 76 2 76 4 29 5 18 2 15 1 46 1 74 5 88 1 66 2 6 2 74 5 1 3 5 3 8 3 9 0 27 3 50 2 51 1 61 0 33 1 11 4 13 0 48 3 10 0 6 3 81 4 33 5 25 1 86 1 20 2 94 3 88 1 66 0 8
70 1 20 2 44 0 49 3 41 5 46 4 45 3 47 5 78 5 99 1 31 4 36 4 70 1 32 3 22 5 98 2 49 3 46 3 72 3 65 2 44 1 56 0 81 0 84 0 53 5 78 2 86 3 82 5 64 3 60 1 18 2 78 2 63 3 32 5 35 4 72 4 95 3 52 4 31 1 68 4 40 4 28 0 81 5 44 3 40 4 56 5 91 0 28 5 87 1 97 5 4 2 1 1 6 1 63 2 67 3 86 3 32 0 81 4 84 4 74 0 94 5 68 0 91 3 6 1 78 2 29 0 94 5 27 0 67 3 6 1 1
74 2 94 3 99 3 55 5 44 2 85 2 22 5 83 0 20 5 67 5 39 4 79 2 42 1 24 2 18 1 44 2 85 3 7 0 44 3 22 4 84 3 16 0 38 4 5 2 99 1 51 2 20 4 5 0 86 1 65 5 44 4 47 1 4 0 56 1 1 0 52 5 28 2 69 5 6 0 28 0 91 3 74 5 11 4 12 5 82 5 67 1 93 5 4 4 88 0 35 5 24 3 16 4 99 4 29 3 45 5 29 3 48 1 66 3 62 3 72 4 7 4 67 5 58 0 68 5 32 3 95 3 10 3 96 2 93 5 7 2 55 1 55 2 61 3 18 3 57
77 2 72 0 7 2 8 2 16 3 52 1 67 4 80 4 8 4 25 0 20 0 86 5 33 2 50 3 25 2 8 2 37 5 18 5 19 4 32 4 80 0 74 2 79 4 39 5 23 0 60 3 85 1 24 5 68 0 62 5 81 2 12 3 78 1 25 4 48 5 59 5 69 1 73 3 100 1 76 3 55 4 36 5 71 0 40 2 67 2 9 5 86 4 100 5 31 4 23 5 45 2 46 2 67 2 97 4 65 0 23 4 76 1 56 1 18 2 49 2 89 5 85 0 57 3 22 0 25 5 33 2 20 3 50 3 60 3 71 1 24 3 12 2 25 3 71 2 73 5 41 4 41 0 44
25 5 40 3 90 1 78 1 33 5 77 3 61 4 74 4 83 3 26 3 53 2 82 5 34 4 46 3 70 4 34 3 28 3 81 0 85 1 57 4 83 4 39 2 2 1 13 0 17 2 20
66 4 64 0 2 4 46 4 75 5 39 0 55 2 88 1 52 1 44 4 50 5 81 3 25 3 73 5 95 2 95 2 40 4 21 0 8 4 95 3 61 3 76 0 25 2 56 0 81 2 75 0 40 4 86 5 40 2 10 3 39 4 43 0 57 1 70 5 30 3 87 0 65 3 47 5 39 3 10 3 98 5 21 2 23 1 25 4 28 2 92 0 71 4 62 2 60 4 18 5 74 1 12 2 12 5 88 5 76 3 20 5 82 5 85 5 98 1 42 2 49 5 94 1 32 4 15 2 95 0 1 4 58
58 3 82 4 2 3 43 5 86 1 52 1 12 2 41 0 88 5 77 1 89 1 73 0 6 3 87 2 23 2 59 3 63 0 16 1 89 4 58 0 100 1 11 2 14 5 13 0 58 0 13 3 72 0 16 3 58 4 59 0 42 1 46 1 81 1 22 0 76 4 17 3 13 5 18 1 64 5 22 1 14 0 32 5 72 3 72 1 39 5 95 3 16 3 26 3 33 4 58 2 24 5 4 1 28 3 20 5 34 0 78 1 41 0 77 3 50
31 5 86 2 75 2 96 2 55 2 8 3 20 3 98 3 100 4 55 0 86 4 3 3 13 2 85 5 73 0 43 0 75 2 29 1 9 5 91 4 48 3 19 4 31 2 26 0 69 5 15 4 44 3 21 5 83 0 72 4 59 0 4
79 3 25 5 51 1 70 1 24 0 59 2 46 0 11 0 43 3 81 2 9 3 35 4 45 4 21 2 80 0 70 3 51 3 52 0 42 4 24 3 64 0 60 5 22 1 52 3 77 5 32 3 35 2 95 4 49 0 71 4 58 4 12 1 51 5 34 0 24 1 8 2 97 5 37 4 74 1 51 2 58 3 94 5 23 5 70 4 70 5 99 3 87 2 92 2 47 4 63 4 21 5 59 1 30 4 69 3 61 4 4 5 51 1 94 5 35 4 94 3 44 4 66 4 99 1 41 1 49 1 86 4 46 1 100 4 59 1 12 4 76 5 68 0 25 2 22 0 9 1 62 5 57 1 28 4 10 3 97
5 3 34 5 8 0 14 3 93 1 66
56 0 35 0 18 1 80 5 22 4 62 1 21 1 88 0 84 0 87 3 24 4 44 2 24 0 59 2 73 5 81 3 51 0 39 1 10 1 68 4 6 4 73 3 15 2 51 2 42 0 24 5 83 2 31 0 45 2 87 4 50 4 26 1 28 0 54 4 48 3 5 5 54 0 83 1 17 0 80 0 38 2 74 5 38 3 15 4 97 0 11 5 97 5 89 0 66 3 59 2 64 3 52 2 69 2 14 0 10 2 83 1 17
2 5 28 0 7
15 4 57 5 6 1 89 1 86 1 16 1 70 3 95 2 29 3 70 3 16 1 80 2 74 2 82 0 45 3 89
99 5 23 5 23 1 49 4 32 5 83 3 21 3 52 0 2 1 82 3 83 5 84 1 95 5 18 0 20 5 23 1 95 4 66 5 85 1 81 0 33 1 8 4 22 2 69 1 93 4 3 2 74 4 59 4 48 4 78 5 19 4 79 2 67 0 29 3 24 5 98 2 52 0 14 2 99 5 79 0 40 2 95 1 94 0 79 1 28 0 25 1 90 2 57 3 81 2 58 2 60 5 39 1 99 3 72 0 1 4 1 2 25 0 5 0 63 5 78 5 71 0 34 2 82 4 8 1 85 1 12 1 50 5 37 1 32 4 17 0 90 2 20 1 17 2 93 1 82 4 63 5 95 5 54 1 67 1 31 2 66 2 42 0 42 4 13 4 72 5 4 2 12 1 58 2 52 3 32 4 77 3 61 2 91 5 100 5 85 0 71 2 74 0 6 4 4 2 61
37 0 99 3 3 4 10 1 51 4 72 1 45 2 45 2 20 3 59 2 5 3 51 3 24 0 55 1 23 3 6 2 28 0 37 4 47 3 45 0 79 2 80 4 91 2 40 0 65 0 17 1 83 4 55 1 3 5 7 1 1 4 43 0 49 5 28 0 69 2 38 2 33 1 91
60 2 18 3 83 1 44 2 59 4 46 2 98 2 19 4 11 2 44 3 72 0 18 2 9 4 81 5 7 2 95 3 27 0 25 1 31 4 39 2 34 2 81 3 44 5 71 4 71 1 97 3 63 1 33 5 77 2 52 1 40 5 78 1 75 5 41 4 7 5 98 2 36 1 22 5 31 3 34 5 37 4 22 2 63 5 19 5 23 3 63 5 89 1 98 1 6 5 100 3 76 2 26 5 62 2 52 1 20 3 8 0 11 0 66 1 51 5 85 0 1
56 2 22 1 2 0 24 3 62 2 11 5 1 2 92 0 77 2 36 1 65 3 12 0 95 4 40 4 75 0 81 4 84 2 18 0 3 0 56 5 27 3 35 4 42 0 62 0 12 4 78 0 31 1 7 3 21 5 44 0 25 2 36 4 9 1 49 0 24 3 84 2 93 1 72 3 50 2 81 3 7 2 57 4 26 5 19 4 60 5 89 4 63 0 56 3 59 1 8 1 13 5 97 5 55 5 99 2 76 3 43 5 48
52 0 65 2 37 3 31 1 25 3 87 2 98 5 18 3 95 3 37 1 66 2 16 0 16 3 71 2 48 3 84 1 8 3 20 5 1 0 53 3 94 3 59 5 95 5 100 0 53 4 8 1 9 3 54 0 36 3 40 2 85 4 82 1 7 4 81 5 88 5 90 0 94 5 21 0 28 1 88 5 79 4 3 4 92 3 33 1 87 5 14 1 63 4 8 3 95 2 46 4 41 2 95 2 97
90 1 91 3 95 2 26 4 79 0 96 0 69 2 29 1 78 4 62 0 73 1 43 4 2 3 11 3 75 3 76 4 66 1 42 5 61 3 51 2 37 5 16 0 54 5 81 4 80 1 64 1 76 1 30 1 73 2 78 5 11 2 7 5 7 2 69 0 8 2 53 3 8 0 45 2 80 3 62 4 48 3 39 0 74 5 95 0 27 5 24 5 78 3 11 4 32 3 55 5 91 2 74 3 86 0 68 2 78 3 85 1 50 3 18 2 31 0 50 3 39 0 76 2 18 5 58 5 46 5 22 3 28 3 77 1 100 2 41 0 20 2 63 1 60 2 66 0 59 1 90 1 75 3 53 5 31 4 34 3 36 5 79 4 75 1 27 3 43 1 28 2 74 2 4 1 73 5 16 0 30
47 2 70 3 92 0 38 2 78 2 23 2 34 2 87 5 40 5 19 3 49 2 25 4 74 5 94 0 27 4 64 2 73 3 10 2 92 0 57 4 71 3 58 1 79 1 99 3 68 2 22 2 84 5 10 5 32 3 57 5 22 4 11 0 44 3 8 2 47 5 53 1 10 2 45 3 14 0 18 3 93 0 83 4 16 3 62 3 37 2 2 1 5 0 59
69 0 86 0 89 3 13 3 25 0 7 0 9 5 59 4 14 2 22 3 8 5 74 3 84 0 21 1 51 0 67 0 94 1 89 0 24 5 69 1 45 0 32 3 40 2 92 2 91 3 14 1 18 1 14 2 26 5 16 2 82 4 88 5 98 2 10 0 47 1 13 1 93 1 75 3 94 4 30 4 95 1 73 4 14 2 74 4 68 1 49 3 41 4 96 5 72 5 29 1 40 0 89 3 78 2 20 4 73 0 45 2 33 4 42 3 57 5 59 5 78 0 30 3 47 2 20 3 72 2 66 0 44 3 42 2 97 5 37
89 3 92 1 70 2 71 1 89 0 14 0 32 0 12 3 59 0 59 1 63 1 21 3 94 2 89 0 30 0 42 4 3 1 8 5 75 3 30 1 90 0 74 2 91 3 62 3 88 3 16 2 99 3 13 4 70 3 63 0 21 2 73 3 84 5 63 5 57 4 95 0 81 5 76 1 76 4 43 3 31 2 4 5 71 1 30 2 60 5 90 2 54 0 28 5 9 5 58 4 93 2 35 4 73 1 58 5 8 3 98 1 22 1 63 1 47 5 77 3 67 2 25 3 67 4 92 1 61 1 86 4 47 3 75 3 52 3 84 0 28 5 51 3 91 1 34 0 12 3 43 3 42 0 88 2 83 3 75 1 21 5 52 5 4 5 97 4 20 3 33 4 56 0 38 3 36 5 79
36 2 34 4 76 4 95 5 69 0 73 5 73 1 50 2 17 3 10 4 44 5 13 5 18 0 91 4 86 3 21 5 81 3 8 2 29 3 92 5 62 4 43 2 61 2 81 4 8 2 55 0 37 4 70 2 47 4 31 0 14 0 49 3 67 0 96 3 17 0 78 5 26
5 1 59 0 32 4 51 4 51 2 65
42 5 28 4 48 0 10 4 75 1 71 4 81 3 4 1 19 5 73 2 8 2 4 4 48 2 38 2 21 4 3 3 27 0 2 1 46 2 51 2 72 2 42 5 98 4 66 4 80 0 88 4 62 2 86 0 27 5 2 2 27 2 29 5 52 4 88 4 19 1 37 4 99 0 71 4 87 0 8 3 42 2 79 0 21
36 5 2 3 78 2 75 5 61 3 30 0 72 1 88 4 43 2 72 4 79 4 3 2 32 4 56 5 51 4 72 2 18 3 90 4 49 1 89 3 24 1 99 1 4 3 85 3 96 0 45 1 3 5 45 2 39 5 6 5 57 0 83 4 2 4 83 5 6 0 83 0 9
35 2 32 3 65 0 3 0 19 2 71 0 56 2 59 4 25 2 2 4 34 1 87 4 82 2 1 1 35 4 28 3 35 0 89 5 63 1 53 0 65 4 53 0 89 3 40 1 43 2 85 0 23 1 18 0 79 1 38 2 19 5 25 1 89 2 2 5 92 1 52
3 1 78 5 94 1 16
61 5 82 0 79 5 41 3 25 5 54 4 10 0 15 5 65 1 59 2 89 2 95 0 45 4 76 2 27 4 91 1 74 2 8 3 97 3 75 2 46 2 64 4 18 3 64 1 52 5 56 1 7 1 17 5 23 5 50 1 43 5 18 5 16 4 51 4 79 4 61 3 29 4 6 2 62 1 82 5 40 2 18 3 17 4 44 1 52 3 4 0 41 0 49 1 94 2 69 0 33 4 75 0 33 2 1 4 69 3 14 4 17 5 9 0 92 1 27 4 62 5 65
2 3 16 3 29
71 5 90 2 79 1 12 5 28 2 43 4 76 3 41 2 24 4 38 3 92 3 91 3 8 2 18 3 31 0 87 5 52 2 45 0 30 4 61 4 25 3 53 0 91 5 48 3 44 5 7 3 18 0 72 2 28 1 9 3 19 2 45 2 36 5 31 2 81 1 49 0 71 5 30 2 73 5 2 3 92 5 91 3 10 3 9 3 97 3 55 1 6 4 95 4 45 0 45 0 99 5 87 1 52 1 68 3 39 5 81 4 61 0 95 0 4 5 15 2 73 2 43 3 20 2 25 5 94 3 34 1 3 1 5 1 99 4 50 3 74 0 92
5 0 8 5 71 3 80 5 18 0 9
