3 28
5086115 6986631 468684
71 2 83 2 89 0 75 2 72 0 97 2 96 0 29 2 79 2 17 0 44 0 8 0 66 0 44 1 69 1 22 0 83 0 49 1 48 0 8 2 74 2 53 0 5 1 5 0 19 1 73 1 99 0 98 1 3 1 29 2 9 0 85 0 7 0 52 1 62 0 61 2 5 2 51 2 51 2 77 2 66 0 79 1 32 2 75 0 27 2 87 1 38 1 96 1 45 1 52 0 95 0 88 0 84 2 66 0 48 1 72 0 45 2 91 0 24 1 37 1 33 0 17 2 57 2 85 2 65 2 46 2 43 2 43 0 38 2 4 0 11 0 57
42 0 18 1 1 2 5 2 13 1 15 1 45 0 15 1 31 1 36 0 63 2 21 2 77 1 62 0 97 2 19 0 62 0 25 2 72 0 97 0 94 2 17 1 74 2 5 0 27 0 18 0 90 2 51 2 61 1 89 2 12 1 35 1 54 2 49 2 41 0 88 0 93 0 1 1 41 2 47 2 77 1 22 0 88
55 1 23 1 24 1 44 1 66 1 54 0 13 0 40 1 34 2 46 1 56 2 87 0 56 1 15 0 46 1 62 2 21 1 82 2 14 0 43 2 35 2 55 2 90 0 60 2 91 0 26 0 24 2 71 2 70 0 55 1 82 0 72 1 92 2 87 1 11 2 64 2 71 0 51 1 28 0 80 0 99 0 43 0 69 1 79 2 67 2 13 2 24 2 4 0 41 2 50 0 7 0 36 1 68 1 24 2 96 2 94
17 0 24 0 81 2 22 2 94 2 81 0 85 0 72 2 93 2 93 0 11 2 69 0 91 1 78 0 90 2 91 1 21 2 36
69 0 41 1 58 1 83 2 19 0 20 0 24 1 62 0 84 2 25 1 55 0 71 1 74 2 2 1 74 2 58 0 58 2 28 2 50 2 45 1 57 0 85 2 88 2 81 0 78 1 9 0 39 2 62 2 12 1 79 1 68 2 54 0 33 0 37 1 65 1 37 2 54 1 63 1 10 1 85 1 14 0 85 2 93 1 53 1 22 2 20 0 80 0 49 1 50 0 46 2 33 2 27 2 94 2 66 1 72 1 40 0 69 1 67 2 89 1 61 2 91 1 44 0 50 1 77 0 19 0 29 1 94 1 89 1 42 1 97
79 1 49 0 46 1 20 1 65 1 97 0 47 0 50 1 16 1 41 2 5 2 65 2 44 0 24 1 28 0 100 1 22 2 14 2 37 0 22 2 32 1 48 2 100 2 10 1 43 0 18 1 11 2 37 1 77 1 72 1 79 2 45 0 41 1 13 1 56 1 65 1 58 0 76 2 86 1 95 0 92 1 86 2 82 1 43 2 75 2 27 2 10 1 89 2 41 0 98 1 69 0 35 0 84 2 76 0 49 1 55 2 9 1 57 0 13 2 57 1 34 1 41 0 14 2 84 1 92 2 65 1 18 0 12 0 2 2 51 0 75 2 69 0 12 1 20 1 68 2 82 1 36 2 24 1 73 0 50
80 1 12 2 16 2 91 1 85 2 8 0 46 2 22 0 57 2 39 2 60 1 67 0 21 1 7 2 95 1 8 0 90 1 67 0 25 0 72 1 13 0 75 2 81 1 56 2 15 0 75 2 42 2 29 1 83 2 78 0 22 2 95 2 4 0 70 1 74 0 35 1 16 1 5 2 20 0 37 1 88 0 71 0 66 2 35 2 78 2 41 1 12 0 90 0 79 0 31 0 43 2 68 2 69 2 44 0 2 1 46 1 94 1 77 0 16 2 52 2 14 1 63 2 94 1 39 0 10 2 62 1 20 0 38 0 18 0 82 2 83 1 19 0 83 0 34 0 57 2 74 0 31 1 18 1 56 2 52 2 48
3 0 85 1 12 0 63
36 1 96 0 61 2 85 2 99 2 85 2 80 2 87 2 13 1 83 0 83 0 35 0 60 1 69 0 68 0 48 2 67 1 74 0 80 1 91 2 72 2 62 2 60 0 37 1 88 0 19 2 42 0 27 0 31 2 8 1 43 2 20 0 80 2 51 1 33 2 49 2 75
1 1 41
66 2 18 0 52 2 85 1 30 2 57 2 28 1 84 1 20 2 38 0 30 1 22 1 6 1 34 0 48 1 80 2 30 1 39 0 5 0 8 2 90 1 17 0 95 0 79 0 29 0 87 2 43 2 54 2 37 1 38 0 67 1 81 1 92 2 24 2 98 0 35 2 53 1 30 1 92 2 90 0 50 1 26 0 47 1 48 2 56 2 53 2 88 1 64 2 29 1 69 0 60 0 47 0 25 0 10 1 32 0 93 1 96 1 94 2 10 0 5 2 80 2 57 1 93 1 86 1 12 2 57 1 27
60 0 12 1 84 1 5 1 89 1 86 0 62 0 66 1 56 0 33 2 75 2 40 2 39 1 78 2 37 1 46 2 88 1 62 1 10 2 57 0 72 0 6 1 13 2 43 2 53 0 73 2 21 0 62 0 68 1 58 0 8 2 94 0 25 1 32 1 44 2 48 2 72 2 21 0 53 0 67 2 71 0 58 1 46 2 73 1 54 0 86 0 64 1 74 1 52 2 50 0 37 1 77 2 2 1 50 1 26 1 26 2 67 2 68 0 51 2 43 0 80
85 2 60 0 99 1 64 2 40 0 61 1 86 2 30 1 29 2 65 2 65 1 93 1 53 2 93 1 13 2 18 1 8 0 38 1 81 0 65 0 39 2 65 2 51 2 73 1 91 2 94 1 34 0 60 1 8 2 38 2 7 0 52 2 91 0 77 0 99 0 4 2 1 2 53 0 19 0 59 2 82 0 55 1 81 1 30 2 97 2 76 0 7 2 74 2 56 0 39 2 18 0 15 1 67 2 11 2 91 0 74 2 22 1 28 2 86 1 96 2 26 1 99 1 63 1 20 2 20 2 31 2 7 1 80 0 89 1 9 1 61 2 21 0 53 0 45 0 37 0 17 1 8 2 84 0 10 1 93 2 86 1 59 1 68 0 46 2 84 2 73
70 0 88 2 61 0 90 0 87 1 78 2 7 2 39 2 77 0 60 2 82 0 70 1 64 0 11 1 40 1 45 0 32 1 99 2 73 1 24 2 36 2 80 1 49 1 6 1 21 0 65 2 11 0 23 1 54 2 26 0 100 1 82 0 49 1 81 1 42 0 78 0 8 1 26 2 47 1 54 0 43 0 76 0 55 0 87 0 55 2 88 2 30 0 37 2 99 0 28 0 81 1 2 2 19 2 87 1 36 1 9 0 90 2 33 0 60 1 76 2 12 1 66 2 98 1 52 2 71 2 89 1 91 0 69 1 35 2 22 2 14
66 1 97 0 64 0 46 2 3 0 56 1 99 1 84 1 27 1 40 1 21 1 31 2 78 2 24 2 66 1 50 0 4 2 20 1 89 2 58 1 32 0 73 2 30 2 39 0 69 2 17 2 84 1 18 2 91 0 82 2 76 0 3 0 75 0 7 0 35 1 89 2 12 1 13 0 84 0 87 2 48 2 4 0 47 2 7 1 65 1 72 0 13 1 14 1 68 0 83 1 48 0 83 2 59 1 50 2 100 2 55 2 58 2 29 2 37 0 47 2 95 1 97 2 91 1 21 2 9 2 22 2 69
32 1 48 0 16 0 45 2 10 2 33 0 65 1 73 0 59 0 21 0 64 2 72 2 36 0 12 0 57 1 37 2 33 1 96 1 17 2 7 1 97 2 24 1 77 0 38 2 73 1 79 2 74 2 5 1 73 1 73 0 68 0 73 1 68
26 1 100 1 96 0 12 0 66 0 11 2 64 1 12 1 18 2 69 1 61 2 92 1 32 2 56 2 2 0 23 1 99 1 18 1 15 1 76 1 74 1 73 2 63 2 11 2 14 0 3 1 29
65 0 77 1 79 0 22 1 15 2 76 1 62 0 46 1 79 0 43 1 25 2 27 0 89 1 98 0 100 2 32 2 86 1 3 0 57 0 59 1 37 1 77 0 21 2 67 1 99 1 77 2 27 1 22 1 39 1 59 1 79 2 8 2 94 1 68 1 100 1 59 1 91 2 75 2 11 1 15 0 94 2 72 2 64 1 99 2 62 1 47 0 80 1 33 2 69 1 5 2 89 2 92 1 58 0 41 1 30 2 83 2 99 1 55 0 5 0 41 0 77 0 88 1 99 0 64 0 45 0 4
13 0 37 2 61 0 52 1 79 1 97 0 76 0 61 0 21 2 32 2 1 0 8 1 52 1 14
27 1 75 2 75 1 12 0 21 0 95 2 83 2 6 1 97 0 87 1 73 2 19 2 88 0 40 0 57 1 66 0 31 0 26 0 50 1 67 2 20 1 11 2 39 2 56 1 41 1 99 2 28 1 67
36 0 56 0 37 1 88 1 76 0 70 1 76 0 96 2 46 1 31 1 6 2 78 0 71 1 94 2 10 0 64 1 19 0 57 1 50 2 5 0 63 1 22 2 82 2 83 1 45 0 17 0 26 0 12 1 61 1 100 2 54 1 58 0 91 0 65 2 51 2 95 1 12
20 0 59 1 55 1 85 2 36 2 1 0 93 2 28 2 16 2 6 1 63 0 34 1 55 0 92 1 1 2 96 1 55 1 17 1 83 2 18 1 92
5 0 85 2 48 1 21 2 50 0 18
89 2 97 1 46 1 53 2 67 2 18 0 59 1 25 1 92 0 30 1 77 1 100 1 33 0 4 1 99 1 33 2 10 1 35 2 11 2 64 1 51 1 28 2 44 0 5 1 84 2 3 1 78 0 74 2 16 2 14 0 82 0 32 2 20 2 22 1 22 2 21 1 58 2 5 1 63 2 25 0 57 1 87 0 41 1 9 1 93 1 41 1 59 1 49 1 17 1 10 2 22 2 60 1 1 2 85 1 61 2 84 1 54 0 51 2 18 1 38 2 52 2 18 1 96 0 57 2 99 2 39 1 55 2 52 0 43 1 6 2 73 1 28 2 17 0 67 0 29 0 92 1 54 0 82 1 30 1 21 1 13 1 88 1 44 1 71 0 63 2 8 1 80 0 69 1 46 0 7
91 2 44 0 46 0 77 0 91 2 78 0 23 1 65 1 8 0 49 2 78 2 47 0 96 0 77 1 75 1 66 1 50 2 58 0 62 0 82 1 80 2 37 1 30 0 100 0 5 1 59 0 78 2 2 1 57 1 88 0 85 0 26 0 99 0 51 1 65 1 37 0 51 0 51 1 24 2 33 2 16 1 33 1 45 0 86 1 93 2 58 2 76 1 59 2 35 0 18 0 81 1 64 1 65 1 19 1 3 1 91 0 68 1 71 2 77 1 82 2 9 2 48 0 93 1 85 0 17 0 55 2 45 0 68 0 64 1 44 2 9 0 90 0 90 1 34 0 21 2 84 2 40 1 13 0 50 2 41 2 38 1 82 2 69 1 1 0 99 1 65 1 49 0 87 0 9 0 67 2 38 1 64
85 1 61 2 62 2 32 2 100 0 19 0 84 1 51 0 86 0 45 0 31 1 11 2 83 0 31 0 16 0 82 1 63 0 76 1 67 0 77 0 43 0 90 0 10 2 53 1 38 1 25 1 51 1 44 0 85 0 96 1 78 1 41 0 62 0 12 2 8 1 56 0 36 0 54 0 97 0 82 0 4 2 82 0 54 1 4 1 100 0 48 0 91 2 98 2 94 1 72 0 7 0 76 1 90 2 84 1 48 2 33 1 82 1 6 2 4 0 99 1 44 1 24 1 78 1 3 1 59 1 83 1 2 1 26 0 44 0 93 0 27 1 66 0 86 0 47 1 71 2 76 2 27 1 81 1 73 2 14 0 99 2 34 1 49 1 75 0 80 2 64
1 2 10
42 0 13 1 91 1 87 2 61 0 37 0 75 2 86 2 21 2 66 2 6 0 48 0 22 0 99 0 89 2 94 0 68 1 14 2 12 1 98 1 79 1 16 2 36 1 73 0 29 2 16 0 35 1 6 0 60 2 27 2 55 0 28 2 48 1 78 0 48 1 33 1 83 2 64 2 17 2 71 0 23 2 38 2 89
