8 66
6295424 5074520 9736946 3109854 7543207 7918669 8840183 240139
14 3 3 0 15 6 14 3 28 6 55 5 69 0 72 1 95 7 78 4 1 6 91 1 70 4 70 3 33
20 4 93 5 93 4 84 2 8 4 7 1 38 5 67 4 47 3 17 7 16 7 84 6 33 2 98 5 77 3 15 0 13 6 99 6 9 1 100 1 79
51 3 13 1 16 0 98 0 54 4 9 0 3 3 54 2 71 1 3 0 29 1 31 7 1 1 77 7 84 2 2 0 47 6 89 3 70 5 21 6 29 4 66 2 67 2 99 7 94 4 55 5 10 2 75 0 99 3 57 3 87 0 27 2 43 1 20 0 51 5 46 5 28 4 3 7 100 3 24 7 86 7 61 1 4 5 92 3 60 2 27 6 60 5 11 4 36 4 38 5 78 3 17
69 0 99 0 65 5 90 1 79 3 10 4 6 5 18 0 93 0 32 3 89 4 9 0 57 4 38 7 86 1 99 1 52 5 84 6 4 6 65 2 50 1 27 2 52 4 5 0 83 5 30 2 81 3 5 7 30 3 4 1 33 2 10 1 28 2 30 0 65 4 38 1 60 6 23 3 96 5 81 4 29 4 31 3 62 1 100 0 2 6 52 3 89 3 73 1 14 6 21 1 79 0 95 4 86 3 26 5 84 4 39 0 55 0 35 4 17 6 95 0 20 7 12 1 36 4 60 3 35 2 77 7 63 6 12 7 68 6 12
93 7 9 5 35 6 36 7 6 1 50 1 12 2 40 7 9 3 44 2 83 2 72 6 52 2 15 6 2 4 11 5 57 0 58 6 25 7 40 2 55 3 33 1 66 6 9 2 31 4 31 0 77 0 44 0 20 0 77 3 13 2 2 6 50 2 49 4 42 7 70 4 71 4 33 7 25 6 64 4 70 1 70 5 79 6 36 4 17 7 99 3 98 0 34 0 16 4 30 6 31 3 50 1 23 2 69 0 3 7 16 6 55 1 10 4 13 2 40 1 34 4 1 0 36 1 83 7 59 4 71 4 97 3 49 0 97 6 94 3 72 6 43 0 75 7 24 2 36 2 77 3 88 1 49 0 19 3 22 1 27 6 26 7 35 0 65 4 65 6 23 2 91 4 93 6 4 7 36 0 82 5 66 1 1 1 77
98 6 79 4 20 7 34 6 100 3 71 4 58 5 17 5 2 6 48 5 88 3 11 0 45 6 30 5 34 6 18 7 89 6 43 1 53 6 58 3 83 6 45 1 10 4 77 2 64 2 12 0 37 0 57 0 19 3 3 6 25 3 34 7 84 7 79 4 53 6 81 5 71 3 55 1 46 7 6 0 56 5 92 5 4 5 66 3 69 6 42 7 36 7 25 4 29 4 16 5 40 3 39 4 60 1 37 7 58 6 56 7 83 1 60 5 54 4 72 2 12 5 69 7 51 4 20 5 42 5 79 1 13 1 96 0 14 7 85 6 78 6 83 3 55 1 56 2 54 4 51 6 18 2 65 7 2 1 29 7 61 4 89 5 24 0 53 1 83 0 15 4 48 2 4 6 97 0 89 4 62 0 97 4 78 4 12 7 41 2 63 4 7 4 49 6 56
66 2 6 2 19 3 81 7 63 6 80 4 43 1 72 0 31 5 97 3 25 3 18 0 83 2 19 4 13 1 46 0 59 6 51 2 99 5 59 3 97 2 21 6 73 4 31 4 11 5 71 2 74 3 61 6 94 6 99 0 86 0 9 7 13 1 68 6 26 4 33 2 55 7 64 1 87 7 12 0 82 4 54 2 79 1 43 6 95 2 92 7 73 6 3 4 67 6 6 2 57 6 11 4 45 7 50 4 66 4 23 0 71 0 96 3 77 4 14 3 50 7 98 6 64 1 95 4 48 7 68 7 41
63 6 81 5 82 6 2 0 92 3 38 5 97 2 87 7 67 7 38 7 33 6 75 1 69 1 99 6 80 2 54 6 63 7 59 6 70 3 5 2 33 0 95 1 64 7 33 2 58 3 98 1 90 3 79 6 50 1 88 0 72 7 11 0 31 7 32 0 88 7 80 7 37 2 11 1 96 6 46 5 8 2 10 4 61 1 92 6 82 2 41 0 26 2 11 4 67 2 22 3 44 7 31 0 15 7 38 0 57 5 66 0 100 6 56 1 98 3 25 6 65 0 55 1 39 2 69
74 1 7 2 13 3 94 5 91 7 84 2 62 4 1 4 9 4 82 2 9 1 99 1 24 6 17 2 84 7 13 7 71 3 4 6 86 6 80 6 5 4 13 4 90 2 26 3 42 4 67 5 51 6 78 5 21 6 100 2 92 5 78 6 52 5 28 7 91 1 99 4 80 2 89 5 89 1 69 1 1 6 82 4 21 0 30 6 30 4 32 7 42 6 11 4 62 4 44 6 27 5 11 2 92 3 24 6 9 5 86 4 97 1 31 6 22 5 18 4 81 5 74 4 93 0 89 5 58 1 20 4 61 5 31 0 100 4 38 6 50 2 38 4 77 3 100 4 41
50 0 5 5 36 7 64 2 5 0 21 0 40 4 30 3 67 3 1 0 88 4 93 6 3 4 52 3 34 6 90 0 46 5 100 3 94 2 45 0 73 3 91 4 83 7 12 3 59 5 19 1 1 3 5 1 19 7 12 3 11 2 60 5 88 2 2 4 86 1 60 1 83 1 37 1 79 0 98 5 7 4 65 7 73 1 35 2 46 1 85 3 91 0 24 6 6 7 59 5 38
49 1 66 1 35 0 24 5 12 1 2 0 63 7 26 6 80 4 77 7 50 3 93 2 86 7 39 0 60 2 59 0 87 6 84 2 77 5 4 0 86 0 67 5 79 1 86 7 85 5 62 7 32 7 54 5 42 2 96 6 28 5 20 1 81 5 23 4 97 0 26 2 78 7 8 0 95 7 95 0 19 1 84 1 3 1 60 6 82 6 13 1 33 2 46 1 78 7 78
67 1 95 1 33 4 32 1 36 0 50 2 49 7 30 0 57 4 2 5 11 0 39 2 34 0 21 0 66 0 87 6 20 6 10 0 21 5 83 3 30 7 10 6 99 6 84 2 32 7 62 7 8 6 20 7 52 7 56 7 78 1 75 4 55 3 51 6 26 1 71 5 21 1 95 4 50 7 32 5 53 0 80 3 15 1 10 6 12 7 42 7 4 5 96 6 97 0 23 3 35 0 94 5 31 4 18 0 82 1 7 5 59 1 39 0 26 6 19 0 63 0 2 0 28 7 26 5 34 7 48 2 16 1 62
54 5 93 2 52 0 63 5 9 3 6 7 2 3 94 0 90 5 27 6 89 2 5 3 52 1 24 3 70 5 38 7 12 5 85 6 80 5 12 4 87 6 70 0 83 6 98 5 73 2 84 6 49 5 36 2 32 5 56 0 9 2 21 3 17 7 65 1 47 5 94 6 77 1 46 1 27 4 75 7 83 3 30 2 88 1 72 6 84 0 11 2 47 0 85 4 14 0 70 3 53 4 28 0 38 2 35 5 70
12 0 70 6 29 0 24 6 28 4 30 7 58 2 4 5 33 0 54 0 49 3 38 1 11
14 0 66 4 61 2 36 6 92 6 65 1 85 0 54 4 12 1 64 0 5 1 65 2 96 4 47 5 84
58 2 67 1 33 7 93 5 73 0 35 6 53 3 85 4 4 2 44 2 57 3 11 6 5 1 81 5 13 1 41 3 43 5 56 5 22 6 39 4 88 3 70 4 69 5 23 5 53 5 79 6 66 2 90 1 3 4 72 3 17 3 82 7 50 3 64 3 76 1 40 1 13 5 30 5 66 2 4 0 68 0 96 7 73 7 70 6 6 6 37 2 59 3 61 5 98 6 20 0 35 5 92 7 16 6 34 5 14 6 55 2 65 3 92 6 58
67 1 27 7 31 2 39 5 8 4 8 7 99 7 56 7 10 6 54 6 24 6 23 1 59 3 72 5 39 4 39 7 86 5 97 2 99 4 83 7 14 2 55 5 32 1 28 1 56 6 53 3 39 2 87 1 83 0 54 2 49 5 32 0 93 6 92 1 39 0 7 6 79 4 80 1 10 4 13 2 75 2 34 3 37 0 59 7 21 1 92 7 60 5 1 1 22 6 89 7 28 7 33 6 57 6 75 2 16 4 63 2 98 4 77 1 100 4 1 4 76 5 56 3 43 6 99 2 69 7 71 6 2 2 86
59 6 95 6 31 2 19 3 6 5 49 2 70 4 12 3 73 7 15 3 31 1 88 2 56 6 56 7 97 6 42 4 85 6 63 4 49 6 25 4 6 0 42 5 84 5 77 7 68 6 62 2 90 1 49 0 63 2 41 1 41 3 52 1 57 4 37 2 70 5 9 4 79 3 57 4 97 0 54 0 63 4 80 6 33 1 54 3 21 4 72 6 18 4 83 3 70 4 32 0 51 6 77 4 29 1 44 6 48 4 67 1 19 4 95 0 64 2 31
38 4 37 6 22 2 7 7 84 2 6 2 46 1 1 6 22 1 64 3 63 5 14 6 45 5 23 4 36 3 69 2 36 4 68 0 27 0 94 4 72 0 99 5 6 7 71 0 24 3 17 5 67 1 57 7 33 4 93 7 24 5 96 3 61 3 63 7 27 4 55 0 26 7 23 2 22
91 5 87 2 17 2 28 0 47 3 77 0 48 7 25 3 67 7 65 3 43 3 70 4 86 1 23 2 42 4 92 1 10 4 53 1 65 6 81 1 60 7 73 2 32 1 21 6 53 4 76 6 55 1 35 4 72 6 71 3 19 2 56 4 23 3 14 0 51 1 19 6 51 2 20 2 85 0 56 2 34 0 5 5 51 3 31 7 51 6 79 6 42 0 90 0 34 1 27 5 6 2 39 1 42 0 65 6 2 2 25 5 27 5 83 7 74 7 77 5 63 0 82 1 17 4 48 5 78 6 8 3 61 0 99 4 12 3 69 7 40 6 60 4 62 5 35 5 92 5 98 2 67 5 57 2 17 6 94 2 84 1 45 1 31 5 74 4 55 2 47 1 2 4 52 3 67 0 49 3 65 4 62
2 4 23 1 99
69 6 85 3 36 6 66 6 56 2 89 5 31 7 54 7 15 5 84 4 17 3 24 4 84 3 94 5 77 0 58 1 56 3 63 0 36 7 64 7 24 7 61 3 78 5 51 7 71 7 98 7 55 5 17 3 88 2 46 6 34 2 10 6 78 0 4 5 86 6 70 7 93 2 80 4 10 5 55 3 94 3 6 2 42 4 2 3 95 5 96 5 7 0 34 5 83 0 70 7 80 2 42 4 46 4 10 6 45 6 94 2 48 5 11 0 45 0 26 6 10 2 24 0 69 5 67 0 34 3 64 1 85 5 20 3 92 6 85
97 0 56 6 1 3 22 0 60 1 91 4 44 6 95 0 26 6 10 6 7 5 42 0 58 1 62 5 83 6 34 3 1 0 61 6 57 7 15 3 57 2 46 5 70 2 99 1 6 6 38 1 86 1 32 0 29 0 7 7 81 1 29 3 45 2 15 5 8 4 97 3 37 4 35 3 29 5 16 6 29 4 24 5 1 2 84 7 37 4 93 3 58 0 35 4 67 0 66 0 22 2 1 1 50 4 18 0 84 5 75 1 58 5 99 6 75 0 88 7 93 0 33 2 48 1 65 1 67 2 16 1 20 3 70 0 20 5 93 0 93 4 11 4 30 6 50 2 78 6 30 3 64 7 41 5 47 2 4 6 62 3 68 1 76 6 51 0 62 2 55 0 23 3 66 1 61 6 98 0 89 5 5 3 15 6 55 7 38 3 50 2 69 6 85
80 6 67 7 62 5 83 4 30 4 50 2 39 2 88 1 25 2 54 4 34 4 65 1 93 0 47 5 6 0 96 6 25 7 56 2 3 1 24 0 68 1 62 2 51 1 82 4 81 4 48 5 9 5 26 5 61 2 15 2 100 7 80 0 88 7 40 2 47 3 62 7 47 5 2 3 81 3 84 1 53 5 77 4 86 6 83 2 44 5 16 1 63 0 52 0 24 1 26 3 8 6 59 6 80 1 68 6 15 2 27 1 18 0 97 7 84 1 10 5 18 1 97 7 90 4 8 7 52 5 7 4 47 5 13 3 83 3 10 2 83 1 45 2 47 7 1 5 19 3 100 2 98 0 69 7 59 1 78 6 79
97 6 31 1 25 5 58 1 31 2 39 7 72 4 23 2 57 4 10 5 37 5 85 6 42 4 31 1 32 3 39 3 80 6 84 4 29 7 56 4 75 6 78 5 68 7 40 5 46 6 38 1 16 0 63 6 50 3 93 1 28 5 95 4 24 1 70 7 17 6 26 2 22 4 62 2 53 5 54 7 82 2 78 1 71 0 89 1 45 2 90 0 5 2 77 4 92 7 19 4 94 7 87 4 23 7 94 4 8 3 16 5 91 3 13 4 91 3 33 6 71 1 17 2 98 2 47 1 84 5 65 2 43 0 60 6 83 1 29 7 38 3 6 7 60 4 76 1 84 4 94 3 44 7 16 1 14 4 83 4 24 7 47 4 14 5 6 1 40 5 4 2 14 4 47 2 73 6 31 5 64 0 15 7 96 5 33 4 72 1 77 2 45 0 56
34 4 54 2 22 5 33 5 38 2 46 6 47 1 47 4 59 1 63 7 72 5 55 7 65 6 9 7 45 4 11 7 91 5 98 3 62 0 53 4 27 4 17 2 24 5 5 6 20 1 49 0 53 0 100 7 35 2 39 6 36 6 16 4 13 4 78 4 13
7 0 5 1 69 4 26 4 96 6 6 2 3 6 100
81 4 93 0 47 5 92 0 50 4 39 2 82 3 54 5 73 5 47 0 45 1 5 0 61 1 37 5 40 2 41 4 70 6 35 1 91 0 82 1 99 4 4 5 96 2 72 0 66 6 80 6 36 4 50 0 77 3 51 7 65 1 13 4 2 3 61 6 73 2 39 4 59 6 49 3 79 7 6 4 50 7 91 2 69 5 71 4 1 2 20 4 13 7 44 1 26 6 33 2 56 2 27 0 17 2 16 0 73 1 23 4 16 7 26 0 45 1 90 6 76 6 51 7 15 5 55 1 100 4 34 7 61 2 41 1 94 2 11 4 7 2 28 7 34 3 90 4 1 2 50 1 30 5 57 5 71 5 58 3 86 1 43
83 5 60 1 55 5 10 3 43 6 2 1 46 6 19 0 64 2 76 3 72 5 12 2 76 3 40 7 44 4 66 7 65 1 94 7 76 6 84 0 49 5 21 6 18 5 71 2 17 5 34 0 11 7 6 7 12 0 21 3 7 3 66 5 68 3 61 6 66 2 29 0 79 6 75 1 75 7 28 7 97 2 7 7 11 0 13 2 100 4 43 2 61 6 64 5 43 3 77 2 80 5 14 2 30 1 69 3 79 3 54 4 69 4 94 0 99 4 61 6 98 0 76 6 84 5 41 6 6 4 91 2 36 0 26 2 79 0 81 5 60 0 18 7 94 5 80 2 11 7 86 4 85 3 21 5 26 7 25 2 25 3 1 1 72 0 100
28 3 98 6 68 2 2 0 37 3 66 1 45 4 50 2 36 2 9 6 67 7 76 3 54 1 11 5 74 3 2 1 43 7 9 5 68 0 90 3 35 1 91 6 20 7 42 2 41 7 75 7 54 5 87 2 19
83 4 90 4 42 2 73 2 3 1 26 0 52 1 56 6 22 1 44 6 37 5 21 0 75 0 83 1 18 3 81 2 82 4 12 7 24 0 4 2 24 0 62 2 20 7 10 7 56 3 5 7 84 3 40 0 97 3 82 2 21 7 46 5 83 2 92 0 47 3 75 5 48 5 53 6 52 2 39 7 56 6 38 1 67 5 31 1 49 2 99 6 67 1 94 4 49 7 83 3 33 6 97 3 37 6 42 6 73 2 86 5 14 1 70 1 47 4 29 5 97 4 10 3 91 6 64 1 24 3 6 5 61 0 30 2 16 3 4 6 73 2 42 2 62 0 43 4 100 6 41 6 30 1 96 6 65 1 59 3 99 7 75 3 79 1 22
72 4 92 7 16 7 98 4 12 5 68 4 95 2 39 7 38 3 98 5 40 1 20 2 50 4 54 2 99 6 89 3 93 1 8 0 61 1 5 4 48 6 54 3 9 1 51 4 89 3 57 3 10 0 86 7 13 3 26 7 63 3 35 7 57 5 62 4 18 6 72 0 35 5 52 2 46 3 23 2 51 5 99 4 100 0 35 3 47 7 100 2 13 1 42 6 83 0 93 6 30 0 90 0 48 3 45 2 75 1 47 1 98 7 14 5 19 3 95 1 53 2 100 5 58 1 28 3 27 4 6 4 55 0 62 3 37 7 83 2 83 0 70 7 79
97 5 75 6 30 2 26 5 26 7 73 6 92 0 50 2 55 0 9 4 15 5 96 6 20 6 72 1 48 4 97 0 42 1 44 7 42 3 50 4 33 7 36 1 57 6 20 3 19 7 98 0 35 1 19 2 99 5 55 2 3 5 72 7 49 5 90 2 100 3 93 4 4 3 41 6 12 1 25 3 85 1 69 0 10 1 94 6 31 0 1 2 74 5 44 6 13 3 93 6 81 5 14 4 65 7 80 7 75 5 81 5 26 7 47 7 25 4 87 3 36 5 56 5 100 6 66 1 24 5 92 7 4 4 85 4 79 3 58 7 14 5 54 4 50 1 22 3 14 2 70 7 21 2 43 5 34 1 66 5 22 0 28 2 2 6 13 2 100 0 40 7 71 3 3 1 57 7 78 6 36 1 32 2 64 0 83 2 52 2 51 7 52 4 91
30 5 88 3 2 2 35 2 2 3 90 4 11 3 23 4 25 3 49 5 56 0 91 7 94 4 1 4 85 1 71 6 12 7 84 6 25 0 79 5 84 7 34 4 34 1 67 2 85 2 21 0 89 3 59 0 64 4 51 3 43
54 4 68 0 70 4 16 0 77 7 84 1 65 2 37 1 15 5 47 1 88 7 20 3 54 4 85 6 100 3 5 5 62 6 34 6 71 4 45 4 18 1 16 7 51 2 78 3 72 7 78 7 93 4 20 1 82 6 96 6 49 6 7 3 57 6 40 2 100 3 96 4 32 5 75 4 33 4 58 4 52 3 90 2 86 4 21 4 78 5 42 3 11 5 7 0 25 4 9 7 62 7 67 2 10 1 27 7 89
51 4 90 0 77 7 76 0 83 2 20 5 98 0 44 4 33 7 53 2 22 3 95 7 28 4 85 6 2 3 8 7 71 1 80 1 43 7 23 5 66 2 52 5 40 3 40 2 48 1 95 5 26 3 6 6 27 2 50 4 42 3 30 6 11 2 20 7 69 6 77 3 69 6 82 3 61 4 1 3 71 0 9 6 26 7 51 0 62 4 6 7 94 7 50 0 19 4 93 0 78 6 74
28 7 34 2 19 5 8 1 69 3 26 0 38 0 76 0 90 4 29 1 69 5 20 7 28 7 80 2 85 2 27 0 34 7 47 5 92 5 95 7 6 1 21 1 39 2 54 4 39 7 55 3 99 3 28 5 70
74 3 14 6 50 1 80 7 91 7 63 2 22 0 46 6 16 3 58 4 48 7 39 4 59 0 42 5 34 5 82 4 94 3 33 1 45 1 12 2 82 6 62 6 25 0 15 4 78 7 81 2 18 3 56 1 27 5 51 3 65 1 73 0 68 5 98 4 43 6 89 3 34 6 5 6 69 7 7 0 49 6 56 4 24 6 33 0 59 6 33 4 24 2 67 1 19 5 2 3 93 6 40 6 32 3 53 5 4 1 94 4 2 5 90 0 56 7 14 0 11 2 12 7 45 1 7 6 18 7 36 2 26 6 83 4 82 3 90 7 43 1 49 3 26 3 53 7 60
84 1 8 7 59 0 37 5 1 2 63 0 72 6 65 6 43 2 76 0 79 1 51 2 41 1 37 2 31 0 18 6 45 0 86 5 73 4 81 0 65 2 60 6 44 2 49 4 56 0 25 4 60 0 42 2 72 5 56 3 26 1 41 6 17 5 49 6 31 7 80 1 11 3 80 3 17 6 90 3 54 3 75 3 70 3 48 2 20 6 62 6 26 2 18 6 45 0 69 5 20 0 54 7 64 5 9 0 79 6 72 7 51 5 43 3 34 7 91 3 70 4 64 7 72 7 81 5 3 3 82 1 76 1 58 1 97 4 17 0 26 6 86 4 6 4 1 4 33 2 65 4 61 1 99 6 1 2 33 7 15 6 9 1 20 0 6 7 83
93 4 91 6 39 0 75 1 33 0 69 5 6 3 53 5 17 3 60 7 1 5 38 5 31 1 47 3 61 4 87 3 95 0 14 3 5 7 40 2 90 3 100 3 95 7 39 5 7 5 49 2 40 0 91 4 27 3 13 7 82 3 31 2 74 1 1 4 77 7 56 0 28 3 73 2 60 7 55 5 26 2 66 3 16 7 76 1 23 1 2 5 24 0 28 0 89 2 70 0 22 0 37 1 47 0 20 1 74 6 33 6 37 6 59 1 27 7 88 1 52 5 42 5 27 3 70 1 54 7 76 5 33 1 7 0 47 2 75 0 16 4 14 2 60 2 91 3 58 3 6 6 27 5 65 7 83 5 31 0 11 6 79 4 95 3 95 2 32 3 23 4 12 0 83 6 14 7 67 4 96 0 30 2 41 6 40
35 2 68 7 88 6 89 4 61 0 42 2 80 6 38 1 24 3 56 5 60 2 41 5 32 5 71 7 68 0 45 2 35 6 14 0 35 1 33 2 35 6 16 0 14 3 99 3 50 5 12 4 43 0 19 2 90 0 82 7 20 4 20 0 9 0 1 2 46 0 19
72 3 47 3 52 7 26 7 26 4 86 3 53 3 39 6 40 7 4 3 25 3 5 3 40 3 59 6 23 5 41 1 10 2 7 2 23 7 68 6 61 0 86 3 20 5 40 5 54 2 24 4 62 3 3 5 47 2 77 4 46 6 77 0 36 6 54 5 7 6 40 0 36 3 10 7 89 3 16 0 51 7 85 7 39 1 51 4 31 6 86 2 80 6 17 0 75 3 30 3 55 7 75 5 52 2 53 0 32 1 12 7 68 5 99 6 18 5 68 3 9 4 90 1 36 6 45 0 67 0 48 1 37 7 76 7 68 7 13 3 81 2 99 0 91
20 1 43 6 92 0 29 6 58 3 93 1 96 1 67 6 64 4 47 0 80 2 99 5 100 0 35 0 10 3 50 6 26 0 13 6 12 7 80 0 77
82 5 83 7 12 5 68 7 53 5 78 2 54 0 90 0 49 2 11 6 68 3 5 2 3 0 30 5 23 6 10 4 68 0 61 7 76 0 71 6 93 5 83 2 26 5 73 0 39 4 74 5 47 7 67 3 26 2 98 4 25 4 15 4 81 5 33 6 42 7 33 2 29 0 99 7 98 6 29 6 33 0 48 6 54 6 7 3 44 6 65 4 67 2 94 2 78 2 75 6 88 2 53 5 20 4 60 0 25 6 45 6 8 3 32 7 13 7 77 3 69 6 85 2 65 2 87 2 60 7 97 3 52 6 26 4 15 0 76 7 96 2 55 1 69 4 73 4 4 3 93 2 59 2 92 6 11 0 64 3 100 7 98 4 78
21 5 37 0 4 1 9 6 58 4 73 4 74 3 96 4 39 5 42 1 21 7 100 4 67 7 54 4 71 0 60 3 37 7 15 2 14 1 79 2 71 7 44
47 6 37 1 8 2 89 1 22 7 37 2 87 0 73 1 27 6 91 6 81 0 34 3 79 1 14 0 28 7 69 1 22 2 96 0 32 1 29 0 86 1 85 2 53 4 36 5 46 3 88 6 59 4 31 2 42 7 30 5 47 7 82 7 35 6 83 4 78 5 63 0 34 4 23 0 28 5 65 4 97 4 24 2 14 0 92 0 44 6 37 3 46 2 62
18 2 23 1 64 3 8 2 99 6 97 2 44 3 36 4 17 7 15 2 39 0 4 5 89 1 27 5 92 0 26 1 53 5 76 6 23
42 5 80 5 89 7 41 5 87 2 68 5 64 1 64 1 21 5 60 1 79 0 93 4 74 2 78 5 79 0 88 6 1 7 28 4 31 7 21 4 2 6 40 7 49 0 49 6 6 2 47 5 36 1 74 5 27 1 41 2 97 3 19 2 13 5 76 7 2 1 29 4 85 4 45 3 24 5 99 5 84 6 37 2 98
62 7 93 1 58 6 21 0 20 3 28 1 10 2 54 2 18 0 47 7 19 5 16 2 76 1 30 3 93 4 10 6 21 0 15 1 24 7 13 2 82 0 83 4 16 6 54 5 32 0 71 1 56 7 76 4 41 2 97 2 87 7 19 4 46 4 2 7 55 3 27 5 36 7 31 2 6 1 45 5 53 1 28 0 83 1 97 4 86 5 80 5 37 2 43 1 78 7 1 7 72 7 17 2 7 3 57 5 33 2 30 0 13 5 50 0 43 5 88 1 76 3 69 3 9
25 2 44 3 26 4 60 4 64 2 42 3 47 2 23 6 5 5 33 1 59 0 68 4 8 0 92 3 60 0 100 6 45 0 48 7 5 5 94 7 97 6 60 4 86 0 90 4 18 6 51
88 4 44 7 19 0 8 1 45 5 68 1 70 0 25 7 84 5 56 3 3 0 87 1 43 6 29 1 60 0 9 7 68 4 90 1 94 6 90 2 52 6 41 3 61 4 16 5 43 6 23 0 39 2 1 6 66 3 66 2 31 7 41 0 32 2 91 0 41 5 73 3 5 5 89 2 84 2 100 1 86 6 42 6 59 7 39 3 85 1 42 7 25 5 14 7 25 6 2 4 91 3 68 3 55 2 32 5 74 5 95 7 15 5 55 3 22 5 49 5 48 4 25 0 33 7 1 7 94 6 91 6 65 0 46 5 16 5 100 2 43 2 64 5 85 2 33 3 13 7 21 1 30 1 63 3 1 2 67 2 52 6 29 3 97 4 100 0 79 7 57 4 85 6 98 0 45
41 1 24 3 75 1 24 6 93 3 21 5 10 0 19 1 82 6 79 3 52 2 3 0 26 0 64 3 11 4 76 0 99 5 2 7 43 7 71 0 28 3 100 6 59 0 40 1 57 6 5 1 18 3 57 7 96 2 92 0 99 7 20 5 78 7 83 6 87 2 87 1 12 2 18 0 68 2 21 0 47 6 30
21 0 83 6 26 6 60 4 44 1 70 7 42 1 1 1 9 1 30 5 65 1 12 0 46 4 92 7 8 3 11 7 38 5 66 1 7 4 21 1 34 1 98
61 6 64 3 11 2 35 1 49 3 81 4 21 6 39 2 59 2 17 2 5 0 45 6 42 2 62 0 74 7 52 3 62 7 4 0 71 2 59 1 5 1 63 0 12 4 12 0 24 6 100 6 79 4 73 5 52 2 63 0 3 3 78 6 11 5 57 1 8 7 52 2 53 4 4 7 71 2 80 7 51 5 63 2 70 6 25 1 71 0 71 1 47 7 35 3 58 0 86 3 71 3 96 3 48 3 1 3 58 6 84 6 55 1 22 7 72 6 91 7 9 3 61
20 5 88 2 73 6 57 2 15 7 33 7 34 3 98 3 54 3 5 7 41 2 13 5 64 3 13 4 87 1 86 3 78 4 76 0 85 0 20 6 26
26 7 71 5 9 0 83 7 77 4 77 7 55 6 93 3 39 5 25 6 74 3 81 1 100 2 100 2 76 1 82 1 28 2 80 3 79 3 84 0 9 6 19 4 98 1 78 7 49 4 40 1 62
51 1 9 6 43 2 68 3 98 6 28 1 44 5 11 7 5 0 73 5 68 2 94 0 94 6 32 6 75 0 25 4 12 0 12 6 57 1 92 6 91 5 99 3 63 2 54 6 44 1 90 5 17 1 61 4 20 1 15 2 2 2 43 2 23 6 12 5 14 3 34 6 38 4 43 4 12 6 4 0 58 6 39 3 9 3 10 0 17 1 10 2 97 3 55 0 90 4 94 7 51 0 70
36 1 11 4 62 5 83 0 2 1 32 0 57 4 32 0 90 3 5 5 6 5 14 7 59 0 42 0 92 6 43 0 68 1 68 2 38 5 99 1 26 4 45 7 67 2 63 3 9 2 65 2 52 1 82 1 20 1 57 5 44 3 43 2 95 7 41 0 41 5 98 0 81
72 1 21 2 22 5 56 2 100 4 66 4 27 2 44 6 31 2 50 0 24 2 28 0 47 6 75 0 72 5 96 4 99 1 57 5 70 1 90 4 19 1 46 5 40 5 62 7 48 4 26 6 12 4 21 1 41 3 48 2 27 3 74 0 50 5 54 5 59 1 2 4 76 7 58 0 92 0 25 3 18 5 65 1 47 4 41 4 18 3 80 5 41 4 65 7 22 6 48 5 82 3 71 3 10 0 10 1 51 0 50 5 81 6 93 1 10 1 56 2 50 6 22 7 22 2 59 2 26 4 7 3 48 5 65 3 21 3 96 7 4 4 55 6 59
61 4 74 7 88 1 9 2 23 4 16 0 50 1 62 5 52 6 65 1 29 3 94 6 1 4 54 5 24 5 19 7 91 1 18 4 88 5 14 7 93 1 64 5 52 2 18 2 50 7 60 7 71 2 24 5 52 6 86 1 67 0 59 0 92 3 70 7 78 7 92 3 56 7 17 3 9 6 93 4 66 2 98 0 45 7 62 0 76 5 7 0 34 3 57 5 82 6 51 2 28 5 36 1 46 5 99 2 46 5 19 7 62 3 52 6 17 2 8 5 31 6 10
49 1 18 6 17 6 94 5 28 1 96 4 31 1 100 6 95 5 70 7 77 5 99 1 52 7 58 5 72 4 88 7 37 2 51 3 39 1 26 0 11 6 57 1 68 3 48 5 45 6 54 6 73 7 6 7 88 7 33 3 62 5 36 3 31 1 80 3 8 3 21 0 67 7 81 5 69 0 63 4 12 2 84 3 26 0 46 5 24 7 75 6 71 5 13 1 70 3 13
88 3 37 6 7 5 79 7 19 4 69 6 63 7 60 1 96 5 85 0 6 5 90 3 77 5 100 6 14 3 47 1 85 0 98 3 93 7 51 7 11 7 88 1 23 1 19 1 23 2 45 7 48 2 36 0 82 5 97 3 24 7 21 7 65 6 34 3 34 7 17 4 85 7 3 4 31 4 97 1 49 0 91 4 63 0 71 6 48 7 36 5 78 5 59 0 52 1 79 1 89 3 83 4 14 4 36 4 68 6 11 0 40 7 96 6 27 2 56 4 67 4 40 2 49 3 25 3 21 1 59 7 44 7 98 0 6 7 88 6 33 0 83 4 5 5 27 2 31 3 68 5 53 7 46 4 62 5 8 1 75 5 13 0 20 0 14 1 70 5 3 4 41 0 45 7 96
83 0 91 2 42 0 92 6 22 5 79 3 80 7 84 4 98 5 4 5 11 3 2 7 1 7 69 6 95 2 69 0 64 6 84 5 89 3 32 0 88 7 37 5 29 2 75 3 98 2 53 6 58 1 94 4 51 1 97 6 25 5 99 0 46 7 36 5 68 1 8 0 48 0 47 0 97 5 47 7 36 6 63 2 77 5 57 2 69 4 4 0 55 7 4 1 57 4 21 2 17 4 58 2 18 7 87 0 59 3 94 2 99 1 74 5 16 3 61 3 93 2 55 2 93 4 4 3 93 1 23 4 45 4 43 6 31 2 26 6 96 5 79 1 80 5 41 1 58 7 4 3 64 0 46 3 98 2 88 0 90 1 61 4 85 6 81
41 5 41 6 25 6 81 7 50 5 8 4 95 2 9 5 14 0 5 6 64 5 46 4 44 4 9 0 55 3 74 1 76 6 49 5 91 2 92 6 59 2 30 2 42 6 28 6 72 3 40 5 52 4 81 1 14 4 4 5 82 7 38 7 91 1 47 6 83 5 35 3 21 4 54 5 56 0 13 0 78 4 98
6 0 84 1 68 7 74 7 10 7 88 6 93
96 4 99 6 49 1 53 6 31 0 73 1 30 7 51 3 92 0 87 1 95 0 7 0 80 1 52 2 79 3 74 4 68 5 96 0 69 6 35 0 85 1 92 7 80 1 80 2 13 1 15 7 73 6 59 4 82 3 24 4 28 2 60 6 95 0 52 1 70 1 63 2 64 6 49 4 1 2 39 7 42 0 89 3 66 6 1 2 78 6 72 7 68 0 32 6 63 0 92 1 32 0 51 5 63 7 52 0 1 5 76 5 33 4 15 1 38 2 86 5 52 2 16 4 91 6 90 4 45 2 44 7 15 2 26 5 1 5 61 0 6 4 58 6 49 3 53 1 95 6 75 6 93 5 76 5 17 5 82 2 30 3 92 7 63 1 10 2 80 1 59 5 1 1 13 1 73 4 40 3 42 6 18 5 28 7 4 1 4 6 64 6 67
