8 13
6867661 7060306 1899750 4570683 6477834 166112 2221491 6638822
14 5 56 6 20 3 97 2 32 2 100 7 74 5 86 5 43 6 100 7 71 7 97 2 98 4 29 1 96
6 3 12 4 44 1 61 1 100 5 22 5 85
19 2 13 7 53 1 39 3 80 6 43 3 42 7 5 1 17 7 29 5 94 5 89 7 71 1 67 1 20 1 15 5 49 0 10 0 1 5 64
81 1 61 7 90 2 35 7 58 2 86 0 31 2 41 1 21 5 65 3 1 1 70 6 1 1 56 6 70 7 43 1 61 2 84 6 89 4 36 1 71 7 56 6 93 3 99 2 3 0 6 3 66 3 41 7 93 7 79 5 14 3 59 2 16 6 4 1 62 3 46 3 21 7 25 2 30 4 98 0 17 4 30 4 9 7 77 6 93 2 84 3 2 2 65 7 3 5 47 0 90 7 38 6 56 5 87 7 36 6 77 1 94 1 67 3 79 6 58 1 85 2 28 3 19 2 21 0 71 3 48 2 84 0 87 4 81 3 81 1 88 3 82 0 43 2 84 2 75 0 46 4 69 6 58 1 38 7 64 0 47 0 50
84 2 9 3 44 6 43 5 47 2 49 4 64 4 94 0 89 0 56 1 30 5 83 4 79 4 80 6 66 7 77 7 54 0 44 5 18 7 33 7 36 3 65 5 92 4 94 0 29 1 28 1 76 4 56 4 73 6 51 4 75 3 40 1 76 3 69 3 22 6 2 3 67 4 25 2 67 2 15 1 79 5 78 7 27 7 37 1 16 7 66 7 6 6 17 1 56 2 82 4 100 1 83 4 63 7 10 3 55 5 91 7 10 3 75 5 22 5 3 7 73 3 44 4 47 7 83 2 40 3 64 1 35 1 45 3 38 2 61 5 6 3 4 6 55 7 89 0 36 1 27 4 45 5 66 6 42 3 44 3 14 0 77 5 25 3 40 4 40
81 5 57 0 72 5 17 4 26 1 92 2 17 4 22 5 54 0 16 7 9 0 22 7 17 1 100 5 84 1 11 4 78 0 77 4 83 1 49 4 74 0 13 2 84 3 84 7 29 1 71 1 23 0 73 2 72 0 67 3 42 4 98 5 91 7 77 6 99 6 92 4 62 7 16 2 19 0 86 6 54 1 15 1 59 7 68 7 71 5 49 4 19 1 41 1 22 4 4 6 54 3 15 4 29 6 11 7 38 1 32 1 46 3 2 5 82 4 77 5 85 4 33 4 61 5 34 2 86 7 71 2 95 2 96 3 53 6 54 5 100 5 96 4 13 6 30 6 80 4 4 1 32 1 74 2 9 6 69 7 87 5 48
77 2 33 5 55 7 57 3 87 6 18 7 94 3 4 0 66 4 94 3 67 3 8 0 53 5 60 6 10 0 43 7 92 4 64 1 92 6 43 0 89 4 33 2 9 1 30 1 41 6 2 1 1 5 78 4 37 0 95 1 73 0 17 2 64 2 88 4 92 2 22 2 57 0 95 5 46 1 1 6 28 6 24 3 61 2 42 7 14 7 43 3 66 6 31 7 83 5 75 5 11 0 88 3 75 0 91 4 49 5 35 1 83 4 96 3 54 0 49 3 49 0 14 5 95 0 23 5 12 3 5 5 96 5 89 6 60 3 86 3 89 3 12 7 95 3 3 4 75 5 100 7 10 1 65
47 7 4 7 80 7 9 3 77 6 49 1 8 3 83 4 5 0 42 4 82 2 63 3 41 3 76 4 64 3 74 2 13 0 30 3 84 2 10 3 96 2 13 5 25 7 87 4 15 7 12 3 8 4 42 2 57 7 88 5 54 7 41 2 58 3 51 7 39 1 21 1 41 4 31 5 83 0 98 1 67 1 12 3 8 2 18 0 40 5 97 5 21 1 23
82 6 76 2 73 5 41 3 48 7 10 4 95 1 90 6 70 2 35 3 51 4 23 6 70 7 79 6 83 7 82 4 83 4 13 3 81 6 76 3 58 7 31 1 25 7 37 0 26 1 13 6 55 3 65 6 35 0 61 1 99 2 31 6 60 2 72 5 68 5 29 4 20 6 67 4 75 4 25 7 82 3 67 0 77 1 62 5 98 4 41 1 80 7 39 4 89 7 60 4 77 3 71 4 6 0 19 3 58 7 4 4 95 3 51 5 59 6 44 0 56 2 64 0 28 5 94 1 14 4 33 5 36 4 97 0 41 3 78 4 10 4 45 5 11 5 98 1 16 2 2 5 4 3 32 0 34 0 19 2 99 4 68 0 11
44 3 13 6 41 7 89 1 16 0 47 3 86 6 93 2 47 3 73 2 22 0 18 4 30 1 23 5 17 6 41 5 54 6 50 4 51 1 19 7 55 5 76 7 26 1 64 2 23 5 81 5 18 5 38 6 73 7 58 6 18 3 71 1 84 0 97 2 8 6 80 4 63 0 48 0 33 5 22 1 96 7 23 5 94 7 98 3 47
81 7 2 0 22 5 98 7 11 2 41 2 97 6 44 5 26 2 39 3 48 1 15 5 83 6 35 0 33 2 7 2 62 0 4 1 81 4 66 4 73 3 36 1 19 5 79 3 50 0 66 2 14 6 68 7 33 2 4 1 27 5 91 7 57 6 74 2 49 2 7 1 94 1 35 2 89 3 27 4 32 3 62 3 92 2 41 7 83 2 53 2 65 1 56 4 41 0 21 4 32 5 85 6 88 7 4 4 40 1 80 1 83 6 71 5 65 3 66 3 100 3 51 0 8 5 34 7 68 1 21 3 84 6 90 2 60 0 86 0 38 7 55 2 20 6 41 4 71 4 80 2 60 3 17 2 40 5 33 7 23 0 18
40 4 13 4 69 0 77 2 49 0 21 2 11 0 34 4 12 4 34 0 88 5 33 6 2 2 48 6 89 2 49 5 34 5 69 0 95 1 74 0 83 5 71 1 71 7 35 4 92 3 54 5 48 4 90 4 82 7 92 3 51 4 71 5 58 5 41 0 80 1 17 6 94 7 51 4 14 3 88 5 94
18 1 18 3 15 2 4 0 88 6 67 0 33 6 80 3 63 2 45 1 7 0 34 0 8 5 85 0 23 1 47 1 61 0 36 3 99
