4 87
9262679 6622682 2572325 4070486
79 2 56 0 15 1 98 1 57 2 22 2 83 3 45 2 57 2 34 1 97 3 1 2 53 1 30 2 60 3 14 1 32 3 81 2 61 1 29 2 57 2 95 0 23 1 26 1 77 1 24 2 99 0 15 0 92 2 74 3 97 1 82 3 3 1 40 1 15 2 78 1 9 3 97 2 23 2 21 3 32 0 78 0 64 1 60 0 82 3 25 0 35 1 89 2 19 0 32 2 92 1 74 0 86 3 73 2 58 3 36 3 67 2 30 2 35 3 1 3 46 1 52 1 77 3 12 1 73 0 46 1 46 0 32 2 48 0 2 0 73 2 57 2 100 2 43 1 31 0 30 3 7 2 79 2 80 3 27
65 1 34 3 19 1 44 0 24 1 18 1 4 1 24 3 85 2 22 2 84 3 93 3 74 1 14 2 54 2 55 1 25 2 27 3 83 0 92 0 8 1 66 0 20 2 52 1 78 0 7 2 16 1 62 0 6 0 48 2 84 3 11 3 98 2 33 2 37 2 32 3 25 3 41 0 86 0 65 0 63 2 6 0 89 0 17 0 16 0 46 1 9 3 19 2 21 1 97 1 24 3 85 1 36 3 93 0 75 2 28 3 44 0 65 1 73 2 43 1 46 1 67 3 97 0 52 1 69 2 66
36 0 57 3 75 1 36 3 26 0 94 1 74 3 26 3 59 2 8 1 14 1 83 2 34 2 27 2 63 3 79 0 93 3 77 1 2 2 26 1 84 0 88 3 100 0 17 0 4 2 73 0 55 0 87 2 66 0 76 2 89 1 77 1 69 0 94 1 10 3 54 0 6
61 3 32 2 70 2 89 2 26 0 9 0 7 2 52 3 96 0 77 0 92 3 25 2 71 2 77 2 65 2 72 0 92 2 46 0 35 2 93 2 89 3 3 2 94 0 61 0 24 3 21 2 67 1 64 0 32 2 100 0 34 2 56 2 54 2 56 1 86 2 47 0 86 1 13 0 21 2 95 0 8 2 73 2 24 3 77 1 9 3 16 2 50 3 76 1 58 0 25 0 42 3 15 2 68 0 33 2 21 0 92 2 27 2 52 0 26 2 62 1 63 0 54
93 2 65 1 90 0 50 0 53 3 89 0 88 1 19 1 16 2 39 0 21 2 1 2 35 2 23 1 65 0 17 1 82 0 20 1 30 2 77 0 69 0 12 0 59 0 63 3 82 2 61 0 69 0 74 0 28 1 73 1 66 2 66 0 78 2 26 0 75 2 76 2 31 1 58 3 39 2 67 3 35 1 77 2 26 3 46 2 8 1 29 2 17 1 4 0 50 3 52 0 48 0 59 1 75 2 29 1 78 1 10 0 14 0 77 1 43 0 59 1 81 2 84 0 71 0 73 3 30 3 100 0 51 2 11 3 66 1 64 0 14 0 68 3 33 2 84 3 59 1 83 1 50 1 48 3 88 2 37 0 31 1 38 1 67 1 80 3 97 0 81 2 87 2 12 2 15 2 34 2 24 2 66 2 55 0 16
81 1 89 0 36 0 73 0 72 0 56 1 57 1 94 0 77 1 3 1 59 2 22 2 6 3 48 1 5 0 89 1 75 2 90 2 70 1 28 1 24 1 37 3 70 2 78 0 49 2 46 2 18 0 13 3 36 3 83 1 9 0 60 3 96 0 70 1 38 0 96 0 88 1 61 0 18 0 23 0 61 1 46 3 44 0 5 3 22 1 44 3 52 3 14 1 72 2 89 1 12 3 56 0 67 0 26 0 2 3 57 2 14 0 97 2 66 3 38 3 25 1 71 3 4 1 22 1 76 3 91 3 71 1 87 1 9 1 78 2 59 1 80 0 12 0 35 0 100 0 57 1 40 0 81 1 50 1 63 3 58 3 69
77 1 77 3 19 0 71 2 94 1 10 2 88 2 28 2 51 1 20 3 90 0 91 1 20 3 16 1 1 3 41 0 87 3 59 3 4 0 42 0 77 0 12 0 100 0 56 0 70 3 33 1 29 2 22 1 68 1 41 3 94 1 71 1 83 0 75 2 62 2 12 1 75 1 15 2 91 1 19 3 82 3 45 2 24 3 67 0 56 0 83 3 59 1 76 2 67 1 89 3 65 2 53 1 53 3 17 3 77 0 97 2 46 1 26 2 70 0 33 1 77 1 19 2 73 3 23 0 72 1 16 2 20 0 44 0 35 3 67 1 49 3 84 0 90 0 2 0 24 3 12 1 21 3 86
42 3 95 3 42 0 21 3 18 2 2 1 36 3 63 0 27 3 16 0 24 0 84 1 18 3 87 0 4 0 22 0 74 3 54 0 32 1 61 0 20 3 16 2 9 2 40 2 65 2 1 0 97 1 69 0 19 3 42 3 95 0 11 2 23 1 9 0 17 3 54 3 30 1 52 3 9 3 47 3 16 0 43 2 84
17 0 30 2 47 2 62 0 90 2 61 1 53 0 39 0 43 3 89 3 74 3 7 0 84 1 7 2 52 1 34 1 29 0 73
69 3 4 2 78 2 67 3 39 1 36 2 99 1 3 3 77 0 67 1 81 2 6 2 53 3 99 0 78 1 70 2 75 0 60 0 62 2 27 1 63 3 24 3 14 2 84 3 77 1 62 0 27 3 7 3 43 2 92 3 96 0 25 2 24 1 94 2 59 2 34 1 14 2 83 2 21 3 72 2 88 2 50 3 1 1 71 3 91 2 12 1 60 3 51 3 7 2 34 2 30 0 70 2 52 2 84 1 94 1 13 1 69 2 72 3 26 0 67 2 7 1 1 1 3 3 81 1 47 1 91 1 19 0 6 3 77 3 99
13 1 10 1 56 0 41 3 58 0 8 3 48 0 65 2 28 3 66 3 3 1 66 2 43 3 46
49 0 92 1 18 2 82 3 90 3 38 3 22 3 89 1 97 1 64 2 26 2 53 2 50 3 92 0 26 2 64 3 25 3 27 2 50 2 92 2 43 3 36 3 52 1 96 0 77 3 16 2 99 0 17 1 14 1 19 2 100 1 27 3 56 2 79 3 71 0 89 1 19 2 55 0 93 2 23 2 91 2 93 2 96 1 11 0 54 0 29 3 35 0 52 3 44 2 22
22 3 54 1 100 0 91 2 25 3 1 0 13 0 60 0 60 2 29 3 81 1 88 0 39 0 21 0 24 3 10 0 93 1 54 1 40 2 43 2 1 1 9 0 38
86 2 94 0 3 0 99 3 79 0 1 2 47 2 54 0 24 2 57 2 91 0 40 3 36 2 84 1 84 0 31 3 85 0 55 2 77 1 49 0 12 0 88 3 44 2 65 2 1 2 28 1 87 3 62 3 85 3 58 2 45 0 98 2 72 2 39 1 78 2 99 3 86 0 33 0 100 3 99 2 22 3 74 0 15 0 11 1 72 2 16 3 38 0 52 1 1 0 52 3 75 3 55 3 85 2 77 1 65 1 21 3 15 2 7 0 35 2 56 2 85 3 54 2 74 3 42 1 58 3 80 3 61 0 86 2 98 2 82 1 41 0 80 3 35 3 72 3 32 0 61 1 30 2 8 1 75 0 17 1 99 0 66 1 17 3 77 2 84 0 89 3 9
24 1 51 2 11 2 83 2 5 3 28 3 28 3 97 1 47 1 61 0 64 2 74 3 59 2 98 0 21 3 80 2 22 0 42 1 1 0 69 1 17 1 99 2 39 0 64 2 60
100 2 54 2 23 1 52 2 50 2 60 1 87 2 40 2 77 2 34 2 75 0 23 2 64 2 45 0 30 0 83 0 57 0 95 2 90 1 17 2 99 0 50 0 71 3 11 2 1 1 90 3 25 0 69 2 65 2 4 0 26 0 4 0 75 2 32 1 81 2 89 3 4 1 81 1 92 0 76 0 64 2 34 3 61 1 66 0 76 2 75 2 32 3 59 2 83 3 65 0 31 2 15 3 82 1 13 0 25 2 4 2 48 1 86 2 24 1 22 2 100 3 1 3 87 3 2 0 13 3 75 1 5 0 79 2 62 3 38 2 23 0 31 3 29 3 27 2 39 0 85 2 40 1 85 0 61 0 83 1 32 2 61 3 59 0 41 2 88 3 20 0 33 2 99 2 75 3 90 2 47 1 56 0 44 1 19 2 29 1 49 3 100 1 32 0 14 0 57 2 6
90 3 16 2 52 0 95 1 99 3 17 0 65 1 20 1 89 2 99 2 70 3 80 2 77 1 57 0 51 0 64 1 2 0 84 2 42 0 7 3 22 0 83 2 24 3 14 2 66 0 21 0 5 2 21 3 97 1 37 1 52 0 38 3 10 3 61 0 72 3 1 1 77 1 73 0 10 2 32 1 89 0 32 1 59 1 87 0 95 2 52 0 1 2 84 0 79 3 12 2 20 2 59 2 11 2 39 3 94 3 39 0 33 3 73 2 6 1 82 2 94 0 21 0 2 0 70 0 66 1 37 3 75 0 42 3 35 0 69 3 78 3 86 0 8 2 57 1 9 2 39 2 40 1 72 2 27 3 91 2 99 3 49 1 13 0 46 1 40 1 8 1 73 0 90 1 37 0 51 3 82
87 3 29 3 65 2 72 2 59 3 58 0 72 1 13 2 98 2 7 1 57 0 68 2 84 3 84 1 37 1 79 2 41 3 83 3 49 3 11 1 90 2 92 0 73 3 46 2 66 1 63 1 13 2 3 2 43 1 46 1 52 0 46 0 89 0 41 3 88 2 38 3 48 2 63 2 59 3 63 2 78 3 6 2 90 1 70 0 48 3 88 1 15 3 66 1 79 3 31 1 69 2 14 3 88 0 62 2 34 0 95 2 92 3 94 0 99 0 73 3 24 1 16 0 40 2 63 0 94 3 41 2 27 0 2 0 7 0 65 2 77 1 19 2 70 2 92 0 16 1 22 0 86 3 87 3 64 0 25 0 92 2 37 3 95 3 39 0 99 0 48 3 64 1 70
54 3 44 3 5 0 12 3 73 2 14 1 31 0 46 1 26 3 88 3 23 2 62 3 58 1 18 2 37 1 3 0 46 3 20 3 9 2 98 3 52 2 78 1 57 0 94 3 45 3 45 3 61 0 3 1 22 1 57 3 22 1 49 2 9 0 73 2 41 0 12 3 83 1 7 0 88 1 74 2 23 1 9 0 35 1 36 1 94 0 32 0 5 1 40 2 28 2 97 1 29 2 38 1 82 2 16 2 82
34 1 50 3 67 1 6 2 90 0 7 2 100 0 47 1 39 3 62 3 51 0 5 2 45 0 26 2 20 2 25 0 75 0 48 0 52 1 98 1 48 2 82 3 33 3 70 1 3 2 79 1 91 2 3 0 77 2 57 0 81 2 22 3 4 1 33 0 50
57 0 68 1 3 1 56 2 54 1 47 1 77 0 83 3 11 2 25 1 68 3 10 3 18 2 8 3 48 0 45 3 74 3 67 1 89 1 19 0 87 3 20 3 89 1 21 0 48 0 59 3 62 1 21 3 52 2 99 0 33 3 57 0 21 1 51 3 76 2 41 3 48 0 36 2 47 3 36 2 16 0 55 3 2 3 45 2 14 1 1 1 98 3 49 1 51 0 79 2 61 3 15 2 59 2 76 2 95 0 45 3 21 3 36
39 2 36 3 27 1 33 3 87 1 29 1 10 3 38 1 85 3 29 2 47 0 46 3 5 0 90 2 71 1 65 3 27 2 83 1 61 2 26 3 55 0 67 0 19 2 20 0 56 1 30 2 6 1 1 2 22 1 94 1 40 3 7 0 38 0 53 2 57 2 85 2 18 2 78 3 5 3 21
4 0 51 2 22 0 13 2 37
5 1 96 0 83 2 83 3 38 0 93
71 0 64 1 18 1 25 0 87 3 9 0 95 0 84 2 15 0 42 0 25 1 27 0 95 1 47 3 97 0 93 1 87 1 50 1 87 3 45 1 46 1 5 2 1 1 18 0 3 0 90 0 67 0 91 1 46 1 96 2 30 2 89 2 50 2 1 0 95 0 11 3 2 1 55 2 55 3 72 3 19 0 62 2 18 2 85 1 82 1 9 1 27 2 1 0 79 0 83 0 71 3 24 2 52 2 55 3 88 0 75 2 12 1 98 0 70 0 38 3 100 3 75 2 4 2 44 1 86 2 7 1 21 2 79 2 67 3 97 1 68 3 15
91 3 8 0 54 2 31 2 9 0 47 2 29 2 21 3 37 0 70 1 63 1 59 3 68 1 4 0 71 0 97 2 85 1 39 2 26 0 58 2 61 3 72 3 51 0 65 0 85 0 94 1 2 3 64 0 77 1 33 3 7 3 63 0 2 2 35 3 65 2 79 0 54 2 28 0 31 2 60 2 79 0 87 0 89 0 2 0 4 3 33 1 41 2 71 1 6 3 27 0 37 1 94 2 23 2 84 2 99 1 24 0 63 1 88 2 47 3 22 1 35 1 9 0 60 1 30 2 59 3 4 0 9 3 54 3 8 1 36 1 65 1 22 3 67 1 24 1 13 2 6 2 61 2 42 2 63 0 1 2 36 1 17 2 63 0 30 1 62 2 39 3 72 2 3 1 51 0 78 3 4 0 60
80 3 18 0 15 2 60 1 32 2 25 3 24 1 58 0 94 3 78 3 51 3 4 1 95 1 91 1 8 3 62 3 49 1 91 1 96 1 34 1 81 2 71 3 50 1 85 1 39 1 34 1 43 0 82 0 6 1 41 1 40 3 36 1 27 3 42 0 37 2 20 1 70 3 90 2 20 1 43 3 13 2 76 2 17 2 38 0 76 3 4 2 37 0 68 1 47 2 54 3 99 3 41 0 46 0 60 2 2 3 28 2 94 1 58 1 38 2 9 0 40 3 10 2 38 3 62 0 2 2 55 2 2 2 39 2 97 2 43 1 11 0 59 2 57 0 16 0 54 0 82 0 64 1 16 3 58 3 54 3 76
45 1 79 3 75 0 72 0 32 0 36 1 17 3 43 2 68 1 30 1 77 0 68 3 93 1 19 0 68 2 50 1 48 2 97 0 64 3 9 3 58 0 33 2 99 3 29 1 52 2 12 1 48 2 83 2 88 1 93 3 46 0 19 1 98 2 90 2 66 3 54 1 17 0 8 1 65 3 71 3 50 2 33 0 67 0 8 1 31 0 89
89 2 72 0 78 2 56 2 53 2 27 3 48 0 85 0 46 1 58 1 89 2 92 0 14 2 57 0 30 1 16 0 54 1 94 0 61 2 25 0 1 1 8 0 23 1 56 0 62 2 11 1 12 1 64 2 15 2 68 2 67 0 51 1 96 1 90 0 35 3 70 3 96 3 41 2 7 0 8 3 74 2 83 1 76 2 12 1 11 0 24 1 50 1 66 3 97 0 67 0 41 1 15 2 1 2 19 0 54 1 78 0 68 1 12 0 96 1 11 0 87 0 11 0 56 3 93 2 87 0 30 1 30 0 53 3 73 3 48 1 70 1 65 3 92 0 56 1 87 1 67 3 61 2 61 3 60 2 6 3 33 2 97 3 34 3 12 3 28 1 59 1 70 2 33 0 64 1 7
6 1 44 3 78 3 92 1 64 2 34 1 33
88 2 80 2 85 1 33 3 56 3 42 1 34 3 45 1 71 2 95 3 73 0 89 3 60 0 90 2 60 2 2 2 30 1 7 2 86 2 4 3 2 3 85 3 32 1 45 0 7 3 55 1 77 3 5 1 57 0 48 1 16 1 23 0 41 0 51 0 23 3 34 2 13 0 13 2 30 1 64 1 65 1 80 2 1 1 78 0 38 1 17 0 6 2 72 2 18 1 13 3 35 1 55 1 67 1 75 0 34 1 3 1 86 0 41 3 43 1 75 1 90 1 58 1 53 3 95 3 48 0 61 0 65 2 3 3 27 3 19 2 24 3 13 2 78 3 11 0 23 1 46 0 12 3 44 3 39 0 14 3 98 3 15 3 24 0 53 3 84 0 46 3 47 3 42 3 25
38 2 94 0 70 0 18 3 97 2 23 3 6 0 53 0 64 0 20 3 96 0 43 0 41 1 60 3 50 1 52 1 55 1 18 1 64 0 19 0 55 0 3 3 21 2 23 2 27 3 76 2 53 2 56 2 96 0 56 1 29 1 56 2 71 2 22 1 48 1 7 1 68 0 65 0 80
8 2 81 0 97 0 42 3 49 2 10 3 62 3 100 0 91
45 2 67 3 63 1 19 0 21 3 97 3 66 1 17 0 82 1 38 0 83 2 42 1 3 1 35 1 37 0 30 0 25 1 32 0 35 3 69 0 73 0 99 0 6 3 64 0 76 1 30 2 4 1 63 3 93 3 95 3 73 1 3 0 68 2 96 1 36 3 8 0 62 2 93 1 87 1 14 0 87 1 97 3 50 2 58 2 27 1 53
83 2 20 2 1 1 5 2 28 0 23 2 49 1 80 3 60 0 88 2 88 1 84 3 100 2 64 3 13 2 53 1 74 1 90 3 54 3 57 3 56 0 55 3 21 1 97 0 89 0 43 0 97 3 39 0 46 0 62 3 45 2 24 2 26 1 8 0 98 2 34 2 78 3 84 2 64 1 12 0 71 0 57 2 91 2 51 1 78 0 51 1 27 3 68 2 5 1 6 1 56 0 64 2 51 0 70 2 43 1 46 0 41 2 52 3 61 0 12 3 38 2 61 3 16 1 6 3 98 0 70 0 82 3 65 0 58 0 46 0 37 2 12 2 5 1 96 2 97 0 28 2 34 0 21 1 18 1 6 1 46 3 62 3 96 2 58
49 3 55 0 97 1 32 1 62 0 17 0 59 0 72 2 98 1 57 2 3 2 18 0 84 3 68 1 44 0 21 2 42 2 93 2 1 2 22 0 53 3 59 3 26 1 7 2 33 3 5 2 26 0 76 3 80 1 46 1 96 0 25 1 54 3 36 0 48 2 94 1 29 2 73 3 64 2 51 2 89 3 20 1 59 2 8 0 58 2 30 3 71 0 21 0 3 3 26
95 3 30 1 100 0 48 3 56 1 86 1 70 2 94 3 92 2 55 1 70 2 61 3 12 0 67 3 53 3 62 2 89 1 54 2 88 3 41 0 23 1 71 1 47 0 2 2 42 0 37 0 62 1 46 3 70 0 44 3 97 0 16 1 14 3 26 2 22 3 46 1 19 0 27 2 79 3 95 1 69 3 62 3 94 1 13 3 70 1 60 3 3 2 22 0 25 1 55 2 59 1 89 0 40 1 58 3 97 0 71 0 33 2 1 1 93 0 92 1 84 3 45 0 20 2 6 1 54 3 76 1 76 3 76 2 79 2 30 2 61 0 46 1 29 1 37 2 14 0 17 0 80 2 27 1 90 2 33 1 2 1 59 3 1 0 40 2 56 2 68 0 90 3 39 3 14 0 38 2 77 2 45 2 39 2 37 1 54 3 7
60 0 80 0 60 2 96 3 27 3 35 3 21 3 5 0 99 2 69 3 1 0 15 1 61 3 53 2 16 2 14 3 1 1 26 0 44 0 31 3 72 0 77 3 3 1 88 1 50 1 85 3 66 0 29 2 25 1 97 0 37 1 33 2 91 2 38 2 2 3 94 1 12 1 52 1 47 1 36 1 90 1 13 3 67 0 72 0 5 1 27 3 56 0 19 0 27 0 21 2 49 1 41 1 71 2 36 3 5 2 94 1 47 0 22 1 99 2 23 0 26
31 2 74 2 1 2 24 2 2 1 52 3 56 1 9 0 58 2 32 2 61 1 47 3 54 2 77 3 63 2 23 1 79 2 88 1 55 3 48 0 53 3 94 0 89 3 76 1 99 0 25 3 90 3 49 2 29 3 39 2 15 1 20
85 3 45 1 59 0 79 2 5 1 97 1 89 3 57 3 40 0 56 2 91 0 88 0 95 0 5 2 16 3 92 0 21 0 2 1 54 2 42 3 28 0 22 3 41 0 87 2 44 1 85 1 5 1 22 2 2 2 60 2 15 3 82 2 80 0 79 2 26 1 63 2 18 0 100 2 75 3 76 2 59 0 8 3 52 3 26 2 21 0 33 0 91 0 47 0 32 2 92 0 68 3 57 3 14 2 93 1 65 0 15 2 20 0 75 1 20 1 3 2 40 3 22 1 84 3 35 3 21 2 14 3 18 1 66 2 83 0 66 2 97 0 68 3 11 0 57 0 10 1 39 0 28 2 97 0 96 0 36 1 91 3 20 3 45 3 38 1 84 1 71
23 3 36 0 86 3 49 1 34 2 63 3 25 2 38 1 58 2 37 2 69 2 1 0 74 3 66 0 38 3 86 2 100 2 83 2 35 3 90 0 18 0 90 3 12 2 74
79 3 40 2 20 0 58 0 5 1 86 3 97 0 86 2 16 0 25 1 48 2 14 1 16 1 82 1 28 3 34 3 93 3 79 0 26 2 3 1 66 2 87 3 14 1 50 3 46 3 51 0 13 3 36 1 9 2 32 2 82 1 28 0 37 2 68 1 67 2 35 2 5 3 38 1 77 3 15 1 42 0 41 2 77 0 67 0 60 3 42 3 50 2 10 1 39 0 83 1 76 2 7 3 86 3 8 1 29 3 83 2 94 0 36 2 29 3 23 3 15 1 46 2 10 2 22 2 20 2 85 0 58 3 53 1 15 2 50 2 45 3 27 3 81 0 13 3 47 2 83 0 18 2 85 1 49 3 67
77 0 54 0 44 1 96 0 86 0 96 0 40 2 86 0 100 0 19 0 14 0 79 3 24 3 93 2 61 0 91 0 1 1 45 1 91 2 77 1 37 0 50 1 73 3 33 3 57 1 25 0 4 2 25 0 94 0 39 3 87 3 42 3 33 1 55 3 21 1 39 0 66 2 19 1 86 0 56 0 46 2 57 1 16 2 63 2 41 2 25 0 85 3 46 2 92 2 99 2 25 3 92 2 22 1 63 2 37 2 17 3 16 1 59 1 93 3 98 0 81 2 32 2 53 0 90 0 9 3 27 2 52 2 62 1 47 1 68 2 56 3 61 2 46 3 82 1 64 0 10 3 12 3 62
98 2 56 1 25 3 80 3 82 2 96 1 54 3 49 0 70 3 44 2 86 3 75 3 98 3 38 3 56 3 94 1 80 1 30 0 30 2 3 1 85 2 87 0 86 1 11 3 28 1 24 3 65 0 19 0 59 3 47 2 99 0 86 1 86 3 6 0 5 3 78 1 32 3 58 1 66 2 98 3 34 0 87 2 25 1 26 0 22 2 58 0 32 0 87 2 13 2 40 2 10 0 51 2 43 2 71 2 90 1 89 1 26 3 99 3 47 0 78 2 19 2 77 2 49 3 59 3 98 0 48 1 5 2 79 3 27 1 82 3 60 1 32 3 54 2 7 1 92 2 30 2 91 0 42 1 20 3 27 0 50 3 54 3 23 0 35 0 15 2 37 1 83 0 8 3 79 3 99 0 73 3 50 3 41 0 24 0 74 2 81 3 24 3 94 3 100
100 3 32 0 2 1 96 0 95 0 66 0 63 1 27 1 67 2 1 0 26 3 93 3 56 2 63 1 68 2 11 0 86 0 16 1 77 2 72 3 60 3 18 3 76 3 60 1 45 3 65 1 93 3 61 3 57 3 80 3 47 2 7 0 41 3 44 2 75 3 44 0 83 2 46 2 17 3 66 3 82 3 38 1 56 0 7 1 89 2 83 0 97 3 92 1 53 0 41 3 61 1 74 2 80 2 96 1 67 1 6 3 31 3 72 2 5 3 50 1 2 2 58 2 45 2 14 3 57 2 46 1 10 2 62 3 15 2 96 0 61 3 4 2 68 0 91 3 84 0 98 0 13 0 24 2 50 0 72 2 83 0 83 2 51 2 61 0 36 0 55 0 38 2 24 2 16 0 52 0 61 0 76 1 37 2 2 3 17 0 24 3 1 2 50 1 56 1 51 0 46
17 3 68 1 32 0 95 1 27 3 1 2 22 0 78 1 40 1 100 3 11 0 83 3 63 3 72 3 60 1 97 2 93 3 87
42 0 50 3 40 1 76 3 13 1 86 2 100 3 3 1 14 3 90 1 64 2 90 0 98 1 94 2 80 3 13 1 12 3 16 3 95 2 85 3 81 1 78 1 8 0 29 3 86 2 42 2 73 0 53 3 99 2 79 2 44 0 3 1 22 3 44 3 65 2 97 3 72 1 46 1 50 2 58 0 77 1 43 2 51
23 1 63 3 10 1 22 0 4 2 61 2 61 1 56 1 4 0 12 3 25 0 76 0 13 3 27 2 22 0 86 3 11 1 31 0 70 2 8 2 8 3 62 0 83 3 84
15 0 21 2 79 3 6 0 56 0 95 2 46 1 14 3 75 1 48 3 35 2 78 1 3 1 54 2 97 1 50
6 1 17 3 35 1 89 2 41 3 33 0 93
20 2 22 0 7 3 14 1 58 1 85 0 9 0 83 1 70 1 25 3 51 3 74 1 77 2 90 1 88 1 18 2 67 3 99 1 70 3 51 3 67
28 3 26 1 73 2 87 0 24 0 52 2 5 0 19 2 79 2 36 2 55 1 97 0 46 1 9 1 85 3 79 2 22 1 72 3 92 1 80 3 9 3 38 1 30 0 5 1 68 0 86 0 2 2 59 2 28
3 3 19 0 24 2 81
22 2 67 1 69 0 92 1 100 2 35 1 59 2 13 3 5 0 40 3 31 0 97 0 23 3 38 3 90 0 3 2 51 3 77 3 45 1 10 0 34 2 66 1 9
6 1 87 2 40 3 64 3 25 3 31 0 100
10 0 81 0 69 2 22 2 28 1 79 0 30 2 85 1 30 2 8 0 56
73 2 21 1 23 1 32 3 47 1 4 3 26 2 61 3 78 3 69 2 55 0 84 3 35 3 34 3 66 0 44 1 28 3 45 1 70 3 15 0 4 0 43 3 96 2 29 2 33 0 94 2 87 2 24 2 48 2 10 3 17 2 54 2 37 0 88 0 47 2 32 3 12 2 27 0 31 0 96 0 40 1 9 2 6 1 39 0 15 2 93 0 66 3 9 2 13 1 89 0 43 2 31 2 89 1 32 0 67 3 47 1 15 0 37 0 53 1 61 3 90 1 45 2 1 3 12 0 39 2 47 1 66 3 57 2 62 0 43 3 48 2 75 1 34 1 4
79 2 61 3 15 3 72 2 8 3 71 2 96 2 38 3 21 1 35 1 82 2 47 3 40 0 73 3 84 2 23 0 95 0 70 0 5 1 42 1 20 2 84 3 84 3 12 2 47 3 79 2 28 2 1 0 10 2 35 2 88 3 22 1 45 2 82 1 96 1 99 2 11 0 79 3 60 1 88 1 69 2 29 2 15 2 41 0 46 0 50 2 25 0 9 0 30 0 33 0 29 3 75 2 64 1 4 3 27 0 12 0 76 3 72 3 89 1 89 2 52 3 27 1 99 1 98 1 89 2 32 0 97 0 10 3 49 3 81 0 98 1 36 3 39 1 69 2 70 3 26 1 82 1 67 0 39 0 35
40 0 69 3 81 0 28 2 30 1 54 0 65 2 87 3 64 3 41 3 18 3 10 3 87 1 77 2 13 2 80 3 34 1 8 3 40 2 66 1 11 3 14 0 68 1 48 0 21 2 18 1 18 3 20 3 38 0 97 0 65 0 54 3 63 0 84 0 84 0 22 2 27 2 46 0 18 2 93 1 54
64 0 48 2 98 3 94 0 69 3 5 3 80 0 89 3 55 2 13 2 44 1 89 2 14 2 38 2 4 1 63 3 85 0 34 1 56 0 9 2 79 3 15 3 10 0 21 3 64 1 17 2 48 2 26 2 69 1 24 2 48 2 55 2 71 2 83 0 33 2 35 3 74 1 62 1 50 0 43 2 34 2 47 2 90 3 2 0 38 3 34 2 82 3 31 0 78 2 17 1 63 0 93 2 74 0 84 1 64 1 13 2 86 0 46 1 63 0 28 2 25 3 76 0 40 1 4 2 46
78 2 26 2 27 2 18 1 46 1 92 0 75 2 84 2 84 2 24 3 2 3 74 1 57 2 13 2 5 2 18 3 79 2 96 2 77 3 44 0 44 2 66 1 37 3 4 3 72 2 8 2 26 2 44 1 90 3 48 1 16 2 39 2 11 1 76 3 60 1 97 0 49 0 81 3 36 0 36 2 19 2 73 0 20 2 11 0 37 1 25 2 92 2 87 1 21 1 67 2 43 3 29 2 16 0 14 3 8 0 53 3 52 1 89 3 57 3 36 3 84 2 34 0 86 0 62 0 95 2 51 3 66 3 62 0 14 3 67 2 75 0 50 3 38 1 13 1 20 0 63 3 11 3 58 2 33
26 1 32 0 67 0 21 1 49 1 58 0 19 2 98 1 15 3 25 1 65 2 45 3 18 2 18 3 40 0 97 1 9 3 59 3 94 1 89 0 82 3 22 3 75 0 53 1 91 3 48 2 31
61 2 63 0 39 1 42 1 22 0 42 2 79 2 28 3 76 0 22 2 4 2 75 1 63 3 8 0 33 1 11 2 15 0 19 2 28 3 10 2 77 0 98 3 38 2 78 3 75 3 18 3 38 3 74 3 10 2 49 2 7 3 48 2 99 0 59 0 38 3 83 2 23 0 72 1 18 3 22 0 41 2 53 0 62 0 26 1 23 3 76 2 29 2 65 3 95 2 68 3 31 2 58 1 75 1 44 2 25 1 1 3 70 0 28 1 98 2 49 3 46 1 91
41 3 52 0 51 1 75 0 32 0 68 3 2 0 94 1 75 3 82 1 33 2 22 0 85 1 43 3 74 3 77 2 18 3 8 2 2 2 41 2 48 1 60 2 95 1 34 3 8 3 54 3 62 3 32 3 68 3 36 2 31 3 10 0 58 3 43 0 73 3 49 0 23 2 33 0 17 1 96 0 10 1 5
15 3 72 0 91 0 83 3 32 1 24 1 23 2 10 2 8 1 78 2 13 3 41 2 20 0 34 2 72 1 61
61 3 29 3 29 0 37 1 79 2 6 2 42 0 15 1 59 2 28 0 70 0 68 3 11 2 58 3 45 1 82 0 35 3 72 1 91 0 95 1 91 0 13 0 71 0 61 1 25 2 8 0 90 3 99 1 66 3 11 2 55 1 40 3 88 1 54 1 14 2 70 0 72 2 40 2 94 3 22 2 9 1 71 3 8 1 81 0 61 1 12 2 1 3 66 2 55 2 37 0 91 3 86 3 42 2 81 2 32 3 37 1 53 2 8 0 89 1 50 0 9 0 57
3 3 84 1 85 1 41
19 1 16 1 69 0 96 1 31 1 11 2 78 0 2 2 66 3 8 1 27 2 50 2 56 3 23 0 45 0 55 2 84 1 94 1 94 0 35
14 1 75 3 77 3 10 3 72 0 2 1 80 2 83 0 58 1 50 1 79 0 24 3 51 0 63 1 69
95 2 60 2 59 3 42 1 45 3 78 2 68 2 35 3 27 2 17 0 29 3 67 1 35 3 78 0 87 3 62 2 29 1 25 1 84 1 82 3 12 3 87 1 26 3 19 0 56 2 83 0 80 3 99 3 42 3 54 3 93 0 68 0 73 1 10 2 79 2 32 3 46 0 43 1 100 2 57 2 45 1 46 1 65 2 19 2 85 0 12 3 31 2 64 3 31 1 88 2 50 0 8 2 50 1 6 3 64 2 32 1 54 1 54 1 98 1 93 2 10 3 39 1 97 3 32 3 5 2 72 3 3 3 79 2 62 2 99 3 41 3 79 1 81 0 75 3 23 1 45 1 42 1 84 3 43 1 32 3 25 1 39 1 34 3 10 0 82 3 48 1 34 2 17 0 2 0 27 3 96 0 39 1 60 2 2 2 75 0 84
45 0 2 2 16 3 61 3 17 2 76 1 84 2 5 1 7 3 28 2 97 1 40 1 77 0 95 2 12 1 97 3 85 1 43 2 58 0 20 0 79 0 13 1 38 1 68 0 9 3 54 1 93 1 11 0 43 3 48 2 20 0 55 0 48 0 35 1 66 2 63 2 14 3 93 3 9 0 8 1 97 3 11 0 40 1 35 1 96 1 49
51 3 82 2 23 0 3 3 16 0 64 3 97 3 100 2 29 0 28 0 10 0 70 2 44 2 37 2 42 3 99 1 15 1 11 2 84 1 53 3 8 2 47 2 50 3 38 3 53 2 9 2 42 1 49 3 68 2 100 2 25 1 55 2 57 0 27 3 42 2 47 2 3 3 7 3 46 3 38 1 2 3 23 1 51 1 53 3 96 2 24 1 85 3 35 3 53 1 33 3 35 2 27
59 0 34 2 32 2 50 0 63 1 100 1 84 3 29 3 77 1 59 1 89 1 61 1 83 1 17 1 1 1 62 3 78 1 27 2 49 2 21 1 77 2 14 1 77 0 24 2 89 3 63 3 67 0 73 0 66 2 33 2 86 1 55 3 23 2 75 2 71 3 36 2 12 1 11 3 71 2 24 2 19 1 69 0 70 0 48 2 49 0 69 2 12 3 24 0 52 3 50 0 51 1 26 2 13 2 74 0 80 2 33 2 23 0 42 2 32 1 60
65 2 62 2 31 1 84 2 58 0 93 3 96 3 20 1 45 1 53 1 45 3 32 0 8 3 93 0 17 2 99 3 46 1 25 1 48 0 90 2 92 1 90 1 15 3 85 1 49 1 22 1 63 0 72 2 61 0 97 3 20 3 2 3 90 3 52 0 20 0 77 0 28 0 7 2 1 0 93 2 100 0 45 2 85 3 34 2 97 0 70 1 88 3 48 0 25 1 72 2 61 0 68 1 100 1 35 3 19 0 38 0 61 3 56 1 80 1 95 0 79 0 13 3 72 0 28 2 3 1 25
73 0 5 0 60 2 22 0 63 1 54 2 69 0 31 1 9 1 13 1 47 2 95 1 70 0 34 1 9 0 5 0 86 3 98 2 31 0 29 2 84 2 97 1 97 0 9 2 11 1 36 0 33 2 56 1 100 1 32 1 92 0 33 3 51 0 7 3 24 1 76 1 65 0 84 1 13 2 79 2 98 2 31 2 100 0 85 3 73 2 79 1 22 0 37 1 85 0 47 1 95 2 80 1 15 0 75 1 54 0 95 1 8 1 91 1 39 1 29 1 2 3 93 2 69 3 45 2 44 0 74 0 71 2 98 1 16 2 21 3 67 0 98 2 28 0 44
16 2 73 3 92 0 79 1 19 2 14 0 6 1 90 0 40 0 65 0 5 1 87 3 16 3 79 2 46 0 75 1 52
51 0 44 0 76 0 60 1 12 2 2 2 62 2 12 2 91 0 70 0 36 2 89 3 45 2 78 3 22 0 3 2 85 2 31 1 15 0 89 0 17 3 96 3 71 1 27 3 84 2 87 1 49 1 83 0 55 3 95 2 9 3 91 1 38 1 81 2 30 2 54 2 24 1 20 1 52 2 83 0 90 1 61 3 24 2 79 0 10 3 40 0 34 0 13 0 17 0 60 2 21 0 22
21 2 97 0 78 0 86 0 24 2 27 2 28 0 91 0 57 3 93 0 44 2 48 2 9 2 36 3 91 1 7 0 70 0 84 0 96 1 11 2 12 3 29
51 3 20 0 63 1 60 2 39 1 56 1 81 0 44 0 14 2 96 3 27 0 68 2 58 3 73 3 61 2 10 3 33 0 19 2 41 3 52 0 92 3 79 0 36 2 17 0 89 2 100 3 10 0 35 1 12 2 99 2 22 3 75 1 11 2 86 1 37 3 75 3 98 0 42 3 97 1 41 3 16 2 64 0 57 3 38 0 71 0 8 1 55 0 37 3 3 0 16 3 25 2 64
72 2 97 2 53 0 34 0 11 2 91 0 33 1 47 0 97 0 75 1 8 0 1 1 66 2 86 2 63 2 11 3 33 1 47 0 82 3 45 0 31 0 34 2 42 3 69 1 40 1 29 0 69 2 35 1 22 0 50 1 50 1 20 3 92 3 8 3 29 3 5 1 80 0 64 2 78 3 38 2 75 0 86 2 100 3 72 3 44 2 20 0 25 3 66 0 36 2 63 2 4 2 25 3 23 0 8 1 84 3 89 0 19 1 79 1 60 0 19 1 38 2 95 1 2 1 48 2 79 2 63 2 37 0 3 3 90 1 51 0 30 2 5 1 100
98 3 40 0 35 3 81 0 64 3 98 1 38 3 54 0 82 0 93 3 5 0 3 0 28 0 84 0 32 1 88 3 18 0 85 1 48 1 33 1 95 2 14 3 16 0 72 3 70 2 53 0 46 1 99 3 68 3 97 0 34 2 96 1 13 3 53 1 33 3 34 1 88 2 78 3 39 1 75 2 45 0 12 3 80 3 100 3 77 2 75 1 96 0 47 2 79 3 77 1 62 1 47 3 77 2 72 1 66 2 38 1 91 3 90 1 19 3 91 2 23 1 69 2 71 3 4 2 92 1 56 0 84 1 8 3 70 1 93 0 74 3 37 3 76 1 13 1 72 3 34 0 63 1 23 2 87 2 100 2 21 2 47 2 80 1 82 2 98 0 1 2 97 3 61 2 58 0 10 0 4 0 14 2 9 3 54 1 25 0 67 3 41 1 12 2 87
71 1 73 2 29 2 26 0 10 0 89 1 42 1 38 2 93 1 68 2 19 0 37 3 56 1 89 2 5 3 15 0 73 0 77 0 75 0 91 0 30 1 8 0 67 2 23 0 56 3 55 3 3 0 10 0 20 0 34 2 75 2 82 0 34 2 61 2 2 1 3 0 13 3 82 2 5 3 34 0 47 0 24 2 55 1 78 2 25 0 90 2 57 1 84 1 24 0 82 1 43 2 46 1 60 2 22 1 70 2 30 2 1 1 3 1 14 2 98 2 44 2 41 2 13 1 2 2 55 3 37 0 87 3 30 3 92 3 14 1 66 1 33
71 3 94 2 55 0 92 1 82 0 31 3 51 3 48 0 7 0 75 1 10 2 47 2 22 1 36 0 7 0 12 3 97 0 68 2 74 0 58 1 19 2 79 3 50 0 32 2 54 2 49 2 3 3 34 1 25 3 39 3 26 1 45 1 47 2 63 1 12 0 37 2 44 3 20 1 58 0 9 2 74 3 46 1 74 2 96 1 69 0 36 0 38 0 66 3 33 2 75 2 12 2 40 3 19 1 76 0 52 2 11 1 8 1 73 0 65 2 72 0 11 2 45 2 90 0 14 1 13 2 92 3 62 2 56 3 52 1 3 3 70 2 35
25 2 44 0 63 3 100 1 10 3 43 0 36 3 60 0 55 0 90 2 100 1 39 1 100 2 22 2 71 3 43 1 81 3 62 1 34 2 67 0 47 1 36 3 60 1 23 1 73 0 1
65 3 6 3 14 0 37 1 6 2 73 3 26 3 24 1 10 2 96 2 73 1 45 3 1 1 10 2 74 2 60 1 62 3 25 3 22 1 3 2 50 0 92 2 84 1 70 2 97 1 77 2 64 2 31 2 45 3 79 0 76 0 83 0 66 3 35 3 6 1 2 2 99 1 9 2 84 2 4 3 87 3 46 1 4 0 66 1 19 3 16 2 97 0 6 3 99 3 40 3 13 0 2 2 67 3 38 3 14 1 14 0 58 2 27 2 77 2 57 1 44 3 29 3 86 0 23 1 34 0 33
74 1 90 2 10 1 86 3 50 1 22 3 37 1 82 0 15 3 12 3 77 1 17 2 58 3 15 3 13 1 18 0 92 3 7 1 36 2 59 3 11 2 53 0 83 1 35 1 84 0 58 0 5 0 72 2 50 0 88 0 99 1 51 1 78 1 4 2 24 0 44 1 83 3 24 3 44 2 34 3 95 1 77 0 81 2 26 0 91 2 96 0 47 3 53 1 67 1 5 2 15 0 17 2 27 3 35 0 19 2 60 2 27 0 21 3 62 2 57 3 96 3 95 0 90 1 17 1 13 2 37 2 29 0 40 3 49 3 97 0 31 3 6 0 88 2 58 2 100
61 0 95 1 61 2 43 2 10 0 44 3 36 3 30 2 51 2 41 0 80 3 97 1 1 1 51 1 68 0 32 2 95 1 26 2 7 3 48 0 35 2 4 3 54 1 75 3 18 0 12 0 79 0 89 0 27 2 63 3 86 2 11 1 96 0 35 1 52 2 47 0 51 3 100 0 99 2 21 0 88 0 66 0 26 1 34 2 14 3 89 3 3 1 71 0 62 3 61 2 27 1 90 0 41 2 33 2 37 3 40 3 23 2 37 0 77 3 8 2 92 1 75
