8 75
7263068 3672236 2489857 8859610 9346462 436585 2277425 6213306
72 1 93 0 92 7 49 6 27 7 13 3 46 7 26 6 33 5 63 5 27 3 31 1 45 6 83 7 69 3 14 7 2 5 80 2 24 7 75 4 85 7 7 0 15 5 92 0 22 2 70 0 11 3 84 7 19 0 32 5 87 1 97 7 97 7 41 5 12 0 69 6 44 2 88 6 95 5 24 7 13 1 27 3 90 6 49 5 61 6 49 0 71 7 80 4 91 0 79 5 83 7 5 4 89 2 31 1 67 6 58 1 93 7 83 7 69 2 31 7 47 2 58 1 47 1 57 1 73 2 93 6 70 1 42 7 41 1 38 1 14 4 62 1 58
34 7 36 2 20 7 78 1 83 3 100 2 83 7 63 3 15 7 54 7 34 0 22 3 73 5 67 6 33 6 26 2 64 2 9 1 92 3 65 2 47 6 96 7 70 3 92 4 93 7 95 1 63 3 30 0 13 0 62 0 33 1 11 7 81 5 97 5 93
87 6 100 1 6 0 46 2 64 7 40 1 24 4 82 1 34 3 55 5 92 3 26 1 38 2 37 3 84 5 6 5 43 7 89 0 60 6 27 5 20 4 59 5 43 0 72 6 64 7 53 3 61 5 48 3 83 0 82 1 47 7 48 3 96 5 78 7 36 2 23 0 99 4 45 4 85 5 75 5 84 5 48 1 52 3 16 5 68 6 33 3 4 1 30 3 40 1 92 6 30 4 39 1 77 0 86 3 76 1 47 4 45 4 24 4 77 0 81 4 6 5 14 5 42 2 51 2 100 1 3 7 45 1 11 7 10 0 41 2 63 1 64 7 86 4 51 0 68 5 65 0 35 3 61 0 69 5 13 7 23 5 57 7 27 2 62 1 92 6 11 5 85 7 7
35 0 61 1 42 3 99 1 54 5 90 5 34 3 62 6 61 2 73 0 34 6 16 2 61 5 59 3 60 3 62 0 8 6 22 6 62 5 11 0 79 5 47 4 28 1 58 3 52 1 49 0 36 7 26 2 55 6 22 5 27 6 8 4 60 6 12 6 16 1 18
95 0 88 2 49 1 6 4 37 2 39 3 47 7 94 5 37 1 75 7 60 1 71 7 33 3 79 6 54 0 85 5 7 7 13 0 56 5 69 3 35 2 42 5 58 1 92 7 55 3 9 6 23 4 19 2 5 1 23 6 64 0 60 3 83 5 12 4 30 2 87 5 76 0 77 3 58 2 95 7 90 7 79 0 82 1 6 0 69 7 74 0 39 7 69 7 97 4 96 3 57 2 36 5 75 6 56 7 52 5 86 1 21 4 82 0 42 6 8 3 12 6 73 7 31 2 53 7 37 4 56 7 57 7 17 7 7 0 24 2 73 1 88 3 4 6 39 5 30 2 78 7 72 6 94 5 57 1 86 0 12 3 61 3 43 4 97 4 82 4 32 5 46 0 81 4 40 1 27 0 59 3 60 1 35 2 9 4 56 0 65
8 3 42 7 32 0 63 7 46 6 44 3 67 6 6 2 52
50 2 79 3 66 5 80 5 82 6 94 7 73 4 15 2 29 1 89 2 50 1 98 4 23 3 46 5 89 2 1 1 67 1 76 1 98 0 11 2 17 5 28 0 24 7 44 4 23 0 71 1 73 1 42 6 21 3 14 6 54 4 81 6 56 5 30 2 43 7 70 5 85 4 89 5 23 7 46 4 65 2 30 1 45 7 55 1 85 7 96 5 4 4 73 2 64 1 69 0 65
63 4 20 4 90 4 78 7 14 5 30 0 46 4 38 7 62 5 91 7 57 4 53 1 95 1 73 6 16 3 66 4 10 6 50 5 71 1 35 7 3 4 40 4 4 2 58 2 24 1 36 6 40 5 94 4 23 3 42 1 9 0 39 5 19 2 10 5 16 0 51 7 94 6 71 3 98 1 28 3 74 1 7 0 4 7 90 2 26 2 47 1 27 5 10 7 40 5 11 1 85 2 26 7 98 7 75 2 70 1 11 2 26 5 34 0 90 2 25 2 31 3 87 2 33 1 90
71 5 98 1 89 3 36 0 60 2 95 5 30 7 36 2 98 0 95 5 18 5 26 7 94 4 68 5 97 7 16 2 64 4 86 6 55 0 9 6 19 5 17 5 9 1 95 2 56 1 87 4 70 3 3 4 8 5 28 2 96 2 25 2 77 5 7 5 86 6 17 4 70 5 94 7 95 2 94 6 6 0 86 7 95 6 91 4 80 4 11 0 17 6 9 3 39 2 90 2 24 4 2 4 48 4 85 7 71 2 56 1 64 7 32 4 87 4 67 3 91 6 84 6 47 3 43 6 77 7 10 7 68 1 50 7 51 0 83 0 39 5 87
71 4 35 7 78 0 61 5 24 2 56 6 1 6 81 5 33 3 49 7 56 3 30 5 40 7 52 3 7 2 18 6 43 2 100 6 97 1 34 5 92 0 59 4 54 5 14 7 68 7 89 7 32 5 46 5 58 2 16 7 59 2 67 4 66 1 63 2 77 4 11 6 70 5 61 3 14 4 39 3 67 7 61 6 20 0 19 0 90 4 11 0 74 4 97 3 77 0 84 1 51 2 3 7 51 0 36 0 54 7 86 2 44 7 21 1 65 4 91 4 44 1 57 7 33 0 71 7 6 4 95 6 40 2 25 3 31 7 40 1 16 6 31
83 7 1 7 33 4 25 3 13 7 60 2 52 3 32 5 36 3 66 4 91 0 58 4 84 6 93 1 24 2 55 0 30 7 14 5 14 4 23 3 43 2 85 7 35 2 12 1 8 1 96 4 95 1 51 7 98 4 66 4 79 0 36 7 59 5 37 7 54 2 94 6 84 1 71 6 95 2 8 0 67 3 34 5 16 1 95 6 12 1 55 5 3 7 86 5 49 3 58 6 87 5 75 5 63 0 17 6 95 3 2 1 51 5 35 7 50 6 57 0 25 7 31 4 18 4 58 3 59 1 49 0 52 6 41 4 45 3 88 0 12 0 84 0 18 5 53 5 29 0 79 6 19 3 57 4 18 7 11 4 40 4 10 4 30 3 74
51 1 86 4 93 4 43 3 89 0 7 0 69 2 55 6 84 4 39 1 2 3 53 3 24 2 20 2 76 7 77 6 54 1 38 3 99 2 21 6 36 5 3 3 69 4 99 0 79 3 12 0 42 4 84 7 100 5 54 4 77 6 78 5 45 3 43 1 2 0 72 6 13 1 2 6 96 7 59 1 97 2 51 6 1 3 65 6 93 5 54 1 44 4 89 4 3 5 95 0 31 1 77
68 1 53 3 96 0 36 7 62 2 56 0 49 1 62 2 13 0 45 3 51 3 90 7 46 1 65 3 38 5 74 4 99 4 38 2 27 3 55 0 44 4 98 7 61 6 29 0 37 1 11 0 61 6 9 2 30 7 29 1 63 2 57 0 78 7 4 7 8 4 21 2 5 3 62 6 80 0 19 3 33 3 48 5 33 2 47 1 73 6 45 6 98 3 73 4 91 3 2 7 85 0 83 1 47 6 23 4 84 7 36 3 81 5 20 1 68 3 63 2 76 7 32 5 65 2 65 4 41 7 2 0 86 2 21 6 42
78 6 74 4 75 0 100 2 53 2 15 1 97 1 39 6 25 5 29 3 76 0 57 2 55 3 98 2 4 5 100 3 94 0 96 5 71 1 5 4 40 7 100 0 84 5 86 1 65 1 83 6 63 1 2 7 62 7 6 0 63 4 16 1 42 3 53 1 13 1 85 1 69 0 54 5 63 5 38 3 42 1 24 4 74 5 88 5 66 5 87 0 71 0 76 2 8 2 44 1 55 4 7 2 75 1 100 0 43 6 68 4 17 5 86 6 73 7 27 1 3 3 6 1 13 2 83 7 44 6 6 3 40 6 99 0 82 7 7 6 15 4 65 2 16 3 73 2 65 2 32 1 4 0 20 0 17
33 5 84 2 6 3 57 2 52 7 35 6 82 3 89 2 20 4 34 2 32 2 50 2 54 0 70 4 65 1 91 0 46 6 4 4 18 4 57 2 24 2 23 7 25 0 36 5 48 3 83 7 8 1 90 2 68 5 92 7 65 1 5 0 9 0 48
95 4 33 2 26 0 80 1 23 0 35 5 88 1 67 1 7 2 45 0 24 3 14 3 56 6 48 6 81 7 70 2 66 6 28 7 82 5 32 7 65 5 2 2 61 1 97 1 58 5 75 0 83 5 2 2 38 2 96 6 49 6 87 4 9 0 80 5 54 3 15 4 46 5 33 3 15 6 10 5 79 1 4 1 31 6 98 1 32 6 34 1 23 7 75 5 50 2 11 6 32 7 17 4 92 6 39 1 21 1 38 7 16 2 6 1 77 1 76 1 33 3 90 3 71 3 15 5 22 2 68 1 99 6 73 1 8 5 78 2 47 0 96 7 52 2 13 5 28 3 19 2 66 0 44 7 52 1 26 0 98 2 60 2 93 0 21 7 66 6 45 0 9 0 15 1 46 1 1 3 66 0 61 2 64 7 27 2 80 5 87
46 6 78 1 22 2 43 2 91 6 44 0 49 3 34 0 31 3 26 1 91 3 36 0 79 4 63 2 58 1 21 2 11 5 68 2 86 3 3 5 28 6 36 1 64 7 28 0 12 4 85 7 78 6 66 7 51 0 45 7 13 2 83 5 42 0 23 3 1 5 2 7 4 0 82 5 72 4 89 1 82 5 89 7 24 4 32 3 91 0 96 3 48
3 0 99 6 51 5 78
44 0 92 2 60 1 33 7 78 1 76 5 57 6 19 0 22 7 76 4 21 5 47 1 54 7 50 3 41 1 14 4 33 2 73 7 100 5 55 6 45 6 66 1 10 1 87 4 93 6 17 5 81 3 67 2 13 0 64 6 92 6 91 2 23 1 36 7 20 2 79 7 31 1 33 2 74 2 54 4 45 2 84 6 97 2 29 3 18
87 3 9 2 32 7 54 4 39 6 11 3 30 0 19 4 36 1 31 5 73 1 26 1 59 0 71 5 16 1 5 7 40 5 55 1 84 1 77 7 64 5 26 1 17 6 58 7 75 6 10 1 88 7 26 3 50 3 56 2 25 6 47 6 17 3 71 1 21 7 44 1 6 5 75 1 96 4 100 3 55 5 11 5 69 3 69 2 69 2 20 7 3 1 28 3 89 6 61 5 92 7 68 6 100 3 10 4 32 0 76 5 20 1 82 4 21 6 17 6 17 0 26 1 96 6 97 7 46 6 34 3 89 3 30 1 50 6 24 0 65 1 3 5 96 0 9 6 73 6 4 3 50 6 17 3 90 1 63 7 51 3 3 1 55 7 94 6 1 0 8 5 28 6 79
4 3 91 0 3 1 85 3 13
14 3 28 6 17 2 33 0 92 7 23 6 1 2 93 7 56 0 74 2 45 7 79 6 47 6 65 2 9
17 3 70 2 28 4 96 6 55 4 17 7 43 0 43 0 96 4 8 6 94 2 79 6 93 0 65 1 96 1 83 0 46 0 17
91 1 14 1 80 7 44 0 46 5 100 1 64 5 52 7 81 2 95 2 54 4 60 2 88 6 13 2 16 2 16 0 9 3 67 7 93 4 41 4 95 5 86 3 38 2 65 3 57 1 45 5 73 5 88 1 78 7 15 2 79 7 2 1 80 3 21 5 29 0 8 4 2 3 50 3 74 4 100 3 9 1 68 7 2 6 92 1 60 0 43 0 27 4 16 2 90 6 63 4 82 3 49 5 10 1 58 6 86 1 65 4 26 4 50 3 20 1 55 5 26 2 33 1 86 0 45 4 17 0 63 2 51 0 10 6 25 2 68 2 83 0 19 3 87 7 24 1 77 3 41 5 99 5 70 4 68 5 96 3 98 2 95 2 11 3 50 2 32 3 55 1 23 4 67 0 8 4 53 6 69 5 70
55 5 30 2 51 3 36 2 91 6 40 7 16 2 68 0 83 2 90 7 14 6 75 6 11 1 51 3 27 6 58 0 48 2 4 1 66 5 27 7 38 7 35 7 75 0 83 7 70 2 80 4 87 4 83 3 70 5 44 3 61 3 15 3 31 3 81 6 48 0 27 2 90 6 35 5 24 3 82 0 23 4 94 6 7 3 92 6 24 5 90 1 68 2 66 6 26 6 35 1 10 4 7 3 53 2 55 2 7 4 76
45 0 86 1 62 3 54 3 87 3 30 5 83 3 43 4 91 2 99 4 75 0 84 1 22 3 40 6 90 4 67 7 28 7 92 1 58 2 50 0 70 1 44 6 78 0 74 4 33 4 35 1 78 6 28 7 70 6 67 1 11 7 36 7 29 7 98 6 88 1 16 6 88 4 37 3 93 4 49 5 79 0 23 0 79 3 69 3 30 2 22
16 0 38 4 5 3 44 1 72 3 41 6 6 5 55 1 35 1 32 4 68 1 64 0 24 0 7 1 86 0 56 4 66
97 5 98 0 37 7 84 4 65 7 7 1 77 6 90 7 47 6 87 1 77 0 79 7 98 0 91 5 94 1 86 4 19 4 64 4 93 0 89 5 2 4 73 5 31 2 29 4 89 6 91 6 85 7 82 4 26 1 51 6 85 0 73 4 83 5 83 3 97 6 83 7 99 5 69 7 30 3 12 6 3 7 57 4 1 3 12 5 5 3 5 3 87 1 70 0 57 2 100 5 57 5 32 1 68 2 68 6 47 1 36 6 75 2 60 3 97 4 77 1 90 6 59 0 73 0 92 3 98 3 22 6 54 1 49 5 77 7 1 6 100 0 53 0 39 3 45 7 63 4 49 5 75 2 80 1 38 2 85 6 46 0 57 4 82 3 55 2 29 3 39 7 34 4 37 6 91 2 82 1 67 7 7 1 42 6 94 5 47 2 81 1 75 6 76
14 4 39 0 50 4 18 3 71 4 58 1 8 5 48 1 49 4 44 1 82 2 2 3 67 7 72 6 3
39 1 20 3 79 1 32 5 64 1 94 2 54 5 91 2 45 3 39 7 20 2 42 0 59 7 41 6 37 1 10 6 17 5 54 7 62 7 97 1 7 0 94 7 35 3 1 1 44 7 40 2 70 3 5 6 30 7 22 6 76 0 82 0 35 3 29 4 38 4 63 1 60 0 54 0 10 3 68
77 4 5 0 19 0 68 2 86 1 84 0 4 1 83 7 64 3 13 1 55 0 22 1 97 3 15 7 62 0 19 3 15 5 14 3 5 1 39 6 65 2 87 2 53 5 25 4 47 5 74 6 47 2 71 7 41 7 13 4 58 0 54 3 15 7 47 4 50 7 83 6 53 0 5 5 18 2 100 5 64 3 31 6 47 5 78 2 11 7 65 5 91 4 78 1 70 3 100 4 34 5 68 4 55 5 6 7 55 5 27 3 49 6 38 0 2 5 23 3 43 2 91 3 40 3 47 6 75 2 19 7 64 4 33 0 44 6 5 6 36 4 6 3 89 7 99 1 59 6 21 4 56 7 94
42 5 27 0 86 1 49 6 71 0 47 5 34 7 15 3 71 6 28 2 17 7 36 6 59 1 91 2 67 1 65 5 38 4 14 2 27 4 4 7 28 5 12 5 39 5 18 7 98 6 60 6 31 0 55 7 31 4 54 4 98 7 51 2 52 2 31 6 8 7 10 2 1 5 51 3 13 0 31 5 94 5 90 3 99
3 3 87 1 76 1 67
3 3 97 1 50 2 11
91 3 11 7 34 0 88 3 62 6 51 3 48 5 85 4 44 0 77 6 36 1 24 4 28 2 2 5 40 3 69 7 19 6 24 1 41 1 97 7 83 3 44 2 45 3 45 0 75 1 100 1 92 0 1 2 70 7 14 3 85 5 17 6 98 4 44 5 40 3 20 7 84 5 41 5 46 7 89 1 90 4 79 7 80 6 76 0 40 4 2 6 69 6 48 3 69 0 64 1 4 0 88 6 94 2 88 5 18 0 28 7 54 2 68 5 96 1 55 6 100 4 84 0 32 6 72 2 22 7 30 5 38 0 38 3 69 2 37 1 54 2 96 6 23 5 43 5 15 3 9 5 39 4 35 5 35 2 52 1 12 4 7 2 69 4 97 2 88 7 71 2 33 4 66 7 86 2 9 2 79 5 89
32 7 2 7 27 4 43 4 51 2 16 1 17 2 71 3 38 0 73 4 14 0 87 7 69 2 62 4 56 7 18 2 15 1 40 6 55 1 74 4 73 5 100 5 85 3 70 7 3 7 6 3 3 0 67 3 23 7 79 2 67 2 61 5 42
14 5 85 0 49 2 54 4 45 1 7 0 20 4 98 5 67 7 49 7 22 6 25 2 24 1 75 5 13
5 7 9 4 98 6 59 2 90 2 64
76 1 55 4 22 6 38 1 65 5 33 6 51 4 74 4 9 2 32 7 63 6 89 5 85 4 84 1 66 5 37 3 53 2 83 2 79 5 37 5 67 1 60 6 78 7 67 1 48 3 56 4 81 0 90 1 37 1 40 4 9 2 59 6 42 4 12 0 46 3 3 4 54 1 63 4 72 1 17 0 86 5 15 0 20 1 38 7 84 7 2 4 83 1 6 4 73 1 64 7 72 2 51 3 2 6 62 0 65 3 40 1 85 2 100 7 93 7 18 1 68 6 28 0 15 7 19 3 36 5 84 4 70 1 1 6 6 4 14 4 64 5 86 2 57 2 44 1 92 7 79 7 87
80 7 99 5 63 0 94 0 98 6 90 1 97 4 94 3 74 0 85 2 69 1 41 7 88 6 53 4 64 0 88 1 78 7 5 1 42 3 59 1 85 1 66 6 80 7 73 5 97 0 47 0 6 6 24 5 50 6 95 2 47 0 30 7 29 4 32 5 32 1 93 4 13 1 48 0 12 2 71 5 62 4 8 4 96 3 2 5 56 1 22 5 22 7 84 3 54 4 8 2 11 0 7 3 38 3 50 6 75 3 88 5 17 5 74 6 17 6 96 6 11 1 75 6 54 4 21 1 94 1 74 2 48 6 30 1 9 4 83 7 39 2 89 4 81 3 45 5 64 6 42 0 19 3 55 0 64 6 14 2 48
71 2 11 7 28 3 34 4 62 4 58 3 100 4 42 0 42 0 8 7 75 7 41 5 35 0 93 5 19 6 3 4 97 7 10 3 26 6 91 6 83 0 86 0 84 5 79 3 74 4 93 4 19 4 97 3 96 1 41 3 61 7 93 2 8 5 6 3 3 2 22 7 77 3 91 1 13 3 81 5 50 3 55 2 63 3 2 5 100 5 54 6 43 2 21 1 35 3 70 3 99 0 39 3 21 0 22 2 84 3 91 7 26 3 56 7 44 1 71 5 98 2 21 7 17 2 38 7 82 2 52 5 65 0 96 2 68 5 14 1 20 5 16
30 6 68 0 14 1 77 6 46 0 34 0 33 5 43 4 88 5 95 6 25 3 61 0 56 6 86 7 62 5 75 5 61 5 27 7 82 4 28 4 59 4 7 1 33 2 32 4 27 3 16 1 92 0 47 2 1 2 65 2 65
98 7 99 7 85 7 18 6 8 4 23 4 10 4 68 4 10 3 89 4 70 1 40 5 36 5 93 3 96 1 75 4 34 7 76 7 35 4 42 1 60 2 100 1 37 3 23 4 60 6 11 6 79 0 75 3 4 0 45 6 60 1 80 4 13 5 47 2 1 1 29 5 75 1 78 0 35 1 52 3 44 5 68 4 30 6 7 4 58 6 2 2 64 6 36 1 100 0 73 6 3 6 6 3 90 4 34 6 36 4 31 2 39 4 20 3 71 1 27 3 87 6 64 1 97 5 22 1 61 6 63 6 66 5 11 5 66 7 36 5 9 1 4 1 89 0 62 4 91 4 9 3 17 5 55 4 14 0 31 3 90 4 22 1 2 4 67 6 66 5 41 3 99 7 80 6 25 6 92 2 23 0 71 1 64 5 45 6 89 7 57 6 47 1 21 7 82
36 4 25 4 28 6 51 1 63 4 73 1 67 4 39 6 42 1 2 5 66 1 2 0 14 4 24 5 38 3 55 1 63 5 97 3 36 0 76 3 75 0 77 0 58 6 71 7 6 1 8 6 45 2 21 7 30 0 85 3 97 1 97 6 63 0 46 2 43 2 73 0 27
50 1 87 6 27 3 14 3 3 0 94 6 23 3 98 7 71 4 21 1 62 6 61 2 66 2 84 7 19 2 92 5 68 5 96 3 94 1 57 7 14 5 25 5 52 7 64 0 57 2 36 6 6 6 46 0 23 5 85 1 52 6 79 0 20 2 92 0 16 2 30 1 67 7 40 6 33 6 22 5 72 5 48 3 1 4 22 1 3 2 79 0 32 3 17 7 6 5 29 0 42
93 5 46 6 35 0 82 4 90 3 42 0 60 7 48 6 75 3 15 0 14 5 67 2 99 0 12 4 2 6 43 0 19 6 6 7 53 1 11 1 54 4 27 4 9 5 34 5 37 5 26 4 82 6 14 4 22 7 43 0 21 3 71 2 73 4 59 7 23 3 64 2 53 6 12 1 75 1 26 0 69 6 100 2 24 3 10 4 40 2 73 7 48 4 50 2 58 6 56 7 91 3 9 2 7 3 59 1 81 6 62 3 33 5 16 4 95 0 73 2 98 2 5 4 75 0 95 7 27 2 82 1 78 1 83 0 7 7 15 5 52 0 64 6 66 5 45 5 53 1 50 1 96 7 51 0 26 3 45 4 59 2 72 0 34 3 36 2 28 3 39 1 83 5 11 6 59 5 63 2 47 3 5 6 39 4 34
83 0 55 3 81 7 65 1 10 7 43 2 41 7 53 0 76 6 83 5 71 1 83 5 63 1 25 2 48 3 26 6 98 6 59 5 53 0 4 6 20 4 63 7 51 1 82 5 60 1 17 5 59 2 8 3 22 4 52 3 21 3 21 2 11 3 60 2 95 4 17 6 48 5 46 1 94 2 59 7 66 5 25 7 80 0 42 6 62 4 8 0 3 4 44 2 18 5 83 3 3 1 6 7 56 5 81 2 20 1 12 6 72 6 56 2 5 2 97 5 1 1 23 5 72 0 32 6 51 6 12 3 12 5 54 7 89 0 37 3 9 1 64 2 69 2 97 5 60 0 71 1 37 5 38 7 20 3 68 0 27 6 5 1 49 7 24
31 1 29 6 98 1 88 4 74 7 63 7 92 4 66 6 95 6 43 4 52 0 47 3 74 0 72 4 99 4 31 6 91 5 68 2 77 6 75 0 43 0 21 6 64 7 18 0 86 4 49 4 18 7 92 6 26 5 32 4 100 5 7
65 7 45 1 36 2 47 5 38 2 29 4 53 7 13 4 81 1 26 1 24 3 89 4 75 1 12 7 12 1 67 1 48 2 1 7 29 2 50 4 67 5 26 0 98 0 70 1 19 7 16 2 41 4 98 3 38 2 93 5 19 1 14 2 54 0 31 0 89 6 74 2 41 1 35 0 62 7 63 2 47 1 83 4 79 7 40 5 88 5 84 7 100 7 5 5 90 3 21 3 22 2 88 5 42 1 42 1 40 1 17 2 57 5 62 2 92 5 27 0 29 5 9 2 64 5 85 5 21 1 38
69 7 25 7 18 2 84 2 38 6 2 5 9 4 62 1 85 5 82 2 35 6 67 7 9 2 52 4 36 1 29 4 21 3 28 2 38 7 40 5 15 0 27 2 42 4 60 0 75 2 81 5 60 7 27 5 7 6 22 2 6 5 80 4 6 0 5 1 6 1 1 0 27 2 80 4 72 1 61 7 68 1 80 6 37 2 45 5 40 7 87 0 87 7 36 1 8 6 21 0 4 2 34 4 24 4 47 2 98 1 52 0 12 7 53 0 7 6 10 2 17 6 9 0 79 5 4 7 2 4 96 5 54 6 14 0 22 3 21
89 2 73 3 23 3 97 2 93 1 31 3 31 1 82 2 5 7 78 5 16 1 13 3 1 3 38 5 51 1 74 0 2 6 17 2 14 4 47 0 100 6 10 5 97 0 52 7 38 3 82 7 41 5 58 3 66 3 31 1 75 0 85 3 57 4 93 2 42 5 59 5 83 3 27 6 55 0 6 1 89 6 28 7 41 3 82 3 66 6 88 0 90 5 22 0 56 0 4 0 77 7 95 0 78 2 13 1 25 6 79 1 61 4 83 0 71 5 50 2 11 6 90 3 48 2 90 1 36 2 67 7 7 5 57 2 52 7 42 4 66 6 15 6 72 2 43 1 95 0 69 3 65 0 46 4 66 5 94 5 20 2 20 6 39 0 47 6 67 7 95 5 20 0 44 7 54 5 38
83 7 80 3 86 2 30 0 16 0 4 3 12 5 13 4 70 0 37 5 47 3 22 3 96 6 88 2 6 3 75 3 27 0 55 5 3 0 76 3 39 7 38 0 23 5 86 7 40 1 60 0 99 0 61 2 75 0 79 6 19 1 8 2 72 5 72 5 59 6 47 5 20 1 19 7 47 1 28 1 20 0 26 2 95 5 39 4 17 4 27 1 59 6 98 2 14 4 45 3 41 3 37 5 8 5 61 1 74 4 37 3 21 6 12 2 37 4 35 7 84 5 41 3 97 5 2 5 5 7 82 0 88 1 47 5 32 0 84 2 64 5 26 3 11 3 5 0 1 6 92 3 20 2 12 7 11 1 77 5 69 7 88 2 70 7 6
36 2 87 1 77 6 86 7 40 6 78 0 92 4 49 1 66 7 92 1 17 1 41 5 23 6 82 3 43 2 17 2 48 4 52 6 46 5 70 0 100 4 61 2 37 3 7 0 69 5 23 7 72 2 74 7 56 2 77 1 21 2 14 7 40 5 85 4 31 3 44 6 95
12 5 50 3 47 1 26 5 91 6 51 7 51 5 37 3 35 0 11 2 31 7 62 0 88
6 3 20 6 31 0 71 3 97 0 56 3 96
35 0 7 0 22 4 5 1 62 4 97 7 57 7 27 1 34 7 15 6 8 4 21 5 32 1 58 6 79 4 62 4 62 7 12 3 23 2 94 7 9 2 24 0 82 4 50 7 63 5 79 0 70 5 11 4 53 2 30 6 70 7 41 5 91 3 50 6 48 6 75
72 1 79 4 33 3 29 3 14 4 9 3 95 2 24 7 32 0 65 5 84 0 2 6 21 1 41 2 65 0 47 5 60 7 85 0 33 3 65 3 10 5 100 4 11 7 39 0 22 2 91 7 44 1 27 7 65 3 98 3 9 3 39 7 48 0 29 1 96 1 81 7 38 1 34 3 12 6 58 6 90 1 80 7 49 0 100 3 95 6 92 2 32 1 100 4 72 7 41 5 81 3 49 7 22 2 31 6 29 5 67 4 19 3 92 6 51 4 33 3 57 5 16 1 40 7 79 7 75 7 58 2 33 6 42 6 52 0 100 5 14 7 97 0 86
28 0 29 0 73 2 40 0 83 7 15 2 41 4 91 0 97 3 57 4 89 0 73 6 97 4 94 7 12 5 83 6 60 5 7 6 92 7 36 1 94 7 65 0 95 7 3 1 39 3 100 4 48 1 43 7 87
62 7 56 3 74 5 2 3 52 1 100 3 62 3 79 5 24 1 37 2 6 7 77 1 64 1 13 2 96 0 16 2 23 2 34 1 89 2 62 0 74 7 46 4 53 6 56 0 37 5 83 4 19 1 19 5 83 0 29 0 24 0 83 1 54 2 34 0 63 5 85 4 22 7 60 0 22 5 30 0 91 3 32 7 19 6 85 2 26 0 48 0 11 7 93 0 78 1 5 0 9 4 28 0 87 7 78 7 97 2 54 7 22 3 37 0 32 6 6 4 91 5 86 3 70
96 2 43 0 52 7 52 2 62 7 92 2 55 5 71 0 34 7 81 4 14 0 100 4 25 3 18 5 8 2 55 2 1 2 63 5 15 1 14 2 7 1 25 6 45 3 55 3 73 7 89 0 81 4 84 7 100 4 16 5 64 5 4 4 71 0 81 1 13 0 58 5 85 3 45 1 1 7 17 7 5 7 84 0 50 2 13 4 76 5 99 2 72 1 40 6 4 7 3 4 17 6 2 5 88 5 68 3 20 5 3 0 51 0 29 7 1 5 84 2 6 3 52 0 94 3 81 0 19 3 6 1 95 6 8 0 66 0 83 6 96 5 62 3 75 6 67 5 59 5 64 7 95 7 71 7 95 0 92 3 71 0 52 2 49 3 55 3 31 7 47 7 81 3 27 3 62 2 9 6 36 7 17 3 2 5 44 1 51 2 31 0 72
89 0 42 4 62 7 21 2 36 3 68 6 36 3 53 6 93 1 16 0 21 5 59 4 98 1 3 7 49 0 89 4 58 3 55 2 29 7 38 5 51 1 68 1 62 3 62 2 49 3 45 6 46 0 48 1 66 1 44 3 87 1 50 1 20 1 63 2 7 5 14 3 43 3 30 4 38 0 75 1 78 0 91 6 23 4 83 7 42 6 33 2 97 5 51 2 35 6 74 2 66 4 27 0 50 7 58 1 80 2 49 3 51 6 28 6 17 1 52 2 75 1 1 3 52 4 16 4 20 3 36 5 60 4 81 6 70 0 93 6 67 5 31 1 70 4 71 7 58 6 65 7 85 4 9 2 26 2 16 6 47 1 52 1 33 2 75 5 56 4 89 5 24 0 76 2 13 4 81
98 3 89 3 89 4 88 7 3 4 57 2 59 4 27 0 99 7 4 1 1 6 73 7 53 1 67 7 63 3 28 7 46 2 91 3 98 6 6 1 26 2 23 5 56 4 8 6 7 7 7 1 36 2 25 0 96 2 92 0 69 0 4 2 41 2 44 0 7 0 24 3 5 0 47 5 30 6 84 3 49 4 74 7 20 2 80 7 18 4 90 0 94 3 66 1 25 3 23 5 20 3 90 0 48 1 76 4 28 6 11 2 7 3 99 7 9 1 82 5 47 1 63 7 38 6 24 7 61 0 55 6 27 0 78 0 65 4 31 2 12 0 82 5 22 6 61 2 62 5 49 2 12 7 82 3 89 3 19 3 39 2 4 2 99 1 45 2 44 3 74 1 33 3 10 1 3 0 74 4 34 0 23 7 41 7 21 4 64 7 48 5 11 1 90 1 95
85 5 85 2 23 2 85 4 20 4 66 6 81 4 93 3 40 3 86 2 47 3 21 4 84 5 64 0 53 1 76 3 93 1 38 1 19 4 80 1 2 3 70 4 58 5 14 2 25 6 44 0 51 7 48 5 23 4 88 1 79 6 9 0 19 4 68 1 8 0 60 2 93 4 29 4 22 6 42 6 10 7 55 0 96 7 50 0 82 5 81 5 22 6 41 2 75 3 75 1 16 3 16 6 82 6 46 0 100 2 28 6 68 0 40 5 9 5 33 6 82 0 22 3 80 4 59 0 25 6 32 2 100 2 89 3 79 4 21 2 74 4 91 2 94 4 63 1 95 4 22 7 69 1 9 7 39 2 12 3 56 5 30 2 49 4 78 0 35 7 7
98 4 84 3 53 0 10 5 48 6 10 1 39 2 44 1 39 0 26 5 93 2 90 0 75 3 96 6 69 7 39 3 45 0 12 5 55 7 45 4 41 7 27 3 2 4 59 1 45 2 48 1 59 7 72 6 11 2 84 7 65 1 2 4 64 5 33 0 83 2 54 7 84 7 60 5 48 5 54 6 64 7 34 1 20 1 97 1 34 3 15 6 61 2 42 7 60 5 21 4 68 7 30 7 24 6 34 1 51 1 44 6 5 3 12 0 20 5 25 5 43 4 78 4 29 4 10 6 10 1 60 7 48 7 1 4 91 7 99 6 95 4 28 3 84 7 30 4 92 6 11 4 3 6 82 0 84 5 31 0 4 0 71 0 33 7 20 2 37 4 2 0 62 5 76 5 96 7 63 3 19 4 63 5 21 0 49 5 74 1 43 0 79 1 98 4 14
8 4 93 0 68 1 39 3 12 4 98 3 96 7 64 6 71
10 4 65 1 37 1 95 1 68 3 7 6 77 0 7 7 36 1 11 7 11
43 0 5 5 51 4 89 0 54 2 41 5 13 0 16 1 18 0 58 6 58 0 65 1 63 5 76 5 7 0 38 7 27 5 78 0 81 0 17 0 66 6 20 6 60 6 48 6 17 0 34 5 68 3 40 7 84 4 98 4 61 3 37 6 29 3 41 5 75 5 14 4 61 2 11 4 48 4 79 1 15 3 6 6 27 2 32
53 0 85 3 18 7 27 2 8 7 77 6 52 0 70 7 40 5 61 3 95 2 93 6 70 7 69 5 75 6 15 3 52 2 90 1 96 3 12 3 66 1 53 2 66 1 27 0 90 6 72 2 35 3 56 7 48 1 73 7 33 6 12 1 76 4 25 5 53 7 32 3 31 0 17 5 13 6 60 7 44 3 7 4 53 6 39 2 10 4 86 4 88 6 79 6 34 6 38 3 48 3 53 4 67 6 35
14 1 53 4 8 4 76 6 22 0 45 6 80 1 6 6 41 4 73 2 53 6 48 2 93 1 13 0 28
10 2 17 2 97 5 67 3 7 5 63 0 64 1 98 5 47 1 4 5 91
39 4 15 0 13 3 33 3 20 6 85 4 86 5 21 6 21 2 41 6 71 7 12 1 52 1 63 5 28 5 96 2 57 6 89 5 26 3 9 5 84 4 75 6 18 3 98 6 76 6 11 4 11 4 30 6 64 0 52 0 8 4 46 1 74 4 8 4 27 3 72 3 8 1 56 4 87 6 79
45 1 38 2 30 0 59 1 63 3 12 7 46 3 33 4 4 7 2 7 18 2 72 1 80 0 37 6 10 5 11 0 61 2 19 6 43 6 89 7 94 0 20 7 99 3 79 5 44 6 35 4 39 0 21 5 39 5 88 4 73 1 32 7 60 6 52 4 16 7 48 1 84 5 14 1 92 3 95 5 23 1 36 5 47 5 52 4 95 6 74
56 2 99 0 68 2 32 2 26 5 7 4 31 7 56 1 62 2 4 6 29 3 65 0 91 5 43 2 41 3 9 4 81 7 96 6 74 7 40 0 26 4 38 6 52 6 36 5 40 5 38 7 83 6 98 7 36 2 29 0 83 6 67 7 33 1 57 7 71 0 94 3 63 7 20 6 22 4 75 6 26 2 62 4 41 3 41 6 99 5 85 0 80 3 77 3 16 4 92 5 85 7 70 7 9 7 95 7 45 4 98 2 51
48 0 66 2 99 3 41 3 59 0 42 7 5 1 61 0 73 6 25 5 19 3 75 6 26 3 14 4 7 4 82 2 61 4 25 2 64 4 71 1 72 3 84 0 26 4 16 0 78 3 15 5 11 3 84 6 20 6 53 3 97 1 52 5 14 1 42 1 45 0 43 0 55 3 24 1 37 2 94 7 50 5 22 6 44 5 94 2 96 5 36 6 95 7 34 1 94
93 4 21 3 4 0 53 1 83 4 11 4 4 4 21 6 71 2 40 4 24 4 29 7 29 0 46 0 35 6 97 3 21 1 44 2 93 3 11 3 99 7 13 4 10 6 93 5 20 3 38 0 18 4 64 5 7 5 21 7 46 4 31 4 40 3 18 0 33 5 16 3 13 6 16 7 22 6 65 7 65 0 14 6 89 0 43 3 21 0 7 3 50 2 4 5 81 3 50 4 12 7 24 6 52 5 96 0 72 2 92 1 54 4 31 1 49 0 95 4 53 4 58 0 3 3 9 2 82 4 56 1 99 1 4 3 35 3 13 4 82 3 7 2 72 5 38 6 46 6 38 3 79 0 88 0 48 3 44 7 24 2 60 4 100 6 40 2 22 5 86 4 3 3 98 1 28 7 29 0 79 2 7 5 65 2 75
