7 73
6890376 6469801 3376413 3819466 7333309 201096 1522747
93 6 51 2 67 2 74 1 21 5 89 1 41 0 78 3 85 6 63 6 51 2 100 2 45 5 66 4 94 6 3 6 76 0 93 4 60 1 28 4 6 6 76 4 37 6 11 5 63 3 18 4 19 4 95 1 62 2 80 2 70 0 16 1 90 6 8 5 48 3 19 2 55 6 64 5 18 5 19 4 71 5 3 2 57 6 41 1 39 6 32 0 97 2 42 0 77 5 86 3 13 6 64 0 50 1 5 3 19 4 61 6 96 3 28 3 15 5 84 3 57 5 60 3 12 6 4 1 51 2 82 3 27 5 26 4 84 5 78 5 11 3 63 3 9 5 48 6 71 0 56 2 36 1 11 3 54 3 80 5 80 5 2 6 12 6 53 0 34 2 16 5 10 0 2 3 81 1 45 6 89 1 72 4 100 3 78
9 1 24 5 76 6 72 1 14 5 63 3 9 5 73 0 89 3 94
46 5 61 3 96 3 43 2 20 5 97 2 57 4 47 1 39 3 16 3 60 0 6 1 84 3 43 3 50 1 30 2 75 0 28 2 44 0 72 0 9 5 3 3 22 1 99 5 14 6 30 0 28 2 55 4 64 2 25 1 46 4 81 1 29 5 13 0 42 5 63 2 18 5 48 0 32 1 2 6 18 6 88 3 48 4 17 1 92 4 33 5 78
44 0 14 4 79 1 68 2 23 1 76 2 93 0 29 2 26 0 69 1 14 2 84 3 52 1 2 1 73 3 30 5 20 1 91 2 82 4 45 5 49 1 39 5 85 1 45 0 20 0 100 6 44 1 97 3 74 0 1 3 1 6 17 4 63 3 56 4 60 6 29 2 44 3 66 5 93 4 72 2 26 1 34 6 64 0 46 2 42
66 2 82 4 87 5 91 1 37 4 27 6 29 1 60 6 81 4 8 6 62 2 73 2 58 4 58 1 63 3 11 0 11 6 73 0 83 1 79 3 23 4 72 3 72 2 81 6 80 2 39 4 71 5 49 1 10 3 14 4 47 5 81 3 15 2 54 6 35 3 39 1 77 6 25 3 52 0 50 2 19 2 62 0 28 1 71 6 75 6 4 3 60 0 87 3 11 3 90 5 81 2 16 6 5 0 97 2 3 1 75 5 51 1 48 2 41 6 74 0 37 0 23 0 86 3 7 3 7 3 14 3 21
32 2 72 0 35 5 70 1 35 6 35 5 52 0 78 3 24 2 5 5 56 5 54 6 29 0 84 6 34 3 83 5 70 3 74 1 85 6 24 1 56 3 18 4 34 6 18 3 40 3 32 0 71 1 1 2 71 1 30 4 82 6 16 5 94
34 0 87 0 48 5 4 2 36 6 99 0 88 3 68 5 34 3 37 3 79 4 100 2 99 4 24 0 86 3 98 6 91 1 28 4 23 0 60 2 32 4 15 3 31 1 47 6 55 1 70 2 89 4 78 1 49 4 66 3 22 5 95 5 75 0 57 0 31
58 3 29 3 65 1 91 5 51 2 75 3 100 4 74 1 3 4 31 1 66 4 62 1 20 6 33 4 97 5 21 5 64 5 21 2 19 1 79 4 24 0 7 3 18 6 52 4 76 1 19 0 2 1 15 4 16 6 65 4 48 6 89 6 24 2 27 5 53 0 19 3 67 6 96 3 66 0 50 2 18 5 20 3 80 4 6 4 87 1 75 6 62 3 33 1 58 4 89 6 33 1 14 3 82 0 19 0 18 5 35 4 3 4 99 1 52
54 0 30 1 3 6 79 1 80 0 4 3 60 1 16 5 24 3 57 3 85 2 20 4 47 2 75 3 87 1 40 0 61 1 82 0 43 4 17 4 69 6 80 4 92 2 45 2 29 2 3 3 85 3 71 5 15 4 43 2 4 1 78 4 68 3 84 2 41 0 24 5 53 6 74 3 39 5 74 0 2 5 19 0 69 6 100 5 99 0 24 6 56 2 60 1 47 1 2 2 39 1 12 4 91 2 56 5 7
12 6 100 0 68 3 83 1 62 2 13 1 92 1 17 0 16 1 97 4 43 0 11 0 24
81 3 63 1 93 1 93 5 43 0 76 1 99 6 89 4 56 0 46 4 62 3 82 0 64 4 96 6 100 1 83 3 99 3 4 1 54 6 67 2 86 0 77 6 21 4 90 3 76 0 34 0 11 2 23 0 22 1 80 2 53 1 42 1 70 4 82 4 45 5 15 1 49 6 82 2 81 0 6 5 29 2 14 5 75 2 2 3 97 1 23 6 27 1 60 4 12 6 21 1 87 2 66 2 15 6 35 5 36 2 17 4 67 0 93 6 24 3 86 5 21 2 80 4 63 5 51 6 50 3 55 3 85 0 34 1 10 0 48 1 2 3 64 3 77 5 37 2 43 3 68 1 19 4 14 1 85 6 79 0 62 4 16
54 0 41 0 33 1 91 2 68 4 42 5 38 3 60 1 32 1 13 4 89 6 24 6 29 0 60 2 9 2 55 5 10 0 10 6 68 1 26 4 3 2 23 6 39 2 39 6 6 2 65 1 25 2 49 0 22 2 79 6 75 2 97 1 87 5 22 0 39 0 83 1 21 1 82 1 43 5 34 1 3 3 99 3 52 3 62 3 13 0 16 1 30 5 19 3 41 1 10 3 44 2 71 5 82 6 26 5 92
28 1 15 1 2 3 33 6 36 0 7 6 42 0 39 5 68 1 31 1 82 2 7 6 18 3 25 5 53 2 83 0 28 5 89 4 29 0 98 1 4 3 7 0 86 1 62 1 82 0 71 2 75 2 78 4 71
20 0 93 2 64 4 56 3 97 0 31 4 27 1 9 5 13 2 47 4 74 6 13 6 39 3 20 4 87 3 78 4 23 1 91 6 29 0 2 5 95
21 4 25 6 19 4 92 3 64 4 89 4 88 6 3 0 69 0 87 1 20 3 41 4 16 5 15 6 41 1 18 0 81 0 64 3 83 0 25 6 40 0 95
38 4 18 2 93 6 24 1 6 6 6 5 98 5 4 1 30 3 78 3 6 5 38 2 50 1 24 2 7 4 78 0 20 0 67 4 1 5 53 6 71 1 98 5 40 4 16 6 45 3 22 5 40 3 87 1 61 0 37 2 2 0 4 0 30 0 62 6 68 0 44 6 26 0 55 6 42
74 3 6 4 95 3 33 5 35 0 5 0 60 4 100 1 37 0 16 6 96 0 88 5 54 3 38 5 61 3 34 0 42 4 54 0 7 5 25 1 20 6 75 2 35 2 82 0 26 0 33 5 82 0 28 1 64 5 7 2 50 2 22 4 26 2 10 3 53 1 1 6 87 0 13 6 75 6 73 5 64 6 18 0 30 4 73 6 45 1 14 6 15 5 26 4 6 0 95 6 100 1 7 6 91 1 73 2 3 0 17 5 45 4 68 3 83 1 8 5 60 5 26 6 10 5 80 2 9 5 62 1 87 4 12 0 51 1 38 1 11 1 1 4 98 3 24 0 78
81 3 48 1 33 3 64 0 4 3 26 1 97 5 97 2 11 6 5 6 89 5 14 3 2 2 66 0 10 3 60 3 73 6 61 2 48 1 14 3 94 6 80 4 74 2 3 4 51 6 73 5 76 4 19 5 87 0 1 1 2 2 93 0 10 6 32 3 20 2 8 5 39 1 72 3 35 3 62 1 68 6 66 1 34 1 23 6 15 2 7 6 44 5 34 6 50 1 97 1 64 4 98 0 12 3 56 2 3 2 94 6 3 4 65 5 58 2 57 0 98 3 22 1 87 4 72 3 97 2 14 0 90 6 16 2 3 2 26 0 82 2 62 1 72 0 70 0 15 1 68 3 14 5 70 6 2 1 90 0 65 6 24
39 3 91 2 86 5 16 3 25 5 14 2 89 6 28 6 7 0 12 0 43 3 91 6 57 5 55 1 92 3 76 6 60 3 20 2 74 4 51 3 87 4 49 1 58 0 92 2 60 6 43 6 28 6 47 2 20 1 30 5 32 6 89 1 16 4 15 2 80 3 21 2 3 1 96 5 18 0 63
21 5 13 2 14 5 58 2 97 0 21 0 63 6 92 4 45 3 25 0 98 4 10 1 54 5 33 2 95 1 46 3 74 5 45 2 41 1 87 0 62 5 78
82 6 95 1 29 5 71 2 10 5 51 4 47 3 33 1 93 0 84 5 99 2 13 6 26 3 83 5 10 6 34 0 5 1 17 2 88 4 2 5 98 2 13 0 17 5 81 2 75 6 88 5 94 1 22 5 80 5 33 0 17 5 26 2 1 4 31 6 74 4 49 4 88 3 71 4 94 1 26 3 34 0 56 2 2 5 17 1 48 1 66 0 53 0 55 2 9 6 94 0 70 5 16 4 13 6 78 1 85 1 19 1 9 3 38 1 76 3 95 1 14 3 15 1 36 3 43 5 35 0 35 5 8 5 32 4 20 5 27 6 51 2 95 2 93 3 71 0 41 1 23 2 66 6 58 4 99 5 25 4 80 5 27 6 54
38 0 26 3 100 0 59 1 88 2 91 5 92 6 12 1 78 2 43 1 64 5 15 4 90 3 64 6 45 6 90 5 46 5 28 1 32 3 73 4 60 0 71 0 49 1 5 2 31 2 3 1 51 5 4 3 13 4 11 2 72 1 86 6 12 0 40 2 73 2 11 0 98 4 23 3 78
7 4 4 1 19 6 41 4 8 0 55 2 4 6 69
55 5 15 1 99 5 35 1 61 0 78 5 9 2 60 6 57 5 9 3 96 4 30 3 64 2 58 4 36 3 96 6 37 1 3 0 65 6 96 2 46 6 34 3 24 1 55 0 46 2 14 0 89 5 32 3 75 2 29 2 57 0 63 6 79 1 43 1 37 1 38 4 31 4 83 1 63 1 94 3 30 4 35 6 75 2 26 3 97 0 91 3 52 4 45 1 16 4 69 0 63 1 7 3 81 2 97 1 76 1 88
12 0 22 1 83 1 47 6 90 0 49 5 61 2 53 0 69 0 75 4 93 1 93 4 69
24 5 96 1 47 0 64 4 99 1 45 1 83 1 12 1 65 4 29 0 40 1 38 1 58 0 66 4 29 0 66 3 10 0 31 5 6 0 87 5 95 6 55 5 5 2 11 3 73
84 4 24 4 15 2 81 1 24 4 96 3 3 0 28 4 83 3 67 6 76 5 69 6 72 3 59 5 48 6 87 4 62 1 76 2 65 6 41 6 46 4 46 3 72 4 43 0 2 3 22 0 66 1 5 5 75 5 40 5 66 5 53 0 36 1 25 5 23 1 66 0 62 4 74 6 22 2 69 5 100 6 56 4 17 3 74 0 97 4 48 5 21 1 45 2 41 2 42 0 40 6 66 3 1 1 60 6 41 1 86 3 26 0 13 1 65 0 47 4 64 4 27 2 82 3 77 4 9 4 37 3 19 1 40 3 85 4 65 2 4 2 93 1 99 2 83 0 84 4 4 4 63 5 75 2 59 6 6 0 20 2 7 3 96 3 39 4 65
93 4 44 5 6 6 70 4 97 3 25 1 70 0 81 3 53 5 35 3 17 2 69 2 41 5 98 2 21 4 93 2 22 1 21 3 21 4 11 2 10 3 81 5 18 6 95 6 22 4 67 0 90 3 75 4 74 5 59 2 95 1 87 4 56 5 36 5 85 2 4 0 52 3 68 1 55 1 23 2 25 0 57 0 33 3 69 0 7 6 92 0 32 6 64 1 3 5 63 3 27 0 12 2 87 0 85 3 61 3 47 5 76 0 13 3 28 6 83 6 22 4 63 6 48 4 56 3 83 0 26 6 83 5 13 1 14 0 90 0 29 4 79 4 10 5 94 3 42 5 18 6 7 2 37 2 11 1 89 3 55 2 79 6 2 6 15 2 28 2 81 2 90 0 63 6 77 5 27 3 41 2 87 5 3 2 20
50 3 96 4 79 0 14 2 89 3 22 0 58 5 48 4 22 6 18 1 11 5 86 4 1 6 82 1 92 3 51 5 95 6 12 5 63 6 94 1 27 1 95 3 16 3 79 1 2 5 91 2 82 2 30 4 30 6 11 5 68 6 76 3 63 2 99 4 98 3 24 2 60 6 23 0 72 1 93 2 70 4 64 2 4 5 71 0 13 0 80 1 75 6 75 4 96 4 75 5 90
64 0 70 4 71 4 51 4 31 3 81 0 76 3 31 4 33 2 41 0 71 3 32 2 59 6 29 6 58 5 46 2 15 2 81 4 88 4 75 0 22 0 58 2 70 5 5 2 24 1 87 5 90 0 42 2 3 4 42 3 2 0 22 1 8 5 67 2 18 1 21 4 5 4 53 1 81 6 86 0 59 1 23 2 32 5 19 6 83 1 49 2 87 6 95 4 69 0 44 4 29 2 39 4 3 6 78 3 89 5 72 3 69 0 87 2 90 6 34 6 52 5 53 1 10 6 18 6 25
52 6 75 4 8 1 43 3 38 2 58 5 11 4 100 1 88 4 61 6 96 0 58 4 96 2 4 6 62 6 24 6 36 6 9 0 76 2 89 5 65 5 20 2 16 3 3 0 35 2 75 6 97 0 15 6 64 3 20 5 14 4 35 2 40 6 59 3 94 1 60 3 8 0 2 0 26 3 30 4 31 0 87 6 16 2 90 4 61 6 26 5 2 5 82 2 19 5 63 4 62 5 59 1 49
67 4 92 2 77 3 78 5 75 2 9 0 91 5 33 5 36 3 15 0 2 6 34 0 17 0 62 4 100 2 88 5 30 6 40 4 68 4 50 0 5 5 61 0 45 6 83 6 75 2 94 3 59 0 81 2 90 6 44 0 57 5 95 1 32 5 46 5 8 4 19 5 75 0 40 5 54 2 41 5 52 0 28 5 31 6 81 0 76 0 48 2 30 6 20 4 75 1 53 4 72 5 24 6 67 4 98 2 91 0 46 5 83 4 16 2 11 4 87 5 33 6 98 0 74 5 39 5 64 1 35 3 39 3 92
17 1 94 4 100 4 53 3 69 0 45 4 27 0 29 1 60 4 5 4 76 3 82 6 90 1 91 2 96 0 1 0 60 3 87
7 1 69 5 77 1 6 3 32 6 94 4 2 5 25
34 2 85 4 13 2 69 5 75 1 6 0 46 5 42 4 73 4 58 4 40 1 61 4 60 6 25 2 48 2 4 2 59 4 12 6 63 4 21 1 43 5 38 2 84 2 93 0 78 6 55 3 42 3 46 4 58 6 11 2 12 1 95 3 80 6 32 3 24
13 5 54 4 83 4 18 1 34 1 52 1 15 0 58 5 13 6 93 4 78 1 22 0 43 2 79
14 3 56 6 3 0 11 1 77 3 30 3 99 2 80 4 73 1 35 3 45 1 68 1 3 0 13 3 89
99 1 49 2 32 5 47 5 98 4 58 0 15 2 48 0 99 0 96 1 51 0 55 0 30 5 52 0 5 3 62 0 51 5 55 6 97 6 23 4 74 5 14 2 99 6 88 0 3 6 42 6 25 4 97 3 80 4 24 4 54 6 24 0 75 5 43 1 72 0 67 2 21 4 38 1 40 3 100 4 45 6 89 0 85 6 55 2 3 2 23 6 65 1 67 4 45 0 22 5 43 5 97 5 7 4 42 1 72 1 40 0 50 3 89 5 92 1 24 3 6 4 65 5 57 0 54 4 60 3 62 5 70 6 10 2 70 5 10 5 6 3 64 6 65 5 14 0 14 3 71 5 71 1 96 3 25 0 11 5 83 5 100 2 79 5 93 1 15 5 8 1 63 2 66 3 95 6 99 3 33 0 2 1 16 1 95 2 14 5 80 2 86 4 99 4 25 6 52
88 2 76 2 15 4 25 6 44 5 99 5 76 5 43 1 46 0 31 2 35 6 60 1 51 1 29 4 42 6 73 5 42 0 95 4 44 2 92 6 36 1 74 1 37 3 67 0 32 0 25 6 23 3 57 3 48 0 75 4 88 1 42 4 7 4 6 5 4 2 5 2 25 1 70 2 31 3 27 4 72 0 33 3 90 3 45 6 95 0 15 0 38 0 53 4 18 0 42 3 84 4 43 5 20 2 77 6 33 3 75 2 5 1 42 2 100 3 46 1 46 1 65 6 42 6 37 4 29 6 44 6 56 4 84 6 37 3 27 1 9 0 28 1 3 4 82 5 6 0 57 6 92 2 84 5 35 2 34 6 60 1 6 5 23 2 21 1 6 3 32 0 64 6 1 1 46
76 3 9 4 51 1 5 2 85 4 92 5 32 2 29 1 73 2 50 4 16 0 91 3 34 3 52 5 26 0 23 3 45 0 71 6 82 2 27 6 8 0 66 0 18 0 97 6 29 1 48 4 1 4 61 2 75 1 99 2 82 5 50 5 72 5 55 2 84 0 92 3 55 5 13 6 60 5 39 2 23 4 50 4 80 2 37 0 60 0 44 3 78 0 27 1 65 5 89 5 28 5 50 4 75 5 71 5 28 1 39 1 90 4 96 1 93 4 29 2 92 2 55 5 23 1 65 6 97 1 35 2 91 2 1 6 82 2 2 3 78 0 23 5 69 1 27 5 61 5 95 4 26
5 2 61 5 46 4 5 3 51 3 98
58 3 91 2 55 6 50 5 66 5 20 5 92 5 46 6 82 5 57 2 20 2 45 6 7 6 6 2 12 6 87 5 65 1 94 3 67 4 60 1 89 1 28 4 70 3 85 1 24 2 16 6 13 1 68 0 71 3 95 4 25 3 53 0 73 1 37 0 69 5 30 2 5 2 39 5 61 0 2 4 55 0 75 0 40 2 83 0 25 4 33 1 96 6 97 2 5 5 10 2 73 3 61 6 8 3 38 6 46 1 10 5 63 6 50 0 63
39 2 90 3 72 1 17 0 57 0 94 3 88 3 60 3 72 3 65 6 85 2 43 2 55 2 43 0 31 3 45 3 100 1 47 4 46 5 48 2 34 2 40 0 43 5 29 5 60 5 3 4 74 3 100 2 6 6 42 5 57 5 82 3 66 3 6 1 74 2 26 0 37 5 61 4 60 0 99
26 2 54 4 90 6 33 5 49 1 52 3 40 6 47 1 42 1 67 6 40 3 31 6 97 1 17 2 57 3 26 6 73 0 29 1 49 3 49 6 57 2 57 4 44 6 53 0 56 2 56 3 81
10 4 98 0 22 1 20 6 91 3 31 6 48 4 27 3 91 5 83 3 92
70 6 62 1 33 1 83 4 10 2 87 3 88 5 46 4 79 3 55 0 53 4 5 6 87 1 61 3 47 1 15 4 41 1 91 5 34 2 11 5 43 1 18 5 78 2 84 5 81 6 81 2 46 1 32 4 90 0 57 5 40 0 1 4 57 4 88 6 77 4 15 3 5 6 89 5 22 6 20 6 81 4 75 5 12 2 41 6 32 1 53 4 25 4 78 3 71 2 63 4 26 0 84 0 95 3 64 6 14 5 44 3 77 6 57 6 79 1 90 2 69 2 90 0 88 6 47 4 3 6 85 3 62 5 89 2 79 2 7 3 72
70 2 55 2 92 0 83 6 82 4 66 4 13 1 44 3 66 3 60 2 7 4 82 6 53 1 85 5 41 0 54 2 84 6 45 6 93 2 59 0 17 1 6 0 60 6 93 3 92 1 62 3 29 6 44 3 16 5 93 6 86 3 52 3 10 5 45 4 76 4 22 0 95 3 60 5 43 6 13 0 39 4 30 6 86 1 87 6 71 5 45 0 78 1 44 4 70 6 49 2 44 1 69 1 75 5 5 0 44 5 44 5 47 6 61 3 69 5 29 0 88 4 1 3 40 5 41 3 80 1 26 2 24 1 17 6 84 5 90 2 75
42 6 47 6 83 2 71 6 10 6 91 6 50 4 43 2 53 2 27 1 55 6 51 2 82 6 97 0 2 6 25 5 58 3 78 5 6 3 87 1 25 0 81 0 91 6 76 4 60 6 91 4 80 5 88 0 53 0 11 0 83 0 30 2 56 4 99 0 31 1 59 3 63 0 79 0 98 2 35 4 58 6 83 3 72
4 5 39 0 69 2 61 1 90
73 3 48 6 51 1 29 2 19 6 56 1 53 2 38 5 51 6 65 3 59 2 40 4 20 1 100 2 96 1 55 4 91 2 45 5 56 0 14 0 35 6 45 1 94 2 16 5 47 4 9 0 15 0 83 1 15 0 24 2 73 3 4 1 74 6 62 6 47 6 29 5 63 1 93 5 55 4 49 0 57 0 26 1 13 5 65 5 29 2 80 6 33 5 11 5 92 4 74 4 6 1 69 2 65 4 59 2 46 3 83 5 90 5 11 5 5 6 72 4 54 6 74 5 83 1 100 0 84 0 55 6 38 1 69 0 6 0 55 5 20 1 91 1 85 4 27
39 5 91 5 84 5 82 5 53 6 27 6 44 2 47 1 24 2 57 6 67 3 20 4 44 0 45 4 13 5 88 3 33 3 80 4 31 1 52 1 10 0 13 1 53 1 43 3 49 6 80 6 44 2 31 6 93 5 48 6 64 5 14 0 71 2 6 3 60 0 20 2 29 4 71 3 23 2 4
5 5 83 0 21 5 44 1 9 5 66
62 6 36 5 9 4 79 5 60 5 66 5 34 0 93 2 96 4 36 4 4 2 42 6 29 3 12 2 88 1 35 3 48 4 16 2 12 1 32 2 95 6 100 4 53 0 41 2 22 5 79 3 39 4 31 4 3 4 73 1 35 2 52 2 4 0 62 0 45 6 83 0 84 4 9 4 64 5 3 6 78 4 68 1 36 5 99 3 96 0 28 2 62 0 64 5 40 0 25 2 72 3 92 1 54 3 61 1 91 3 61 1 83 4 99 0 25 4 37 2 52 2 50 1 21
99 0 11 3 98 3 49 2 85 5 22 4 70 3 59 3 49 0 53 3 13 6 60 5 78 0 38 3 89 0 14 5 93 4 73 6 1 3 33 3 84 5 79 3 35 1 56 3 30 6 39 6 12 5 86 6 11 3 24 2 73 0 47 3 38 5 21 4 37 3 48 6 88 2 18 4 67 5 68 5 41 2 16 3 36 5 58 5 46 4 11 6 24 0 48 3 68 2 44 4 45 4 40 6 76 5 45 1 64 0 91 4 57 4 70 3 48 2 42 6 14 2 76 4 81 6 33 6 90 1 95 4 5 0 69 0 63 1 58 2 48 3 47 3 84 4 84 3 55 4 50 1 1 6 97 0 97 6 19 5 39 0 41 3 70 6 55 2 50 1 9 4 54 1 5 4 50 1 50 5 100 6 19 4 38 2 38 6 60 6 8 5 95 0 6 2 65 0 83
55 4 44 2 5 0 27 6 23 2 85 2 69 0 66 5 94 0 58 5 54 3 41 5 84 6 31 3 30 3 74 6 3 1 68 5 76 1 3 1 97 6 85 5 51 6 83 5 19 1 27 3 73 3 49 3 91 6 72 5 13 2 80 0 16 4 59 3 99 6 100 1 34 0 36 6 31 2 72 1 9 1 98 4 39 3 11 2 52 2 11 4 48 4 60 6 6 0 95 1 37 2 73 5 93 5 92 5 72 2 52
99 4 30 1 88 2 53 5 87 5 20 3 79 2 31 1 94 3 9 4 85 6 18 2 96 5 45 6 91 0 19 6 10 0 18 6 6 2 69 5 79 0 48 5 68 1 23 3 46 6 66 0 33 5 40 4 75 2 16 0 70 2 63 2 73 2 80 1 42 2 22 1 41 3 98 6 49 6 45 6 97 1 78 4 57 0 2 5 28 2 95 6 89 4 7 5 15 5 96 4 19 4 14 4 49 0 4 4 12 6 64 3 39 5 17 0 70 0 26 5 87 2 25 1 71 0 62 0 64 6 69 4 87 2 51 3 62 5 1 4 74 0 96 4 3 4 8 2 81 0 88 6 82 5 15 3 30 4 4 4 92 2 91 1 50 0 29 1 36 6 100 5 63 1 9 5 59 5 77 5 40 4 42 6 75 1 15 2 30 4 67 2 11 5 51 4 11 4 45
99 0 35 6 17 6 16 6 32 0 1 6 21 5 75 6 46 1 83 3 37 6 76 5 77 0 95 3 30 4 17 6 60 0 74 5 14 4 62 0 76 0 93 2 82 3 8 2 75 6 19 4 59 1 51 2 67 5 88 6 17 1 12 2 79 2 57 2 14 6 3 6 80 3 29 4 72 4 80 4 49 6 36 1 63 6 65 4 96 3 41 1 64 6 73 3 64 3 26 5 2 2 25 6 30 2 24 3 39 0 67 0 24 2 24 6 1 3 25 1 8 3 36 5 25 1 37 2 3 4 40 5 74 5 82 3 24 2 75 5 90 2 39 3 5 4 33 5 57 5 52 3 49 2 100 4 40 1 92 2 50 3 12 2 56 3 98 6 31 0 19 3 57 5 84 3 32 5 59 4 25 5 24 2 49 3 78 3 18 3 68 5 84 1 87 2 84 4 90
75 3 6 2 21 2 67 4 53 6 78 0 73 1 38 3 93 4 34 5 48 4 27 0 87 3 25 2 75 4 91 3 6 6 37 3 62 5 30 5 30 4 47 4 11 2 38 4 3 1 66 6 26 1 35 5 39 4 12 2 11 0 85 5 70 2 86 1 45 5 19 4 59 3 75 5 78 3 69 6 76 6 35 2 33 0 72 5 10 6 43 3 91 4 28 2 66 5 66 3 38 6 86 4 43 5 74 4 34 2 6 1 65 1 79 2 3 4 98 4 67 4 40 6 85 3 35 2 75 6 91 0 44 2 78 0 51 6 74 1 42 4 1 2 76 5 81 4 10 4 85
70 4 26 1 37 6 46 4 80 2 63 2 98 0 62 4 90 4 62 3 66 0 25 4 69 4 79 1 5 6 23 4 12 3 54 1 98 0 4 5 4 4 43 2 48 1 7 5 72 5 93 6 97 2 19 0 72 2 62 4 74 1 55 4 82 5 53 4 70 3 6 2 9 4 95 2 7 2 26 1 68 6 34 1 52 2 20 5 6 0 14 4 69 0 93 2 13 3 64 4 90 1 78 3 92 5 75 1 62 5 33 3 69 5 74 1 82 1 48 2 89 0 32 5 18 5 28 1 27 3 73 1 1 1 56 3 77 0 64 5 33
55 2 26 0 64 3 70 5 59 6 88 1 51 2 61 1 57 4 73 3 63 2 95 4 77 3 88 1 41 4 92 6 25 6 8 4 34 1 21 0 8 0 8 2 22 4 21 4 40 6 66 4 70 3 70 6 12 6 50 0 14 2 33 1 35 1 53 2 70 2 66 2 65 0 25 0 2 3 85 6 17 3 36 3 77 0 23 1 96 5 61 2 99 2 4 4 49 5 79 3 30 1 98 4 43 5 99 5 43 5 42
38 1 72 3 74 6 71 3 100 3 61 5 88 3 96 0 55 6 86 0 3 6 37 6 56 6 74 6 20 1 56 5 7 0 63 2 13 1 71 0 33 5 66 2 14 2 79 0 52 6 97 3 7 4 10 2 79 0 22 5 97 1 98 2 14 4 55 6 64 6 92 1 84 4 70 5 65
6 2 40 6 94 5 21 5 52 1 55 3 77
70 1 92 3 54 4 79 4 86 5 53 5 9 0 21 2 1 5 23 3 100 3 94 5 31 6 75 2 6 1 33 6 37 3 61 5 75 4 38 5 82 0 87 2 95 0 29 5 35 3 88 2 2 5 60 5 82 3 93 5 42 5 54 6 73 4 8 2 61 2 75 0 21 1 74 0 94 6 23 6 91 5 41 2 74 4 23 0 87 6 40 6 41 2 46 3 3 1 35 3 52 5 88 0 40 1 94 1 98 1 15 5 42 6 14 5 43 3 44 6 22 2 4 6 26 1 23 1 51 4 76 3 74 4 52 1 39 6 76 4 33
42 6 47 5 83 2 97 4 62 5 100 0 29 5 67 6 20 1 62 3 12 3 100 2 50 6 43 3 5 0 32 2 37 1 68 2 11 2 87 1 96 1 28 2 89 6 60 5 59 6 81 6 25 1 97 5 81 6 7 4 24 2 10 0 52 4 6 4 19 2 57 1 52 1 51 2 50 1 21 0 16 0 12 0 47
98 2 18 4 50 0 8 4 21 1 69 0 27 0 73 6 85 5 71 3 8 0 26 6 97 3 5 5 21 2 14 5 39 3 50 1 31 5 22 6 55 6 97 2 78 3 27 5 64 6 47 2 41 4 31 0 74 0 64 5 88 0 33 2 91 1 64 4 49 4 41 6 58 5 39 0 36 0 64 2 2 3 40 4 48 1 19 5 28 1 90 5 27 4 59 5 46 4 84 0 2 6 39 1 22 6 16 1 77 0 79 2 36 2 40 3 6 5 60 4 98 0 19 1 99 2 84 1 11 5 1 0 100 6 86 4 75 3 7 6 35 4 28 0 47 2 75 0 87 3 1 2 66 6 39 2 95 2 29 6 7 6 32 3 58 0 36 2 39 3 75 5 27 0 68 6 16 4 22 5 22 3 88 6 29 1 96 2 52 5 48 0 3 5 63 3 55
84 3 13 4 89 3 91 4 65 4 8 0 90 4 54 4 65 3 45 2 86 2 82 4 3 5 68 6 62 1 33 0 95 6 80 5 42 3 16 3 90 6 90 0 40 5 53 4 76 1 98 6 8 2 55 2 62 6 38 0 32 3 82 4 10 0 90 0 3 0 13 2 32 1 36 1 48 5 99 6 10 3 84 3 81 3 99 1 45 6 84 0 83 1 7 5 84 3 49 2 86 4 58 6 97 4 89 5 8 4 94 4 22 2 65 6 2 3 62 4 94 3 75 2 24 4 60 2 42 6 54 3 100 0 34 5 61 6 90 4 94 3 91 4 86 1 23 6 61 3 68 0 48 4 53 3 50 3 88 6 89 2 64 5 29 5 93 1 77
3 3 79 2 66 2 92
76 2 44 3 3 0 34 6 45 6 37 6 35 5 47 5 59 1 26 0 100 5 100 6 96 1 98 3 83 5 28 0 26 3 35 1 86 4 2 6 53 0 75 2 2 4 92 0 26 4 30 4 37 6 96 3 5 6 80 6 14 1 64 2 75 2 20 5 17 5 83 1 40 3 23 6 75 1 20 0 2 5 68 0 26 6 3 3 24 1 68 3 85 1 42 5 11 5 13 3 39 6 74 4 92 4 1 0 10 4 63 0 80 2 75 1 14 0 81 3 62 5 97 5 4 4 91 0 60 4 86 0 30 2 91 6 26 6 42 1 33 2 2 6 6 0 81 2 5 5 39 5 76
8 6 72 0 12 2 52 0 99 5 42 3 43 1 5 4 68
20 0 100 0 24 3 56 5 30 0 80 2 82 0 56 1 79 4 99 2 18 3 76 4 66 0 61 0 34 2 28 3 66 6 92 2 70 3 97 3 91
37 2 7 2 63 1 9 0 57 2 30 2 9 5 33 3 35 0 84 5 85 6 74 5 50 5 99 3 71 6 37 4 39 5 4 2 35 3 75 4 74 1 90 6 79 0 79 0 22 4 40 5 20 1 92 4 52 5 82 0 83 6 42 1 34 3 30 4 2 0 47 1 21 4 41
43 4 83 4 74 5 11 4 23 3 90 5 13 5 37 0 34 0 99 0 96 4 22 1 73 1 99 1 44 5 57 5 91 1 89 0 14 2 28 2 95 6 23 2 81 0 89 2 14 2 57 4 38 5 46 5 45 2 2 3 92 6 98 1 19 6 30 0 28 4 59 3 71 1 59 2 34 6 32 5 52 1 97 1 67 0 49
89 4 78 5 38 1 20 1 88 4 63 3 37 3 73 6 73 5 25 0 8 6 39 6 66 6 59 0 31 4 69 2 76 5 12 6 52 6 1 0 53 4 31 3 81 2 6 5 45 6 31 4 23 6 62 6 2 2 3 5 49 3 65 5 32 2 13 4 7 5 96 4 16 3 42 6 71 5 26 3 34 3 22 4 53 4 63 6 99 0 84 2 96 3 5 4 91 2 67 6 27 0 99 4 39 1 9 1 81 3 44 4 12 2 31 0 78 4 28 2 17 3 2 4 40 6 89 1 3 0 45 6 97 5 70 4 81 3 82 4 2 1 33 6 72 0 19 0 97 5 14 6 24 5 1 1 27 2 20 0 80 2 6 0 2 1 33 6 13 6 95 4 42 6 30 5 7 1 50
