3 80
9312924 3853982 6770065
34 0 50 1 33 2 1 2 42 0 22 0 14 0 82 1 69 2 36 1 85 1 2 1 83 1 60 2 60 0 78 0 7 1 49 2 97 1 90 0 58 2 67 0 99 2 79 2 28 1 66 1 66 1 37 1 23 2 99 2 1 2 88 0 14 1 21 1 11
17 0 73 2 48 1 1 1 86 1 41 2 27 2 27 0 100 1 42 1 86 0 3 0 70 1 28 0 66 0 37 2 7 1 51
82 2 32 0 64 0 43 1 81 0 11 0 68 0 51 2 95 0 63 2 29 1 33 2 89 1 14 0 2 2 74 2 20 1 29 0 85 1 85 2 20 0 71 2 81 1 41 1 60 1 26 1 94 1 98 2 39 0 30 1 35 0 40 2 74 0 46 1 38 0 98 2 54 1 64 1 19 0 6 2 57 0 62 1 11 1 7 1 43 0 34 2 29 2 22 0 91 0 50 2 38 1 1 0 32 2 31 1 72 2 59 1 27 1 32 0 26 0 65 0 15 1 94 0 84 2 13 1 24 2 49 2 55 0 98 2 51 0 20 1 51 2 60 0 51 1 75 2 11 1 74 0 25 1 83 2 10 1 92 0 60 0 73 0 75
88 2 10 2 47 0 13 1 30 2 19 2 21 1 42 1 53 2 18 2 90 2 26 0 67 1 84 1 2 2 100 1 68 0 100 2 54 2 52 2 60 1 70 2 53 0 42 2 52 1 59 1 96 0 58 0 5 1 3 2 98 2 20 1 63 1 53 1 53 2 96 2 27 0 89 1 17 0 32 1 73 1 89 0 44 2 87 0 67 0 41 2 9 1 52 1 29 2 12 2 67 2 97 0 55 2 72 1 66 1 71 2 28 2 43 1 47 0 3 1 25 1 31 2 34 2 16 2 88 1 76 1 81 2 38 1 2 0 10 2 91 1 22 2 87 2 38 2 84 2 62 2 71 0 46 0 65 0 74 2 2 1 67 1 93 1 56 1 18 2 49 1 86 2 71 1 91
25 2 63 2 12 0 3 2 71 2 22 2 98 2 37 2 65 2 39 0 97 0 8 0 74 2 33 2 90 0 28 0 44 2 85 2 60 1 70 0 82 2 36 1 81 2 56 0 76 0 70
4 1 71 0 23 1 67 2 5
57 1 22 2 80 1 18 1 9 2 100 2 16 1 39 2 5 2 85 2 33 2 96 1 46 2 10 0 1 1 46 2 38 0 72 0 49 2 49 2 6 1 43 1 19 0 62 1 4 0 39 0 85 0 45 0 5 0 22 1 71 0 77 2 43 0 52 1 18 2 22 2 78 2 54 0 42 0 51 2 70 0 82 2 57 1 5 0 13 2 57 2 5 2 51 1 33 2 16 1 94 1 64 2 79 1 54 0 11 0 35 2 66 1 62
49 2 66 0 63 2 25 0 59 0 75 2 62 0 58 2 43 2 34 1 51 2 36 1 8 1 52 2 7 0 35 2 47 0 8 0 35 2 15 0 80 0 16 0 11 1 70 2 19 0 53 1 38 0 91 0 7 0 20 2 8 0 96 1 79 2 98 2 26 1 62 1 9 1 12 1 87 1 14 0 86 1 4 1 63 0 97 0 92 1 85 0 43 1 48 0 24 2 21
69 2 78 1 48 2 44 0 35 0 37 2 60 0 52 1 21 1 39 1 23 0 31 2 10 1 7 1 57 2 7 2 20 1 13 0 69 0 92 0 14 0 87 0 75 1 8 0 6 0 69 0 78 2 69 1 65 2 97 0 89 0 41 2 38 0 82 0 77 0 64 1 5 1 63 2 97 1 11 0 53 0 42 1 52 2 93 2 6 1 57 1 77 1 54 1 90 0 97 0 1 2 76 1 60 1 43 1 4 1 93 2 87 0 45 0 34 2 1 1 56 1 51 0 100 2 59 2 43 1 1 0 99 2 80 2 3 1 81
85 0 42 1 92 0 17 2 97 0 43 2 16 0 24 0 70 1 75 1 9 2 65 0 60 1 5 0 19 2 37 0 15 1 61 1 1 2 41 1 94 1 50 2 25 0 77 0 28 0 61 2 24 2 5 1 12 0 74 2 12 0 68 1 28 1 78 2 74 0 31 1 14 0 74 0 47 0 93 2 21 2 3 1 45 2 23 2 98 2 68 2 26 2 16 1 33 2 96 2 2 1 15 0 53 1 36 1 7 2 76 1 85 2 24 0 82 0 59 1 95 0 82 0 100 2 89 0 16 2 33 1 5 1 45 1 79 2 91 2 42 0 28 2 40 2 47 0 71 1 95 0 75 1 87 1 44 0 13 2 19 1 69 0 1 0 11 2 30 2 78
94 1 56 2 82 0 16 2 93 1 51 2 100 0 57 2 3 0 13 0 94 1 26 2 32 0 87 2 7 1 14 0 27 0 57 1 11 0 49 0 44 2 30 1 97 0 56 2 95 0 52 1 78 2 33 1 2 2 97 0 8 0 37 1 96 2 93 1 80 2 62 2 92 0 10 2 75 1 87 0 64 2 57 2 28 2 58 1 30 2 46 2 30 0 18 2 37 2 62 1 7 1 52 1 28 0 84 1 24 1 53 2 74 0 45 1 35 1 37 1 68 2 60 1 76 2 3 1 66 0 43 0 75 2 22 2 85 1 78 1 88 1 24 2 42 1 12 2 54 2 35 2 53 1 64 2 50 2 43 0 56 2 19 1 61 2 23 2 84 2 93 0 90 1 56 0 83 0 65 2 3 1 88 1 2 0 83 1 81
60 0 38 0 2 0 34 0 84 1 9 2 61 0 19 2 94 2 48 2 15 0 13 0 57 1 48 0 79 1 56 2 36 0 90 0 16 2 17 2 78 1 15 2 41 2 94 2 43 2 97 2 85 2 62 0 61 0 55 2 89 1 14 2 17 1 27 1 84 0 13 2 91 1 100 2 59 2 48 0 30 1 34 2 90 1 18 2 27 0 79 0 54 1 78 0 86 0 63 2 7 0 74 0 13 2 7 2 22 0 3 2 39 0 93 0 28 1 94 0 35
25 1 77 1 10 1 59 1 76 2 84 0 14 2 2 2 59 0 81 1 48 0 86 0 3 2 99 2 29 1 36 0 1 0 62 2 31 1 21 1 41 1 60 2 61 1 66 0 11 2 15
75 1 6 0 91 1 38 2 52 2 55 0 67 1 24 1 87 1 84 0 48 2 63 2 62 0 69 1 76 2 40 0 33 0 57 0 69 1 49 0 68 2 86 0 12 1 84 0 37 1 66 2 89 0 25 2 66 0 42 2 87 2 59 0 84 0 59 1 65 0 46 0 80 1 53 0 48 1 24 0 5 1 20 1 83 0 5 0 87 0 37 2 32 0 71 1 66 2 84 0 93 2 79 2 66 2 52 2 26 1 59 0 9 0 17 2 17 2 3 1 79 1 61 2 12 2 20 1 31 2 99 0 95 0 98 1 82 0 76 0 35 1 20 2 100 1 37 2 38 1 57
81 2 95 1 88 0 9 0 80 1 35 0 20 1 78 0 7 0 7 1 89 1 19 1 92 1 46 2 71 0 71 0 73 0 95 1 10 2 74 1 32 1 86 1 68 0 64 2 52 1 51 2 19 1 68 0 10 0 81 1 71 2 67 1 72 0 44 2 70 1 31 2 56 1 25 0 87 2 53 2 48 0 9 2 54 2 77 2 99 2 29 1 6 2 89 2 92 1 59 1 79 1 39 2 31 1 46 1 27 0 46 0 12 0 100 0 74 2 50 1 48 2 47 0 1 1 13 2 80 0 59 0 5 1 100 2 44 2 42 2 26 0 33 2 50 1 31 1 68 2 21 2 60 1 63 2 99 2 43 0 9 1 47
97 2 9 0 67 2 79 2 71 0 89 0 95 2 85 2 23 2 26 0 81 1 50 1 26 0 59 2 92 1 13 0 78 2 22 0 53 0 73 1 29 0 99 1 71 0 4 1 6 0 58 1 17 0 95 1 4 0 75 1 49 2 71 1 59 0 22 2 79 1 62 1 85 0 33 0 70 1 52 2 3 1 87 2 71 0 12 1 45 1 64 0 53 0 90 0 99 1 62 1 61 1 63 0 75 0 95 0 43 2 52 2 30 0 17 0 28 1 91 0 93 2 74 2 29 0 94 1 39 0 69 0 59 2 52 1 85 0 33 0 24 1 37 2 29 0 94 2 57 2 44 0 77 0 96 1 61 1 20 1 35 0 29 1 16 1 84 0 8 1 11 0 57 0 97 0 38 0 39 2 13 2 71 2 52 1 70 0 95 1 9 1 78 2 35
78 0 87 1 84 1 88 0 70 1 62 1 83 2 98 1 46 2 41 2 64 1 78 1 62 2 43 0 61 2 65 2 84 1 83 0 65 0 6 2 48 0 31 0 56 0 58 2 6 2 71 1 66 2 37 0 74 0 20 2 75 0 29 0 9 0 43 2 59 1 18 2 30 1 28 2 85 2 21 1 58 1 51 0 89 1 27 2 68 2 35 1 90 1 62 2 2 2 4 2 55 0 35 1 26 1 47 1 5 0 18 1 63 1 43 0 25 1 81 2 93 2 38 2 51 1 50 1 90 1 75 0 84 1 32 0 77 2 75 2 44 1 63 0 98 0 56 0 41 1 76 1 65 1 51 1 32
88 2 22 2 71 0 89 1 28 2 4 0 40 0 78 1 75 2 61 2 56 0 4 1 18 2 71 0 11 0 74 1 33 1 79 2 10 2 17 2 7 2 50 1 76 0 90 1 23 1 56 0 44 1 22 0 76 2 46 0 98 2 62 1 59 0 34 2 87 2 56 2 51 2 10 0 80 2 3 1 73 1 82 0 41 1 22 2 57 2 26 1 83 0 76 2 60 0 5 0 72 2 38 1 96 2 5 0 52 2 97 1 10 0 15 0 11 2 91 2 36 0 69 2 30 2 86 0 63 0 53 0 40 1 29 0 45 1 79 0 86 1 74 1 16 2 3 0 84 1 31 1 28 1 88 1 46 2 84 0 97 2 49 2 83 0 8 2 36 1 81 1 48 1 18 2 90
72 1 71 2 99 2 67 2 9 2 36 2 46 1 79 0 40 2 85 1 20 2 97 2 87 2 58 2 96 2 88 1 9 1 63 1 4 1 42 1 55 2 6 2 25 0 45 0 36 1 20 1 85 0 67 2 18 0 51 0 13 0 53 1 36 2 79 1 93 2 10 1 37 1 99 1 2 2 28 1 50 0 30 0 67 2 88 2 28 0 44 2 51 1 88 2 61 1 24 2 11 1 70 0 71 2 100 1 66 0 91 0 96 2 77 2 43 1 82 2 59 1 1 1 21 2 36 1 13 0 12 2 93 1 73 0 8 1 20 0 43 2 45 1 90
68 2 88 2 34 0 7 1 39 2 46 2 41 0 50 1 49 2 73 0 58 1 46 1 43 2 45 0 97 0 51 0 93 2 71 2 20 1 86 1 36 1 38 0 44 2 70 1 13 1 100 2 58 0 51 2 55 2 53 0 48 1 9 0 85 0 29 0 4 0 46 2 52 0 76 2 99 2 85 2 80 0 85 2 14 1 46 1 49 2 37 0 24 0 49 1 80 2 5 1 64 2 76 2 26 2 19 2 26 2 74 2 33 0 56 1 75 0 14 1 30 2 26 0 38 2 48 2 15 2 87 0 73 1 60 1 6
52 1 75 0 18 1 98 2 63 0 11 1 40 0 93 0 84 2 11 2 83 2 73 2 61 2 48 0 55 0 85 1 66 1 64 1 27 2 44 1 21 0 44 0 8 2 77 1 12 0 38 0 59 2 29 0 82 0 1 1 30 0 45 2 58 1 69 0 17 0 17 2 46 1 94 0 81 2 60 1 63 0 11 2 100 2 66 0 76 1 98 0 40 2 51 2 59 1 1 0 54 0 67 1 47
41 0 2 1 92 0 91 1 13 0 34 1 9 1 81 1 56 1 43 1 29 1 36 2 5 1 50 0 33 2 26 1 20 0 19 0 89 2 57 0 34 1 84 2 10 1 41 1 84 1 61 2 29 0 28 2 68 2 2 0 87 0 13 1 11 2 65 1 77 1 79 1 79 1 90 2 4 2 66 0 89 0 59
73 0 41 0 20 0 77 2 74 0 94 0 87 2 93 1 13 1 90 0 35 1 64 1 42 2 96 0 73 2 90 2 21 0 29 1 56 0 74 1 90 2 16 1 75 1 85 2 34 0 45 2 18 0 66 0 71 1 68 2 97 0 31 0 6 1 49 0 19 0 16 0 39 0 30 1 2 0 68 0 41 1 51 1 6 1 14 2 35 0 56 2 91 0 61 2 99 2 97 0 55 1 29 2 39 1 47 1 97 2 4 1 81 2 52 2 71 1 29 1 61 2 30 0 74 1 9 2 74 1 29 2 99 0 55 0 4 1 59 2 1 0 55 2 20 2 87
33 0 28 1 26 2 91 0 86 0 89 1 46 0 10 2 77 1 92 1 77 2 69 0 32 1 72 2 2 2 39 1 54 2 15 0 99 1 83 2 18 0 99 2 91 0 92 1 26 0 21 0 10 0 37 1 8 2 25 1 32 0 39 2 84 2 33
52 2 27 2 82 0 55 2 62 1 72 1 94 1 66 0 79 2 54 1 4 0 8 2 43 0 11 0 93 1 63 2 86 0 39 0 14 0 85 1 53 1 71 1 3 2 96 0 75 2 23 1 6 2 16 1 33 2 96 1 35 0 18 1 75 2 72 2 41 2 56 1 54 2 28 2 57 2 10 1 77 0 68 2 82 2 13 1 17 0 94 0 52 1 24 0 31 0 39 0 44 2 69 0 62
65 0 100 0 88 1 1 0 93 2 78 2 52 1 69 1 94 1 33 2 15 1 68 1 83 2 69 1 42 0 67 0 11 0 54 1 8 0 13 1 83 2 19 0 47 1 6 0 72 1 59 1 48 2 76 1 57 1 79 2 90 1 26 0 83 1 36 1 63 2 84 0 51 2 15 1 34 2 65 2 47 0 76 1 73 2 90 1 2 2 64 0 96 0 5 0 74 1 82 2 88 2 69 2 92 0 2 1 33 2 29 0 72 0 24 1 64 2 9 2 74 2 24 2 9 1 20 0 42 2 40
11 0 19 0 97 1 9 0 35 0 80 2 46 0 34 1 19 0 74 0 31 1 95
76 0 96 1 59 1 11 2 89 0 99 2 43 0 69 2 80 0 99 0 70 1 81 2 27 0 100 2 38 1 15 0 76 2 12 0 14 0 83 0 8 2 27 0 30 0 33 0 30 2 31 1 41 2 16 0 81 0 82 1 2 0 93 2 65 1 39 2 19 1 32 0 30 2 62 0 6 1 70 0 2 0 66 2 54 1 16 1 22 0 56 2 23 2 6 1 30 2 6 0 64 0 81 1 5 0 6 0 48 0 83 2 26 2 17 1 80 2 80 1 27 1 90 2 47 1 82 1 31 0 69 2 69 0 91 0 1 2 34 0 92 2 8 1 33 1 26 1 87 1 1 2 97
76 2 6 1 99 0 43 2 2 2 93 1 22 0 30 0 82 0 80 0 33 2 68 2 46 1 92 0 58 0 47 0 11 0 73 0 63 1 26 1 1 1 1 0 10 0 32 0 91 1 53 1 69 1 100 2 76 2 66 0 87 2 81 0 12 1 4 2 74 0 57 0 64 2 79 0 73 0 45 1 48 1 23 2 94 0 61 1 16 1 4 2 82 0 3 0 92 2 97 0 41 1 72 2 1 1 20 1 54 2 16 0 57 1 78 2 37 2 75 0 21 0 45 1 66 2 7 1 28 1 73 1 48 0 73 2 94 2 92 0 79 1 72 1 62 1 40 0 53 1 38 0 98
98 2 42 0 13 2 9 0 76 0 85 1 61 1 49 2 37 0 51 2 39 0 72 2 45 1 3 2 9 1 92 1 90 1 37 1 51 0 66 0 89 0 93 0 93 1 71 1 79 2 32 1 43 2 78 2 60 0 96 2 34 2 27 2 98 2 76 2 6 1 23 0 58 2 86 2 26 2 19 1 96 1 83 2 53 2 79 1 19 0 34 1 60 0 11 2 19 1 58 2 40 1 45 0 34 1 15 1 46 2 95 2 97 0 36 2 90 0 84 1 55 1 55 0 44 2 18 1 82 0 65 0 76 1 62 0 88 1 37 0 67 0 91 1 94 2 47 0 75 0 45 0 45 1 16 2 57 1 97 0 92 1 14 2 19 2 55 0 83 2 52 2 95 1 59 0 96 2 59 0 72 1 80 1 43 0 93 1 86 0 61 1 74 1 43 2 88
55 1 59 0 87 1 50 0 61 1 78 0 27 2 15 1 79 0 49 2 26 2 33 0 19 1 9 1 69 1 2 2 15 1 86 2 31 0 13 1 2 0 83 1 30 2 30 1 67 2 16 1 45 1 61 0 62 1 3 2 42 2 64 1 100 1 22 0 51 0 2 2 67 1 34 1 27 1 3 0 39 1 4 0 77 2 84 0 48 0 50 0 47 0 26 2 70 0 89 2 5 0 6 0 73 0 56 1 36 1 66
52 1 40 2 49 0 72 1 87 1 40 1 30 1 34 1 87 0 93 1 3 0 46 2 24 0 49 0 59 2 69 0 42 0 23 2 74 2 46 0 51 1 42 1 42 1 65 0 48 2 8 2 54 0 85 1 100 0 62 1 5 1 94 1 79 0 69 1 72 2 83 2 45 2 97 1 92 2 9 1 92 1 40 2 78 2 44 2 22 0 1 0 24 2 59 1 17 1 3 1 2 1 87 2 39
39 0 45 1 78 2 68 1 77 1 83 1 94 0 3 2 77 1 31 0 23 0 11 0 5 0 29 0 97 0 30 1 22 0 67 2 17 1 13 2 85 1 76 2 63 0 78 1 37 1 53 2 62 1 80 0 45 0 33 1 76 0 91 1 68 1 62 2 30 1 40 1 34 1 66 2 66 2 32
25 1 97 0 57 2 59 1 19 1 10 2 72 2 26 1 56 0 82 1 37 1 66 2 90 1 8 0 41 2 69 1 96 2 4 1 31 0 78 1 59 1 1 2 48 1 17 0 94 1 57
26 0 72 2 39 2 58 2 57 0 90 2 20 2 100 2 70 2 43 0 37 0 66 1 53 0 40 2 13 1 47 2 32 0 97 2 4 0 2 2 94 0 45 0 35 1 71 1 80 1 13 1 84
89 1 64 2 71 0 45 0 37 1 70 1 49 1 16 1 28 2 99 2 49 2 21 0 62 0 61 1 66 0 61 0 63 0 34 2 50 2 58 1 56 0 67 1 79 0 100 1 90 1 62 2 18 0 22 0 10 1 88 2 47 2 33 0 89 1 32 1 48 2 17 1 22 2 92 2 85 0 39 2 100 1 28 2 54 2 60 0 88 2 84 1 38 2 62 1 75 2 73 0 62 1 10 1 72 0 16 2 29 2 13 0 11 1 64 1 38 2 81 0 17 1 87 2 82 2 82 1 60 0 92 0 79 2 35 0 41 2 19 1 69 1 20 0 12 2 34 0 41 1 51 1 70 1 72 2 84 2 90 2 50 2 69 2 77 2 51 0 54 1 33 2 18 0 48 2 56 1 82
71 1 12 2 78 1 52 0 29 1 97 1 31 0 89 2 78 2 14 0 41 2 62 0 11 2 78 1 63 2 47 1 27 1 65 0 25 0 12 2 60 1 34 1 24 1 75 0 61 1 36 2 36 0 28 0 55 0 9 0 59 2 2 1 65 0 84 1 32 0 76 1 25 1 78 1 10 0 11 1 100 1 30 0 33 1 89 1 4 2 9 0 85 0 1 1 30 1 69 1 49 1 90 1 87 0 28 2 93 0 11 2 15 2 46 1 67 2 49 0 5 2 68 1 39 1 93 2 94 0 45 1 64 2 23 2 67 2 96 0 89 1 68
25 0 34 0 36 1 69 2 17 1 55 2 72 1 42 0 22 1 76 2 46 0 9 1 37 2 85 1 28 2 65 1 77 1 82 1 41 2 1 1 6 0 82 1 93 2 77 1 9 1 32
97 2 7 2 81 1 83 1 6 2 42 1 5 1 50 1 76 0 37 0 18 0 86 1 42 1 21 1 54 0 63 2 22 1 94 0 47 0 41 1 91 0 31 0 25 1 30 1 93 0 91 1 78 2 12 1 81 1 52 2 31 0 88 2 16 0 27 2 11 2 72 2 8 2 46 1 3 2 79 0 43 0 11 2 35 2 41 1 97 0 30 2 57 1 41 1 87 2 97 1 90 0 12 2 47 2 51 0 48 0 70 2 36 0 91 1 6 0 49 0 1 1 87 0 38 1 88 0 30 0 94 2 83 0 18 0 99 0 61 2 66 0 55 1 57 1 23 2 23 2 13 0 57 1 72 2 69 0 66 0 51 0 35 2 18 0 99 1 50 1 5 2 80 2 96 0 85 2 38 1 16 2 10 2 61 0 69 0 89 0 14 1 69 1 94
98 0 47 2 10 0 19 2 44 1 48 1 75 0 5 1 1 1 75 1 100 2 97 0 40 1 53 1 52 2 8 1 41 0 78 1 3 2 25 0 69 2 83 1 28 0 18 0 100 0 84 0 41 0 10 2 58 0 28 1 66 0 49 2 84 1 62 2 11 2 24 1 50 0 94 1 35 0 40 0 23 0 35 2 21 0 78 2 16 1 64 1 60 0 33 2 73 1 28 1 64 0 90 1 72 1 25 2 78 1 21 1 7 1 45 2 69 0 78 2 28 1 36 2 6 2 99 0 47 0 44 0 96 0 91 0 72 2 79 2 26 1 11 1 82 0 64 0 60 1 19 0 57 1 13 2 97 1 31 0 18 1 50 1 47 0 83 2 65 1 64 0 47 2 65 0 9 2 1 0 28 0 17 2 29 0 14 1 1 0 85 2 75 1 12 1 63
66 2 44 0 80 2 28 1 85 2 91 0 33 1 19 2 3 1 20 1 55 1 77 2 75 0 72 1 91 1 9 2 5 1 47 1 81 2 89 1 48 0 47 0 86 1 49 2 78 1 56 1 99 2 96 1 67 1 5 2 37 0 49 0 42 0 81 1 87 0 42 0 6 2 50 0 2 0 22 0 84 1 37 2 80 2 55 2 77 2 60 1 9 0 55 1 45 1 42 2 67 2 69 2 18 2 44 2 39 1 81 0 95 1 37 1 67 1 23 2 26 1 5 0 8 0 74 2 55 2 44 1 33
6 0 2 2 18 2 63 2 1 0 15 1 30
55 2 30 0 12 2 66 1 15 2 26 0 22 0 45 0 45 2 47 2 8 0 20 2 56 2 12 2 84 0 72 2 49 0 34 2 52 1 7 1 26 2 7 2 51 1 36 1 85 1 39 1 66 0 78 0 96 0 24 2 87 1 60 2 5 1 66 1 39 2 75 0 64 2 32 1 38 0 37 0 61 2 80 2 83 0 40 1 100 2 81 2 49 1 15 2 92 2 26 1 51 1 37 0 51 1 100 0 44 0 53
73 2 50 0 11 0 15 0 85 1 69 2 8 1 32 2 92 0 93 2 35 0 17 1 77 1 14 1 56 2 35 0 87 0 22 1 59 0 86 1 48 0 55 0 51 2 2 1 60 1 88 2 1 2 47 1 19 1 15 2 93 1 77 2 36 1 78 2 31 0 29 0 96 2 31 2 9 2 87 2 21 0 64 1 60 0 20 0 4 0 95 0 56 0 18 0 86 1 50 2 97 2 8 0 63 1 44 0 92 2 30 0 2 1 31 2 78 2 63 1 92 2 36 0 68 2 48 1 74 2 44 0 57 1 41 0 64 2 46 0 17 2 17 0 32 0 57
82 2 42 2 33 0 25 0 49 0 14 2 97 2 32 0 50 2 12 1 88 1 50 2 100 1 28 0 84 0 5 1 84 1 67 2 36 2 93 2 82 0 47 0 49 0 19 1 27 0 96 0 15 2 33 1 67 2 71 0 34 1 21 0 66 1 96 0 22 0 14 0 34 2 57 2 35 0 44 0 77 2 5 2 72 0 48 1 10 1 30 2 70 0 24 2 81 2 50 2 89 2 43 1 67 2 92 0 47 0 46 2 14 1 22 2 79 1 83 0 78 2 73 2 75 2 41 1 71 2 44 0 7 1 32 2 84 1 49 2 38 0 76 1 37 2 99 2 47 1 74 1 52 0 30 1 34 1 59 0 38 1 21 1 54
29 0 8 1 11 2 10 1 68 1 75 2 54 2 31 0 48 1 68 1 70 2 9 2 7 0 63 1 31 1 33 0 31 0 10 1 40 2 3 2 28 1 77 2 24 0 89 0 56 1 85 0 63 2 97 0 36 1 91
74 1 17 1 43 0 63 0 43 0 43 2 82 0 91 0 85 1 49 2 47 0 59 2 98 0 4 1 80 1 70 0 29 0 86 2 43 0 44 1 48 1 39 0 20 2 34 0 36 1 55 1 40 2 33 0 58 1 37 2 84 0 33 1 81 2 27 2 88 1 46 1 61 1 30 0 13 2 66 2 25 1 99 0 28 1 82 1 6 0 73 2 97 1 95 0 48 2 46 1 29 0 96 2 92 2 67 1 62 2 11 2 39 1 93 0 98 2 51 1 3 2 26 2 58 0 44 1 40 1 73 0 78 0 37 1 86 0 25 2 40 2 40 2 18 0 41 1 92
90 2 19 2 23 2 56 2 41 2 41 2 100 1 84 2 35 1 87 1 65 0 70 2 32 1 93 0 43 2 64 2 82 2 60 0 88 1 86 2 29 0 100 0 13 0 84 2 26 2 68 1 43 0 54 2 69 0 75 1 93 1 87 2 53 0 96 0 45 2 62 0 73 1 7 2 68 1 16 0 1 2 28 1 87 1 75 2 82 2 32 1 5 0 1 2 50 0 46 1 18 1 72 1 3 0 67 0 99 1 37 0 50 2 5 0 62 2 47 1 83 1 85 2 17 1 44 0 13 1 96 2 3 2 68 0 52 0 52 0 33 0 75 0 86 1 32 2 7 1 76 1 14 2 8 2 38 0 48 1 75 1 90 1 78 1 32 0 8 1 18 2 12 2 28 1 2 2 22 1 6
20 0 56 0 51 2 73 0 38 0 55 2 57 2 5 1 81 1 77 0 54 0 94 1 67 0 67 0 68 2 71 2 24 2 92 2 8 2 19 0 75
78 2 68 0 99 2 15 2 36 1 50 0 67 2 92 0 24 2 44 0 53 1 85 0 65 2 48 2 91 0 55 0 47 1 11 0 6 0 31 2 69 2 66 1 85 0 8 2 6 0 17 0 54 0 66 2 50 2 22 0 34 2 91 1 99 1 93 1 82 0 75 0 1 2 57 0 22 1 3 0 67 2 83 2 58 2 100 1 9 2 30 1 83 2 83 2 88 0 78 2 60 2 58 2 28 0 26 1 55 1 92 0 76 0 75 0 78 1 34 0 37 1 20 1 57 1 64 2 61 1 1 1 27 2 9 0 3 1 66 2 4 0 80 2 10 0 24 1 43 0 10 0 29 1 44 2 45
7 0 18 1 89 1 74 0 95 0 87 1 6 2 86
67 2 96 2 85 0 50 1 84 0 80 1 77 1 8 0 72 1 17 2 97 1 57 2 23 1 45 0 45 2 98 1 66 2 84 2 71 1 91 2 26 0 35 0 64 1 12 2 10 1 26 0 79 2 23 2 46 0 40 0 98 0 29 2 78 0 39 0 57 0 73 0 74 2 88 0 52 0 31 2 72 1 91 2 30 2 52 2 93 0 57 0 99 2 40 2 21 2 90 1 55 1 53 1 89 2 1 0 15 1 95 2 86 2 22 2 33 1 56 2 14 2 75 2 84 2 73 2 18 1 17 2 65 0 14
97 2 100 1 56 0 69 0 57 0 76 1 89 2 43 0 52 2 55 2 23 2 70 2 1 0 81 2 31 2 87 2 31 0 84 0 26 2 28 2 63 2 32 2 95 1 22 1 39 0 93 0 43 1 37 2 84 0 95 1 8 0 44 1 43 1 9 2 29 2 1 2 95 1 87 1 47 1 69 2 8 0 2 0 57 1 70 0 52 1 99 0 94 2 21 1 66 1 7 0 5 2 74 1 37 0 86 0 58 0 91 1 49 1 99 0 40 1 50 0 24 0 90 2 17 2 52 2 87 0 37 2 70 0 7 0 93 2 6 0 52 2 82 2 97 2 75 2 55 2 70 2 99 0 30 0 74 1 73 1 70 1 27 0 62 0 55 2 88 0 90 0 52 1 65 0 72 1 35 2 95 0 45 2 73 0 95 2 78 0 57 1 75 2 49
11 1 14 0 34 2 17 0 75 1 31 2 45 2 81 2 3 1 60 1 28 0 32
1 2 89
28 1 78 0 15 1 26 0 30 1 41 1 66 1 17 1 42 1 39 0 46 0 61 0 59 2 44 0 11 1 49 0 93 0 3 2 47 1 57 1 90 2 79 2 35 1 94 1 81 0 100 0 34 1 54 0 86
78 1 83 2 7 0 23 2 30 1 39 1 82 0 18 2 87 0 18 2 8 1 78 2 53 1 65 0 72 1 53 2 96 2 46 2 24 0 47 2 20 2 7 1 15 0 38 1 50 0 89 0 9 1 16 1 57 0 31 2 62 2 54 0 84 1 37 2 91 1 85 1 30 0 39 1 56 2 75 2 8 1 28 0 22 0 46 2 48 0 49 2 97 1 21 2 65 2 64 0 77 2 47 1 78 0 50 1 32 1 40 2 8 1 80 1 53 2 90 0 87 1 94 0 97 2 44 2 67 1 27 1 1 1 98 1 8 0 31 0 98 2 89 1 59 1 11 0 56 0 66 0 17 1 16 0 34
2 0 74 2 59
72 0 55 0 29 1 60 1 91 2 91 2 19 1 96 2 62 2 75 2 63 2 78 0 73 0 42 1 96 0 36 0 85 2 92 2 12 2 97 2 48 0 58 1 88 1 42 0 34 2 16 2 25 2 1 0 17 1 17 0 15 2 97 0 77 1 71 1 64 2 42 0 3 1 8 0 49 0 47 1 44 1 64 2 66 2 24 0 58 2 72 2 73 0 43 0 92 2 29 2 31 1 56 1 56 0 43 1 27 2 68 2 76 2 30 1 5 0 69 2 71 2 63 2 24 1 53 1 67 2 34 2 80 2 84 0 99 1 79 0 31 0 67 2 13
96 2 89 2 29 1 9 0 17 2 32 0 83 0 96 2 59 2 61 2 68 2 96 2 47 1 98 1 26 1 89 1 18 2 29 1 42 1 11 2 72 1 52 0 77 0 60 1 6 2 57 0 76 1 53 2 84 2 43 1 97 2 100 2 76 1 63 0 27 1 85 0 23 1 32 0 30 2 75 1 39 0 79 2 53 1 55 1 67 0 45 0 68 1 41 0 21 1 84 0 55 0 75 2 79 2 90 0 97 0 51 1 34 2 71 0 42 0 72 2 60 1 20 0 92 2 22 2 89 2 68 0 34 0 59 1 89 2 92 1 6 1 18 0 91 2 67 0 2 0 56 2 12 2 76 1 13 0 5 2 50 1 73 1 47 1 65 1 76 0 47 2 95 1 89 2 37 1 54 2 46 0 4 2 89 0 32 2 98 1 75 2 16
72 1 70 2 94 0 34 2 34 1 24 1 88 0 70 1 85 2 61 2 21 1 76 0 49 0 71 0 9 2 38 2 35 2 25 1 22 0 17 2 1 1 76 1 27 0 19 2 52 0 56 2 5 2 98 0 34 0 72 2 75 1 49 1 73 0 2 1 11 1 99 1 89 0 47 0 41 2 59 2 17 0 17 0 46 0 45 0 72 2 5 2 76 0 47 1 60 0 50 1 87 2 78 2 59 2 94 2 32 0 68 2 57 0 15 0 2 0 88 1 31 1 69 2 63 2 59 2 9 2 12 0 19 2 52 0 34 2 21 0 57 2 93 1 37
40 2 25 0 53 2 39 1 95 2 97 2 15 1 65 2 63 0 42 2 28 1 62 0 68 2 71 1 79 0 85 2 85 0 66 0 66 2 3 0 88 1 6 0 89 2 45 1 45 0 32 0 78 2 63 2 50 0 84 2 24 1 76 2 47 1 36 2 84 0 98 1 64 2 53 1 37 0 69 1 71
27 0 98 1 49 1 58 2 30 0 34 2 69 1 28 1 9 1 29 0 1 1 10 0 5 2 6 1 6 1 40 1 14 1 41 1 98 1 87 1 74 1 75 2 70 0 45 1 70 0 23 0 83 1 45
90 2 6 1 37 2 3 0 96 1 32 0 95 2 66 0 65 2 34 1 10 2 11 2 63 1 14 2 6 1 68 1 42 0 100 1 100 1 45 2 65 1 81 0 85 1 57 2 83 2 69 2 18 2 38 0 61 0 31 1 52 0 14 0 94 2 12 1 14 2 41 2 44 1 92 1 91 2 62 1 63 2 67 0 95 2 13 1 68 2 77 0 91 0 32 0 91 1 77 0 63 0 13 2 93 1 3 0 75 2 40 1 46 0 25 0 30 1 55 0 9 1 81 1 4 1 83 0 43 0 64 2 93 1 15 1 7 2 14 1 4 2 100 2 83 1 88 0 4 2 54 0 6 2 25 0 49 0 60 0 31 1 11 0 8 2 6 2 56 2 77 2 79 2 18 1 53 0 15 2 92
20 1 25 2 31 2 29 0 8 2 23 1 41 0 7 1 33 1 73 0 15 0 59 2 98 1 75 0 81 0 48 0 29 1 97 1 46 0 14 0 30
75 0 10 1 33 1 54 1 59 2 14 0 51 0 18 2 42 2 99 1 92 2 75 0 46 1 65 1 84 2 83 1 12 1 52 1 35 2 17 2 19 0 54 1 18 1 6 1 86 1 54 2 28 2 78 0 40 0 100 0 69 1 37 1 50 1 37 0 23 1 16 2 61 1 90 0 17 0 20 1 78 0 18 2 16 1 35 0 7 1 28 0 91 2 34 2 84 1 97 2 87 1 53 1 95 0 67 1 22 1 52 2 14 1 86 2 15 0 21 1 41 1 46 2 32 1 34 0 69 2 27 0 9 1 72 2 28 0 74 0 30 0 27 0 43 2 1 1 96 0 8
31 2 32 1 15 1 92 2 21 2 78 0 55 2 95 1 95 2 66 2 18 2 33 1 88 2 68 1 66 2 8 2 60 0 16 2 85 2 78 1 62 1 14 1 8 1 96 0 38 2 66 1 47 0 70 1 41 1 8 1 41 1 42
78 2 92 0 70 0 90 1 5 0 77 2 57 0 77 0 85 0 52 0 68 1 17 1 65 1 23 2 75 0 39 0 49 1 35 1 40 0 86 2 56 1 54 2 8 1 97 2 26 1 66 2 58 1 21 2 37 0 50 2 95 1 87 1 7 0 90 1 85 1 80 2 61 1 63 1 47 0 59 1 70 0 15 0 16 2 13 1 33 0 70 2 55 1 26 2 43 1 67 2 18 1 79 1 2 2 77 0 39 0 55 0 59 0 12 0 31 1 33 0 31 1 88 0 49 2 15 2 96 1 76 0 9 1 32 0 20 1 16 2 17 1 76 2 61 0 69 1 27 1 67 2 89 1 28 1 25
35 0 77 2 83 1 79 1 48 0 8 1 5 0 57 0 53 2 54 1 10 1 11 0 50 0 58 2 19 0 11 2 60 0 44 1 75 2 39 2 97 0 66 2 56 2 80 1 61 2 45 2 21 0 34 1 91 1 47 1 88 0 11 1 49 2 60 1 74 2 35
26 0 74 2 37 1 27 0 49 1 24 0 76 1 76 2 53 0 52 1 77 1 28 0 82 0 62 0 34 2 59 0 18 1 67 1 30 0 30 2 15 2 28 0 25 1 36 0 68 2 95 1 31
36 1 92 1 91 0 75 0 20 2 15 0 10 2 87 1 67 0 74 1 25 2 84 2 9 0 72 0 10 0 54 2 6 2 1 0 13 2 28 0 52 0 38 0 17 2 13 0 16 1 43 0 58 1 79 1 73 0 35 1 42 2 10 1 62 0 46 2 14 1 9 0 77
91 1 64 0 34 0 80 0 67 0 23 1 17 1 59 2 74 2 93 1 48 0 95 1 39 1 64 2 8 1 26 0 25 0 85 1 89 0 71 2 86 0 81 0 55 2 43 0 74 2 82 2 12 1 82 0 28 2 77 2 52 2 9 0 59 2 71 0 82 0 100 0 36 0 46 1 86 0 99 1 1 0 93 2 33 1 90 0 38 0 58 2 26 1 27 1 80 1 43 1 37 0 98 1 79 1 85 2 46 0 55 1 8 2 17 0 99 2 37 2 71 0 13 2 56 0 13 1 86 1 7 2 37 0 76 2 16 2 44 1 5 2 60 1 99 1 56 1 16 2 60 1 59 0 19 1 56 0 48 0 83 0 61 1 31 1 65 2 15 1 50 2 44 2 65 1 83 1 5 2 79 0 32
39 1 57 1 12 2 75 2 8 1 5 0 87 2 89 0 78 2 50 1 4 1 11 1 27 2 52 0 69 0 96 1 86 1 30 0 42 2 24 0 57 0 92 0 75 1 33 0 5 2 94 1 74 2 78 0 56 1 99 1 87 1 67 0 38 1 75 2 45 2 52 0 81 1 65 2 41 2 5
25 0 37 0 73 1 50 0 95 2 1 2 4 0 73 1 57 1 94 2 42 0 72 2 58 0 39 0 71 1 71 1 28 1 30 1 17 0 46 1 26 1 29 1 34 2 93 1 84 1 76
65 2 10 0 47 0 90 1 49 0 93 2 94 2 86 2 48 2 85 2 61 0 92 1 16 2 63 2 17 1 92 2 4 0 25 0 34 1 82 0 42 1 52 1 84 1 45 1 64 2 88 0 76 2 88 0 68 1 89 1 26 0 18 2 74 0 18 2 100 1 54 0 88 2 2 2 50 2 35 0 19 2 14 0 56 1 63 2 82 0 46 2 24 1 47 2 57 1 73 0 57 1 37 1 79 1 29 1 100 1 99 0 51 1 67 0 67 2 25 2 76 1 62 0 27 2 49 2 16 2 58
21 2 74 1 38 1 51 2 27 2 44 1 40 2 55 1 50 0 10 0 15 1 24 1 21 0 47 2 61 1 85 0 86 1 37 0 57 0 92 1 80 0 22
36 2 1 0 82 0 40 0 12 0 15 1 72 0 1 0 100 0 54 0 97 0 100 2 89 1 12 0 5 0 58 1 84 1 10 2 25 1 76 2 63 0 39 0 38 0 14 0 19 0 55 0 69 2 92 2 87 0 71 2 85 0 4 2 95 0 67 2 79 0 18 1 91
87 0 96 0 48 0 21 2 21 0 83 1 47 2 3 2 93 1 44 1 15 0 56 1 24 2 62 0 63 0 65 1 6 0 45 0 28 2 66 0 85 0 93 0 49 1 17 2 39 0 84 1 78 2 50 1 7 2 25 1 96 2 81 2 23 2 6 1 61 2 47 2 49 1 33 2 66 1 30 0 49 0 66 0 28 0 48 1 76 0 79 2 80 0 71 2 15 0 96 1 43 2 8 2 93 0 73 2 24 0 87 0 66 0 36 1 52 0 89 0 17 1 85 0 10 0 42 1 39 1 86 2 32 1 54 2 77 2 96 1 55 1 4 0 100 0 79 0 49 0 78 0 76 0 50 0 35 2 76 1 61 2 74 1 53 1 82 1 20 0 12 2 61 2 46
63 0 34 1 96 0 99 1 10 1 2 2 64 0 39 0 14 1 3 2 63 0 33 1 36 0 77 0 15 1 56 1 65 1 88 2 11 0 22 1 89 2 44 0 44 1 70 0 52 1 15 2 55 1 21 1 80 0 99 1 85 0 23 2 99 1 90 2 67 2 70 1 79 2 68 0 82 0 7 0 76 2 29 0 19 1 22 2 59 0 78 1 73 2 12 0 19 1 64 2 22 0 52 2 13 2 54 1 5 0 100 1 73 0 78 0 77 2 32 1 35 1 77 0 71 1 68
20 1 94 0 10 0 53 0 93 0 28 1 36 1 64 2 47 2 74 0 43 2 19 1 74 2 1 1 35 0 28 1 79 1 58 2 38 1 5 2 28
