10 95
6687036 5256101 9392885 5103729 4745747 575957 8772639 269598 6474251 5915489
49 5 89 0 65 7 27 0 5 6 88 1 48 8 89 8 42 5 93 1 58 9 62 6 82 2 19 2 50 1 74 8 62 4 14 3 73 1 72 3 77 0 17 6 78 3 3 6 61 0 72 0 64 6 27 3 77 8 97 7 91 2 70 9 9 2 56 8 18 7 83 8 22 7 62 1 22 7 34 9 55 4 65 4 86 5 97 3 15 4 25 8 38 7 70 9 8 5 20
17 1 52 4 12 3 87 8 95 4 24 6 1 6 17 0 93 7 21 1 60 2 78 0 29 8 61 1 15 6 20 3 95 7 74
74 0 91 7 75 7 73 4 15 6 9 7 14 2 39 6 57 2 46 0 68 9 91 1 42 2 58 1 83 1 28 3 63 3 81 5 67 1 54 3 62 0 93 9 34 2 13 7 13 7 57 2 55 4 24 3 6 9 5 6 89 6 13 3 8 9 82 0 76 4 18 0 87 7 28 8 91 0 23 7 42 8 26 2 4 8 84 3 64 2 92 3 67 4 3 4 35 9 22 2 22 0 84 6 5 4 48 6 26 9 100 3 26 7 89 3 29 0 56 8 41 1 88 0 70 8 15 9 50 7 31 9 75 2 43 1 66 2 24 9 44 9 3 4 51 1 78 7 33
5 1 25 0 88 6 74 2 1 0 17
44 1 42 1 46 6 88 9 43 7 96 2 98 1 45 6 21 5 55 8 20 4 56 5 68 0 52 1 25 3 31 6 45 7 2 3 59 3 75 0 2 7 13 9 93 8 29 8 50 5 24 1 56 4 82 2 44 4 64 3 82 4 27 4 25 3 68 0 48 7 10 1 80 6 5 6 39 2 47 7 84 8 100 2 16 1 92 5 74
60 2 100 9 20 1 15 1 18 1 43 9 10 1 12 4 18 8 11 8 49 7 91 9 31 8 4 8 87 9 69 5 40 0 39 9 61 5 93 2 25 7 40 2 24 8 41 1 98 3 77 1 44 9 80 2 25 6 42 2 10 2 97 4 89 7 93 5 28 2 96 5 79 3 24 3 5 1 70 1 67 1 34 6 48 5 19 7 76 3 53 7 56 4 68 3 79 5 49 8 86 5 56 3 42 4 27 3 28 5 95 6 68 2 52 9 34 1 67 1 43
96 0 16 1 100 1 45 1 99 1 51 9 79 3 41 1 54 8 30 0 8 4 18 1 96 8 43 1 81 0 79 5 53 5 2 6 18 0 43 2 51 6 55 2 79 0 63 9 22 4 54 2 5 1 9 7 23 2 24 8 73 1 40 8 21 0 12 4 23 5 28 4 40 2 60 8 82 3 4 6 25 0 31 5 27 2 67 0 74 1 36 5 31 4 97 1 21 8 15 3 66 4 61 1 83 2 5 2 22 6 48 6 36 0 77 7 37 3 7 3 69 0 18 0 38 6 20 5 96 6 95 8 18 5 33 6 76 3 97 5 82 6 83 5 61 8 87 6 7 1 63 7 65 2 43 8 42 1 64 6 92 0 89 7 15 0 54 8 14 1 36 0 66 8 81 7 41 3 53 5 92 0 97 1 58 9 97 3 3 8 63 4 95
36 5 20 8 77 2 46 5 95 2 73 0 6 1 11 2 48 0 70 6 82 6 9 5 36 2 48 6 74 7 26 8 98 2 44 3 10 1 83 8 99 4 72 7 57 2 80 8 46 9 53 4 46 4 64 3 4 5 100 3 11 5 19 9 83 7 16 0 56 6 63 0 1
8 0 88 9 31 6 63 3 16 7 37 8 37 6 87 4 58
25 4 12 9 23 7 60 1 100 9 95 4 78 0 57 3 6 1 32 8 99 4 90 9 52 7 42 5 11 5 95 0 76 6 31 0 49 1 63 4 100 8 93 3 81 0 18 5 17 5 56
91 5 82 1 63 4 14 6 4 7 40 5 81 8 52 7 42 0 70 2 43 6 78 1 58 3 23 9 4 6 69 9 33 6 9 5 8 9 73 8 14 9 88 3 12 1 63 1 33 6 35 2 7 8 35 7 31 1 12 9 67 0 11 9 72 2 5 7 43 0 80 9 68 9 58 4 39 7 19 5 72 2 48 5 82 7 47 4 84 1 68 3 86 9 74 8 62 9 60 1 72 4 42 4 79 0 69 5 65 5 42 9 15 2 83 3 71 2 15 4 38 2 66 1 11 2 5 2 64 3 55 0 2 6 90 9 5 4 57 8 84 5 89 7 100 7 48 6 86 4 98 1 91 7 87 3 19 8 7 6 5 0 47 5 84 7 64 4 69 1 43 7 27 9 74 4 71 2 46 1 60 0 16
47 5 15 0 13 4 64 6 29 8 29 2 56 7 53 0 34 7 55 2 2 2 83 8 23 2 88 2 69 2 19 1 2 9 34 2 28 0 83 8 26 0 54 6 54 0 87 3 36 5 62 1 51 3 34 4 55 3 20 4 83 1 37 8 48 9 62 3 75 8 62 1 4 8 47 4 13 3 42 7 99 9 70 0 37 8 87 0 54 6 31 4 54 9 2
20 1 80 8 27 9 35 5 40 0 56 6 36 0 54 7 80 2 97 6 18 1 39 7 100 2 99 9 7 1 73 0 91 3 49 1 64 8 25 7 11
18 8 37 7 25 6 5 0 40 8 94 1 98 2 35 8 69 5 58 8 74 7 79 9 73 9 47 2 11 2 55 2 11 1 42 8 90
90 1 92 6 32 0 60 3 17 7 10 8 98 8 58 8 99 2 84 9 7 5 71 3 61 8 56 9 94 4 92 4 15 3 91 2 18 3 14 2 21 2 3 5 12 7 65 8 57 7 99 5 22 7 87 8 88 2 90 5 83 2 16 3 53 0 18 0 50 2 78 5 30 7 98 2 15 6 74 0 87 1 60 2 8 0 84 5 49 8 31 7 82 7 96 6 60 0 25 1 91 7 80 3 8 4 50 2 93 0 31 5 91 9 68 6 69 2 64 5 48 4 54 3 48 4 31 3 5 5 3 5 15 8 86 0 41 5 51 7 47 1 59 1 53 4 40 0 14 7 100 7 6 2 95 5 44 9 11 5 49 6 7 7 79 6 25 6 93 3 23 8 92 9 48 1 26 8 92 9 16
32 2 38 7 96 6 96 8 9 9 70 7 53 0 89 8 59 1 36 8 65 8 14 8 45 7 88 7 15 7 90 6 67 7 91 4 58 4 99 1 95 2 74 2 35 3 74 4 89 7 1 2 16 6 83 2 56 3 11 1 69 7 71 0 38
20 9 15 3 2 9 90 1 13 8 49 9 89 0 73 7 80 3 7 7 32 7 6 3 45 3 44 7 6 9 30 9 54 4 65 5 83 8 12 9 33
65 5 81 4 69 7 80 9 45 5 47 0 23 2 39 8 66 8 42 4 65 9 24 9 50 2 4 2 14 6 22 7 38 0 64 4 79 9 77 8 69 4 55 9 1 7 46 6 32 2 17 8 100 8 51 9 29 8 18 4 26 8 30 2 65 6 63 7 19 3 100 8 37 8 49 4 70 1 95 0 52 7 52 2 29 9 90 6 54 5 60 7 46 4 14 1 29 1 31 1 39 3 4 8 31 4 86 6 83 6 28 7 68 2 45 5 67 5 19 7 34 5 34 3 28 3 43 6 93 4 44
65 4 31 8 21 2 55 4 32 0 45 0 79 2 1 8 15 2 15 0 45 9 88 3 54 9 59 8 55 4 36 6 42 5 29 6 33 1 57 4 31 8 93 0 36 9 30 5 19 6 100 9 81 3 57 1 59 0 49 9 26 9 13 6 81 7 51 6 38 4 99 7 33 2 56 6 47 9 77 7 23 2 31 8 16 5 26 3 31 4 97 5 47 0 14 9 62 9 40 7 37 0 59 2 5 1 52 3 63 8 85 2 8 4 99 7 53 5 2 9 71 9 30 7 85 6 84 7 23 1 23
100 8 9 9 23 4 95 8 42 3 56 7 42 7 63 1 69 6 28 5 2 1 66 8 19 0 84 9 90 5 35 4 48 0 39 5 52 8 96 6 81 3 50 0 16 9 62 5 75 0 48 6 10 7 3 5 48 1 72 9 20 3 14 3 92 1 13 7 70 0 51 3 35 6 15 7 7 9 38 3 74 0 27 1 98 9 85 7 20 7 57 0 53 8 22 0 85 6 72 0 9 4 75 6 80 9 34 2 36 2 42 5 73 0 94 1 76 6 54 4 4 2 56 5 56 7 91 9 74 4 64 2 59 3 82 7 10 7 1 9 72 7 35 3 25 2 70 5 60 4 16 1 35 0 18 8 37 8 13 9 94 3 100 0 8 9 20 8 95 1 40 3 8 6 76 0 67 7 66 2 64 3 13 5 77 4 39 4 3 7 69 6 77 9 12 3 88 0 5 6 7
24 3 54 7 55 9 72 4 39 9 4 2 55 5 71 8 28 6 59 5 12 9 86 1 13 3 51 2 67 8 2 9 25 2 93 8 99 6 11 9 5 0 88 2 66 1 53 1 50
90 4 32 5 30 5 25 9 100 1 100 1 57 9 24 0 47 4 84 0 100 0 35 5 75 2 96 5 43 9 83 3 59 7 37 1 4 8 63 7 8 2 44 4 94 3 60 7 5 1 5 0 6 7 88 1 9 5 76 4 65 5 23 9 46 5 75 5 58 9 36 6 81 7 48 9 42 9 34 6 86 3 51 6 68 3 100 4 34 8 65 3 49 6 12 8 40 5 13 8 31 3 64 6 1 4 90 1 21 8 8 1 51 1 1 1 76 0 52 3 86 0 87 2 46 8 95 8 41 1 8 1 75 2 24 1 9 2 72 6 14 6 57 5 65 9 88 0 95 7 71 6 9 8 38 2 6 3 73 7 54 4 26 5 39 2 47 9 44 6 95 3 59 2 79 3 58 9 49 8 71
62 2 10 2 97 4 23 5 83 3 42 5 17 8 32 0 22 3 26 9 26 8 65 1 68 9 70 6 93 6 78 8 67 0 94 5 94 7 10 5 11 6 55 1 13 0 56 0 18 2 72 1 15 8 49 3 50 3 38 1 59 1 89 7 83 7 27 6 33 2 64 2 76 8 99 3 32 1 35 6 52 9 93 8 78 4 89 7 95 0 78 9 10 7 53 1 74 0 87 7 27 1 50 9 51 1 45 9 62 5 55 8 57 5 48 6 81 5 46 2 20 9 90 1 91
75 4 16 4 57 7 26 4 37 2 84 4 46 2 47 4 15 6 1 3 80 7 94 1 98 9 66 9 92 3 75 1 25 8 11 0 32 8 75 2 46 6 66 0 42 3 95 0 44 9 70 9 62 4 41 5 57 5 70 9 15 7 60 6 18 7 2 1 12 5 60 4 47 2 2 1 60 9 67 7 76 5 43 3 32 6 86 8 99 1 22 8 24 7 14 6 91 3 84 1 4 5 3 2 52 4 3 1 6 7 97 1 15 6 64 2 9 6 57 9 35 2 65 7 80 4 32 9 20 2 46 4 46 7 75 8 43 5 74 3 27 3 20 0 18 5 98 5 43 8 82
29 5 40 8 92 9 7 3 22 6 65 0 27 4 77 5 88 1 76 0 49 9 15 5 43 3 42 9 16 6 51 2 27 5 27 1 84 5 99 3 91 9 68 7 53 5 40 5 55 8 91 2 56 7 42 4 37 0 25
59 6 69 2 12 5 60 2 54 3 100 6 17 2 69 1 54 7 37 9 47 9 38 4 77 9 93 5 25 6 99 7 71 1 28 7 66 0 9 1 45 9 63 8 26 6 58 7 58 4 40 2 72 5 95 7 50 2 11 6 1 4 3 3 76 8 74 4 40 8 93 2 72 0 61 2 72 7 28 7 63 9 1 6 35 3 91 6 38 3 30 3 69 1 86 7 53 0 88 2 64 7 24 4 49 6 23 3 5 9 36 3 61 4 62 8 72 0 51
89 3 44 6 73 7 99 2 66 7 22 3 12 8 66 8 62 5 16 4 90 5 81 7 95 3 19 3 42 1 72 8 77 4 91 1 51 8 69 9 81 9 91 9 4 8 76 6 2 5 47 7 82 3 4 7 67 5 81 8 7 9 5 2 65 6 100 7 46 1 78 8 22 5 30 8 19 8 11 9 86 2 64 1 84 0 55 3 10 5 74 1 19 7 93 0 19 5 100 6 93 6 77 5 95 3 4 9 18 4 62 2 46 1 73 6 65 2 81 1 56 0 96 1 39 9 39 1 53 3 62 0 47 0 22 3 56 5 17 8 64 3 88 5 33 6 42 8 27 7 18 3 35 2 18 1 49 6 57 0 22 5 91 2 39 5 32 5 62 6 43 9 46 3 19 9 4 6 72
42 3 4 7 65 4 43 9 14 8 86 6 41 7 95 7 15 2 1 8 45 8 81 3 14 3 36 3 34 1 14 1 2 6 56 6 10 3 76 1 31 1 88 3 85 3 46 9 63 4 13 0 30 9 99 1 53 9 61 7 18 7 70 5 36 0 58 9 71 2 6 7 24 2 73 4 99 1 22 2 81 4 70 1 27
39 9 26 5 64 4 22 5 30 3 16 6 6 0 92 3 91 3 32 9 95 0 66 0 83 5 98 7 18 0 3 0 82 4 41 3 25 2 10 2 94 1 49 3 92 2 20 8 12 3 78 2 13 6 50 3 83 8 36 5 33 0 7 6 83 8 3 6 23 4 36 7 39 7 5 2 11 3 83
51 7 57 1 73 0 51 2 28 4 2 9 52 5 16 0 99 8 73 5 36 8 44 4 29 0 55 0 87 6 16 8 95 2 14 7 12 3 4 3 8 4 4 8 52 6 47 7 95 1 74 5 76 0 7 2 30 4 50 3 6 2 2 3 100 0 58 2 84 1 90 2 66 4 97 4 60 1 61 3 32 8 29 0 53 8 33 9 15 3 61 0 56 3 89 9 23 6 39 1 64 1 37
74 7 76 7 27 5 86 4 40 9 12 4 65 1 57 0 71 5 52 5 35 4 31 4 60 6 85 7 69 6 68 7 97 7 33 5 7 6 90 1 70 8 22 7 68 4 81 0 56 3 100 4 97 2 90 4 56 5 87 4 55 8 98 8 69 5 55 2 86 0 49 6 3 0 39 9 86 6 95 8 17 6 17 5 27 7 93 8 96 2 68 4 95 6 57 7 43 0 59 0 8 3 91 0 31 2 7 2 38 1 12 0 54 0 90 9 48 5 100 0 23 3 30 0 35 1 43 9 16 5 10 2 71 4 94 9 71 6 9 3 51 5 33 7 100 1 84 0 16
40 3 51 7 3 3 97 0 31 4 89 2 65 7 80 0 94 9 31 8 84 3 32 5 18 6 90 0 44 0 26 8 14 9 59 0 58 3 93 0 22 5 2 0 85 3 90 2 28 1 97 0 29 5 76 5 77 7 34 6 80 9 60 5 9 5 58 2 83 0 10 9 34 3 87 5 29 1 100 9 22
43 2 56 6 99 7 20 2 18 5 71 3 62 7 49 9 53 1 99 0 55 4 29 4 32 7 100 0 36 5 95 5 45 9 36 0 33 4 80 4 63 0 98 3 30 6 62 6 83 9 100 8 80 3 45 9 23 4 77 6 13 7 76 2 49 8 48 9 42 9 97 5 92 0 44 2 29 9 95 9 52 9 34 9 69 1 49
94 5 63 9 4 8 67 5 61 8 96 4 73 3 82 5 49 6 71 7 9 7 48 1 16 2 79 7 48 3 80 1 12 4 46 8 24 0 11 2 68 4 29 0 38 5 54 5 100 9 43 0 44 7 84 4 50 6 73 4 28 1 81 4 11 5 38 0 44 0 29 0 39 5 85 1 22 0 55 0 59 7 52 1 1 4 9 5 97 5 14 7 39 2 99 0 97 4 11 8 99 6 35 2 33 3 42 9 53 3 78 2 12 5 48 6 17 6 77 7 53 3 94 9 60 8 40 5 18 7 17 4 19 7 4 9 23 9 7 6 58 6 54 6 57 4 85 8 64 0 91 3 14 7 69 9 32 8 3 1 76 6 37 7 33 7 23 0 99 1 75 2 91 9 58 1 15 9 19 5 49 8 81 2 63 2 32 3 92
59 6 47 0 34 6 86 5 64 0 80 5 75 9 64 5 44 5 3 4 15 9 14 8 51 2 93 9 92 5 12 1 63 0 44 4 21 2 15 9 67 8 38 6 99 5 39 5 32 5 34 6 17 9 12 0 34 8 84 8 48 0 48 0 67 0 86 8 45 9 73 7 79 3 49 0 95 3 34 9 54 9 20 4 57 1 90 8 33 4 65 4 57 2 27 3 66 3 85 0 74 8 73 4 34 8 8 3 98 2 71 1 15 4 56 3 76 7 48
90 5 93 9 44 4 22 2 35 0 8 7 63 6 7 6 53 3 80 3 32 0 9 1 82 7 19 9 100 9 55 1 99 7 98 5 4 7 45 0 12 7 33 3 89 7 2 1 67 0 99 2 54 0 33 7 95 4 26 2 95 0 41 6 97 5 51 9 39 0 74 4 62 9 67 2 64 0 33 5 80 5 19 9 59 4 2 0 83 2 10 9 58 9 59 1 74 7 14 1 55 5 66 3 19 9 92 5 26 4 9 1 98 9 28 6 41 4 47 2 27 4 93 6 42 8 20 4 57 5 47 5 63 0 35 2 9 9 93 7 1 4 32 4 16 5 5 0 37 9 66 8 73 5 21 0 45 2 70 6 49 4 42 6 16 5 69 2 44 9 7 7 82 1 6 2 6 9 92 7 72
34 9 91 1 72 8 95 8 92 2 71 2 38 1 44 6 26 3 6 2 79 7 27 8 28 2 43 2 10 5 71 5 90 1 89 1 48 5 97 4 64 0 23 5 57 7 97 6 30 5 51 5 46 3 78 9 20 7 87 1 11 8 89 1 13 2 51 7 70
29 1 93 1 36 2 45 8 10 0 87 2 18 6 67 4 66 9 58 7 43 5 31 3 27 7 56 5 33 6 13 0 33 6 64 5 80 2 23 6 22 9 87 1 25 3 35 3 39 9 32 9 46 3 13 5 2 1 96
43 5 24 4 21 8 54 7 53 2 44 0 54 1 39 4 96 8 84 4 40 3 49 9 1 7 18 9 54 4 70 2 42 4 25 8 56 9 59 3 67 8 9 4 20 8 31 6 63 4 82 6 52 8 44 5 97 6 29 0 60 9 74 6 76 3 17 7 73 2 15 6 38 2 10 0 6 8 64 5 47 8 25 5 74 8 90
91 1 81 3 8 9 3 8 55 0 86 2 37 3 7 8 15 3 82 8 17 1 31 7 44 7 87 3 81 4 88 8 10 6 39 6 78 9 34 3 86 4 40 5 1 9 53 2 99 0 14 6 53 9 75 1 95 7 75 2 51 7 65 6 80 7 76 4 64 9 76 3 79 3 20 9 78 2 24 7 40 8 29 2 27 7 88 7 37 5 81 9 97 4 1 5 77 1 52 9 65 6 89 9 38 6 67 3 61 2 71 5 25 9 65 0 82 1 9 0 68 5 24 1 22 4 57 8 12 7 93 4 48 2 67 4 17 1 66 0 7 2 40 3 89 9 3 0 5 4 78 2 94 6 47 1 17 9 10 7 18 1 41 1 61 2 72 5 5 2 61 8 41 8 37 3 26 5 61 6 68 6 89
73 7 6 6 44 6 59 7 3 0 23 9 75 4 84 1 100 6 78 8 34 5 95 3 52 0 60 9 56 9 69 4 55 3 85 9 73 4 48 6 83 6 80 5 15 4 40 4 15 1 6 3 18 2 93 2 48 1 3 7 100 8 63 7 55 5 18 3 62 8 79 7 78 9 28 6 19 1 26 2 87 7 37 7 68 2 65 5 100 8 63 9 18 4 7 2 2 6 50 0 23 6 9 0 64 7 7 4 100 5 86 3 34 8 5 2 19 5 98 0 72 5 50 9 14 6 50 1 6 9 56 5 16 8 35 8 94 0 4 6 10 3 15 5 47 7 52
86 7 36 4 100 0 81 1 2 7 63 4 4 5 18 5 1 1 1 7 37 3 72 7 14 5 6 3 7 9 14 3 94 2 5 7 20 8 80 4 88 8 62 0 33 4 78 2 20 2 72 6 58 5 26 7 7 9 29 8 57 5 44 6 41 6 24 5 72 8 99 6 70 0 13 6 94 4 9 8 26 2 56 9 72 4 23 6 12 3 20 8 57 5 98 7 76 9 24 8 19 8 78 5 82 6 33 0 74 5 93 3 64 1 12 2 85 4 89 3 81 9 66 1 26 6 62 5 60 5 4 8 90 3 76 6 50 5 7 5 6 4 90 1 65 0 91 6 79 0 82 4 50 3 33 5 56 4 79 1 90 0 86 5 98 5 29 5 76 5 30 3 70
37 1 29 1 91 8 47 7 39 4 75 2 86 1 70 8 4 6 61 0 29 7 35 0 57 5 61 8 94 8 20 5 6 5 44 2 73 5 83 6 45 4 12 1 18 4 86 4 53 2 49 3 39 0 9 3 80 2 96 8 18 1 35 9 79 5 21 5 15 4 70 2 85 1 34
50 4 56 2 8 5 4 2 25 4 23 8 29 1 51 8 73 0 32 4 96 2 90 6 14 8 83 6 8 1 45 7 80 0 79 3 52 3 67 5 36 9 16 5 32 3 47 9 40 0 44 1 94 6 32 8 25 3 34 1 45 9 56 9 90 3 96 8 73 4 90 1 64 5 51 2 21 5 5 9 9 8 32 4 43 9 64 4 12 5 41 7 56 8 3 5 73 7 84 9 48
16 4 70 4 76 6 5 8 89 8 46 3 62 4 100 8 53 1 60 5 32 1 4 6 69 6 8 7 9 5 94 7 82
90 8 77 6 8 2 12 8 26 8 40 3 53 2 50 9 71 7 1 5 71 6 24 9 40 5 24 5 36 7 67 6 7 1 97 5 20 3 81 7 79 7 35 4 7 5 100 4 57 8 100 7 63 2 66 2 45 3 33 8 50 0 9 8 16 2 88 3 24 4 66 6 90 8 96 8 35 5 15 5 67 1 67 2 3 2 44 3 16 5 44 7 15 9 59 8 3 3 97 6 64 9 21 2 90 5 45 3 21 5 7 0 97 0 60 3 24 5 96 9 45 4 100 3 16 5 19 4 72 1 61 9 52 0 82 0 18 3 52 4 32 5 95 1 8 8 29 3 48 5 48 8 92 9 4 6 42 4 60 3 28 0 32 8 12 1 4 2 98 3 34 3 80 2 38 9 91 9 68 0 31
66 6 21 9 10 6 14 5 11 2 63 7 86 1 62 5 19 8 61 9 47 9 84 4 29 4 76 7 71 8 56 8 72 0 86 1 64 1 13 2 8 7 53 6 59 2 100 7 29 0 13 0 36 4 65 2 22 3 87 4 99 8 59 9 27 1 100 9 7 6 92 1 85 3 5 0 54 8 12 3 6 3 58 2 49 4 84 2 39 8 94 0 95 5 60 7 96 0 27 5 55 4 20 6 3 4 58 9 82 6 45 6 87 9 26 8 26 6 23 1 90 3 84 3 56 7 23 4 83 4 11 2 7
24 6 40 0 65 1 81 3 1 9 93 4 10 7 92 8 88 4 23 2 76 4 57 3 80 0 18 7 44 8 29 7 12 7 24 5 70 8 14 4 50 3 3 4 68 9 54 5 19
34 5 85 7 21 9 58 8 15 3 43 7 40 4 28 5 75 7 31 0 74 7 6 5 8 1 68 5 35 4 24 3 7 7 6 8 14 0 69 4 76 0 8 6 65 0 75 5 86 0 26 6 22 7 5 5 85 8 86 4 24 7 86 3 18 0 72 2 33
5 5 79 3 97 5 53 4 33 5 57
3 5 88 4 80 9 1
64 8 43 1 93 2 4 1 60 9 12 0 100 1 20 3 79 3 15 5 8 2 29 5 99 8 59 5 4 8 31 9 52 6 53 3 15 2 35 7 41 1 5 0 22 2 67 0 88 5 53 3 46 1 68 0 50 8 92 0 88 0 3 9 41 4 31 0 10 0 27 7 27 0 29 9 85 7 63 3 20 2 99 7 60 9 13 8 37 3 87 7 62 0 83 8 66 6 1 7 30 8 3 1 52 9 17 4 25 4 95 2 99 5 78 1 8 0 18 7 33 8 45 8 26 4 12 5 67
87 9 29 0 1 9 34 0 37 4 21 3 72 5 72 5 15 7 25 7 52 5 99 8 10 4 51 6 43 9 61 4 50 5 9 8 64 6 58 0 6 5 87 0 81 2 74 2 95 3 69 0 20 8 59 4 29 9 91 2 8 8 8 9 15 6 9 4 55 5 30 2 87 0 91 3 53 0 64 3 82 0 63 5 77 6 96 6 42 6 41 7 100 4 26 9 93 8 59 2 15 2 18 1 47 2 85 4 65 4 27 6 12 2 73 1 77 6 8 5 81 4 35 2 64 4 29 5 11 1 63 7 35 1 16 6 98 3 95 6 82 3 67 8 3 6 5 1 91 7 53 8 90 8 84 9 72 7 33 5 82 6 96 1 16 3 25 1 46 4 33 4 52 3 96
46 9 8 5 20 4 40 4 82 7 15 1 12 0 28 2 7 8 8 2 21 5 92 3 4 1 61 3 47 2 18 2 34 7 4 0 95 0 87 7 21 5 7 5 57 3 4 8 95 4 84 6 61 3 97 1 29 7 34 4 29 7 30 9 33 1 48 4 70 3 22 0 81 3 90 8 32 1 40 2 97 1 43 8 65 7 63 0 96 0 44 3 49
95 4 10 5 37 3 93 7 54 1 3 0 1 8 57 5 20 3 71 6 93 8 85 6 60 4 64 3 65 1 9 0 25 0 5 6 58 1 17 6 52 0 45 1 61 5 41 3 77 0 34 7 94 9 54 2 79 2 62 2 7 5 20 0 46 7 33 4 45 3 47 2 65 5 37 8 94 2 20 5 82 3 78 0 88 7 29 0 38 8 47 3 27 5 54 4 40 9 84 1 74 3 62 1 59 7 25 4 93 8 64 4 71 7 78 8 91 2 50 9 46 2 28 0 35 8 33 4 32 5 88 7 31 6 45 1 8 2 22 2 62 1 59 4 20 3 63 9 57 6 12 6 53 6 26 9 57 7 44 6 4 3 66 4 71 9 89 3 14 9 53 6 2 1 84 9 90 7 86 0 27 6 87 7 21 9 89 0 78 6 36
82 3 8 1 75 3 22 2 41 1 33 0 52 9 2 5 48 8 97 8 76 9 11 6 84 4 90 0 92 5 33 0 7 4 16 9 23 1 70 1 57 2 67 5 30 4 12 8 43 8 23 0 69 1 7 0 91 9 89 4 31 2 51 2 99 0 4 0 85 4 89 2 74 0 29 7 27 6 22 2 86 0 62 6 96 8 98 6 62 2 1 3 9 7 27 8 9 9 15 7 55 8 79 0 56 9 42 8 72 6 40 8 45 5 3 3 74 2 40 2 5 6 43 2 54 2 36 7 22 2 34 5 36 1 21 1 90 8 45 3 9 4 87 2 35 4 77 7 37 7 35 7 96 2 53 0 84 5 1 1 49 8 74 9 41
38 0 95 5 90 2 19 0 90 3 74 8 28 7 65 0 63 1 40 9 56 5 4 7 68 1 46 4 58 3 3 1 8 5 28 0 89 6 90 6 50 6 6 0 18 6 36 2 90 6 70 0 58 8 41 2 63 8 38 0 95 5 97 7 11 4 37 3 7 6 62 5 54 6 91 7 99
45 1 87 3 68 0 61 2 1 9 42 8 84 9 10 6 74 7 18 0 75 6 26 0 29 0 31 7 35 4 57 9 48 6 86 3 5 8 51 8 4 1 42 4 17 1 77 4 50 4 37 3 55 5 85 1 72 7 18 8 25 6 72 8 17 9 77 7 12 0 67 1 71 8 90 9 79 7 8 2 31 4 66 3 35 7 45 4 80 8 89
65 4 10 4 6 0 86 7 46 1 43 6 18 6 28 1 93 8 11 4 57 8 27 5 88 6 38 8 3 9 69 7 58 5 1 4 16 9 94 7 13 9 97 9 22 7 17 1 57 1 93 8 73 0 58 7 34 5 21 9 99 9 44 6 53 7 68 2 34 1 55 2 87 6 29 9 32 9 82 8 91 6 85 5 2 3 27 3 45 6 87 8 39 1 51 7 19 4 84 8 61 6 71 8 11 3 32 9 90 0 77 0 9 4 27 9 49 0 100 1 3 5 14 4 59 9 8 7 32 4 45
9 9 5 2 3 5 87 8 63 9 39 7 82 9 30 5 54 1 86
19 5 71 4 16 1 37 8 15 2 99 9 74 0 3 6 31 6 44 4 74 5 85 3 97 7 25 9 50 4 26 0 61 7 88 0 87 6 37
75 5 60 8 13 6 4 9 91 6 21 6 2 0 37 0 35 1 81 6 37 3 46 6 67 0 100 2 92 6 17 3 23 3 21 8 47 4 69 0 14 7 56 9 49 0 36 8 84 3 41 7 69 0 73 7 5 3 42 3 43 2 62 0 33 4 12 2 70 9 86 9 7 7 40 3 17 5 39 3 87 7 40 4 1 8 74 8 20 4 64 3 16 4 81 5 22 0 54 0 9 0 37 6 7 3 16 0 26 7 15 9 78 9 67 2 56 9 12 1 34 8 6 3 100 4 63 3 6 6 6 7 98 9 23 5 91 1 44 5 28 2 79 5 58 4 84 1 49 9 4
56 6 43 8 15 8 13 6 82 8 23 2 27 2 59 8 63 4 45 8 13 6 16 5 43 3 53 4 80 2 60 1 91 5 49 7 57 2 90 8 45 5 13 6 43 7 8 7 63 9 6 6 89 6 49 3 42 9 97 9 72 6 35 6 17 0 11 4 66 8 18 6 85 9 61 5 40 3 53 6 1 4 92 3 33 2 92 7 30 6 51 8 48 9 91 8 89 9 25 1 29 2 65 8 31 5 27 2 33 8 72 9 63
36 3 44 0 80 1 41 9 47 9 72 3 92 8 63 9 97 4 68 7 5 6 58 6 30 7 94 5 50 7 70 4 98 8 7 3 89 0 79 6 49 9 1 5 76 5 91 5 52 3 42 3 30 1 41 1 12 3 99 4 81 1 10 4 83 0 87 5 69 2 16 2 54
41 0 66 6 72 8 24 4 7 0 82 0 75 0 58 6 14 8 7 9 77 6 19 2 47 1 3 3 14 0 48 4 99 0 50 3 100 7 40 9 62 5 36 9 100 1 53 6 69 1 95 4 84 7 73 7 59 6 62 8 95 6 42 9 40 9 84 3 62 3 97 9 70 3 37 3 13 3 4 7 96 6 92
34 3 75 2 57 5 68 0 49 9 20 4 38 4 34 5 3 5 25 8 95 1 33 1 29 1 71 1 63 7 93 4 21 0 74 7 94 7 72 7 61 8 72 8 36 6 19 0 24 3 48 1 89 1 86 7 86 0 65 3 51 8 45 0 34 7 46 2 27
57 7 68 4 87 9 13 4 49 4 40 5 14 4 73 8 20 4 70 4 86 6 66 3 59 2 2 2 28 4 15 8 80 4 6 2 27 5 10 7 21 7 23 0 26 8 32 9 32 3 72 9 33 2 18 7 87 4 62 9 24 9 58 4 67 4 46 6 41 6 9 8 79 9 76 6 53 9 6 0 63 1 68 5 21 0 94 2 38 9 91 0 65 3 12 4 9 7 12 0 72 4 50 0 72 4 72 9 13 7 86 3 55 5 34
4 2 25 1 3 7 39 3 88
30 3 32 9 75 9 16 3 81 1 11 3 56 7 87 2 69 3 57 5 95 2 93 7 75 5 18 0 87 5 89 0 76 2 10 3 32 8 54 5 72 0 34 2 71 0 23 9 26 4 69 5 59 6 56 3 5 8 46 7 79
16 6 25 7 7 1 51 8 40 4 63 4 4 0 84 0 69 5 69 8 41 9 29 5 6 1 80 2 85 5 59 3 28
65 6 12 1 32 2 58 0 69 6 31 7 81 2 23 7 56 9 58 4 83 7 88 4 7 8 6 9 40 0 50 6 70 0 53 2 62 7 27 9 40 6 46 2 64 9 37 1 97 7 27 1 20 0 5 6 6 7 84 1 78 8 70 1 18 3 47 3 35 7 4 6 14 7 90 6 14 3 34 3 20 3 77 0 18 3 47 6 40 8 52 7 100 5 57 2 89 9 1 0 84 8 3 1 79 3 41 8 16 5 27 7 82 1 16 6 85 2 38 8 82 4 34 7 6 2 56 5 53 5 100
32 8 98 2 57 8 48 5 12 9 3 5 28 8 24 7 80 1 53 4 31 4 98 2 34 1 80 8 67 9 27 4 15 0 74 5 26 1 64 8 32 1 72 8 38 3 88 8 65 3 79 2 56 9 43 3 96 5 97 9 36 7 69 5 69
66 7 72 6 11 4 65 2 37 1 52 3 40 9 82 9 84 6 69 4 48 2 64 7 60 4 18 1 58 6 27 6 55 0 61 3 3 4 56 9 64 4 58 0 76 5 31 0 99 1 27 4 47 4 18 9 83 4 47 7 54 5 36 7 9 4 58 0 29 5 8 5 33 9 27 8 80 8 95 4 6 5 74 3 13 4 55 9 26 9 23 6 22 1 28 4 50 4 57 0 48 5 97 9 11 4 65 2 34 2 30 5 27 9 76 8 71 8 94 3 85 7 17 2 44 9 56 9 5 2 86 5 67
55 5 64 5 19 0 38 7 23 4 97 9 47 7 71 6 5 1 68 6 38 2 49 8 27 4 91 7 8 7 17 5 33 4 42 4 25 3 52 8 48 7 48 4 94 7 25 5 99 8 51 3 95 2 83 3 10 0 85 5 30 7 41 0 24 6 16 0 74 9 25 5 76 1 92 4 13 4 38 2 5 6 95 3 81 0 62 8 45 3 13 6 7 7 64 4 66 4 80 3 57 8 98 4 100 8 73 1 68 5 95
18 4 70 0 36 2 25 1 94 4 11 9 21 0 17 2 88 7 96 5 6 8 100 1 96 4 47 5 56 7 78 6 40 9 66 5 42
39 2 19 0 27 2 51 3 59 6 76 1 53 3 21 9 90 5 20 8 55 6 40 8 49 0 66 9 46 5 76 7 1 1 13 2 58 7 26 4 93 8 19 5 93 3 35 1 87 4 90 2 95 5 93 9 84 3 16 7 8 0 4 3 88 5 83 4 74 1 48 5 29 3 97 0 12 8 4
68 0 78 0 57 3 25 2 81 4 76 1 29 0 98 8 41 7 87 8 6 2 20 7 55 9 92 7 21 5 85 0 88 1 66 8 59 5 21 8 51 6 83 1 5 7 16 9 65 0 32 7 95 1 27 8 22 1 31 4 81 6 50 2 64 0 62 4 73 8 55 2 72 2 56 2 77 2 44 9 60 6 57 6 57 0 10 1 7 4 37 6 61 9 75 3 29 6 47 0 6 1 50 5 29 0 97 9 80 3 82 4 83 1 69 0 8 5 56 8 43 4 80 4 46 8 74 1 9 5 43 4 70 2 93 0 71
26 6 61 5 13 3 39 9 27 5 24 1 34 2 69 4 45 0 16 8 3 6 47 2 98 3 17 3 46 7 98 8 88 6 47 3 69 2 77 7 98 6 15 6 54 7 40 4 60 6 87 9 60
22 3 74 0 99 6 76 3 12 4 60 8 44 2 93 9 5 6 65 2 30 0 52 9 47 6 62 5 3 9 28 9 20 5 43 7 2 3 19 4 97 1 90 2 94
6 2 86 2 83 3 22 1 40 9 79 1 3
1 8 37
24 3 62 1 17 2 80 9 44 6 68 1 62 8 70 0 2 4 97 2 14 9 40 4 45 7 46 1 18 4 56 2 21 6 7 3 87 1 78 7 79 2 4 5 99 9 99 8 55
94 6 40 2 68 7 30 6 46 0 47 1 39 9 64 1 99 1 96 5 19 0 51 1 63 9 31 6 5 1 19 5 25 0 91 8 66 4 92 4 38 3 97 7 97 0 73 6 68 6 13 5 71 2 23 3 90 9 59 0 97 9 69 1 26 0 77 9 66 7 19 3 95 8 31 0 78 6 65 3 86 9 65 4 81 0 81 3 51 9 79 0 30 1 26 6 53 7 21 3 39 4 98 4 39 7 77 8 16 2 9 2 4 7 68 7 57 2 76 7 29 9 6 4 85 6 100 0 26 4 49 2 44 8 40 5 16 0 88 1 34 4 6 1 58 4 26 6 80 4 84 3 26 7 99 3 6 8 87 1 74 8 32 7 63 4 91 8 91 2 68 7 7 5 51 3 89 7 65 5 70 3 9 0 61 8 88 7 79
75 8 9 9 31 1 57 8 17 4 54 3 72 2 53 5 94 6 44 9 86 6 53 2 12 2 59 7 19 1 55 9 51 7 38 4 46 3 23 7 83 9 43 2 70 0 47 3 7 9 24 3 73 8 4 3 100 2 19 8 37 2 34 8 84 3 94 4 30 8 53 6 36 9 4 3 68 9 53 2 67 4 90 5 53 8 32 5 79 2 18 2 4 9 100 8 98 9 22 9 4 4 81 7 20 5 73 6 29 4 84 8 22 1 10 1 84 2 93 3 4 1 18 5 47 3 20 5 56 1 95 1 16 7 6 4 15 4 10 0 97 3 63 4 48 2 56 5 37 1 29
42 3 62 2 10 3 10 1 49 3 34 8 50 3 33 0 5 7 9 2 31 8 40 8 1 6 69 3 3 5 67 3 41 4 60 8 18 4 33 8 74 7 91 2 24 2 81 8 20 6 68 3 75 7 38 4 20 0 16 0 27 6 32 5 25 4 1 7 21 8 18 8 22 7 89 2 55 4 68 2 62 7 77 1 46
14 3 62 6 73 8 80 5 97 5 21 2 41 1 13 1 58 9 7 2 100 3 85 5 96 5 41 8 100
70 1 21 9 17 4 70 1 3 0 87 1 26 7 54 5 30 7 19 7 5 7 93 7 83 7 12 1 90 5 32 1 30 6 68 7 47 4 15 5 16 8 22 3 45 4 93 3 61 2 21 6 82 0 66 8 58 5 39 3 60 5 15 0 44 1 60 7 59 5 65 5 72 4 13 1 5 5 91 7 84 2 93 3 27 4 70 3 100 6 1 1 58 8 23 9 53 5 88 5 12 4 73 1 34 3 23 9 75 9 93 0 40 9 98 0 99 5 36 6 7 8 90 0 51 5 37 7 93 4 12 3 46 8 37 1 32 2 76 2 17
25 2 20 9 74 3 78 9 38 2 78 7 56 1 76 1 21 8 32 2 22 7 27 0 73 0 59 7 77 4 1 1 35 9 47 5 73 8 4 3 17 6 59 7 48 0 9 8 10 1 95
41 1 19 0 15 0 48 5 95 5 81 2 72 9 49 3 81 2 54 6 71 7 38 1 3 5 70 8 6 8 70 9 58 2 100 9 47 3 55 3 28 5 38 0 94 6 80 0 30 3 2 1 72 0 94 7 58 8 49 6 52 9 5 0 16 9 96 9 47 6 16 2 16 5 64 5 18 3 42 1 48 5 77
3 7 31 4 11 2 41
71 6 99 3 28 9 72 8 91 1 73 8 38 2 59 9 80 4 60 5 99 5 32 1 63 3 79 5 82 7 42 4 82 8 34 5 81 1 88 9 97 9 69 7 14 0 93 6 78 6 62 6 77 7 18 4 67 9 56 1 17 4 74 3 17 6 72 5 39 0 72 2 91 9 78 0 58 1 77 0 35 7 54 0 75 7 66 2 94 7 93 3 19 5 73 1 64 8 82 6 92 3 48 9 87 2 33 1 21 4 37 8 25 0 11 6 10 0 68 9 60 3 23 2 44 2 81 3 27 9 55 3 64 7 74 8 53 9 91 7 47 3 94
38 2 45 4 25 0 97 6 28 4 67 5 64 2 50 1 6 3 31 1 72 5 9 4 13 0 46 8 92 2 61 5 35 7 34 0 93 3 1 5 100 2 99 7 55 5 85 3 11 3 63 5 99 6 45 7 14 0 23 6 64 2 51 1 99 9 19 9 37 9 30 6 9 9 57 7 67
74 8 14 4 8 0 13 5 76 6 36 9 98 6 94 5 72 3 34 0 94 9 84 4 54 6 75 8 13 4 72 8 49 2 94 3 45 9 47 6 49 5 77 0 37 2 4 4 19 5 85 6 13 7 95 2 39 5 94 2 83 8 65 8 96 5 13 7 21 3 26 2 30 4 30 7 78 7 71 5 53 7 31 3 50 1 29 0 9 7 26 6 16 9 87 7 83 9 2 5 5 0 4 7 47 8 31 9 15 8 35 8 88 0 93 0 11 5 18 7 88 0 30 7 2 8 93 0 65 0 4 3 92 6 24 3 40 8 77 0 40 7 76 9 53 4 28 1 19
37 4 78 3 38 4 82 0 38 9 12 9 34 2 11 4 77 3 2 2 41 8 97 3 73 8 44 1 92 2 99 0 61 3 2 2 58 0 33 0 100 5 77 8 43 1 78 8 32 0 49 8 96 1 2 3 86 0 91 6 36 6 37 7 9 5 11 9 48 9 7 5 78 4 60
82 4 14 4 5 5 60 4 4 1 20 6 19 8 100 3 70 0 39 7 51 0 14 8 96 2 67 2 93 3 86 5 47 9 19 2 88 5 21 2 4 4 39 6 98 8 35 3 80 7 30 0 11 3 60 8 48 4 72 6 44 0 2 9 54 2 23 3 100 9 94 9 43 8 28 5 89 5 53 4 88 3 71 1 9 2 43 3 38 7 91 1 36 4 28 8 24 0 49 9 97 8 59 3 24 4 78 3 21 6 48 4 7 0 47 7 38 6 65 8 53 1 83 0 96 2 62 5 26 5 94 0 52 2 34 6 54 7 4 2 82 3 4 1 24 4 87 4 18 2 90 8 38 9 30 5 35 6 45 6 86 8 97 1 81
