9 22
3452949 1979578 6616471 5930623 2117833 1875740 9236560 803066 2374169
90 0 11 6 62 3 11 4 81 1 15 6 77 8 85 6 94 6 97 2 29 2 21 0 97 6 39 6 97 4 77 6 65 8 37 4 26 6 70 3 48 3 61 2 47 8 47 0 23 7 56 4 86 0 84 4 23 3 17 8 80 0 81 6 2 4 61 1 74 5 98 7 45 8 34 7 67 1 66 7 10 2 40 0 94 5 63 3 39 4 23 3 61 5 63 4 6 3 91 5 22 2 12 0 35 4 46 4 43 4 37 8 46 6 50 1 72 5 33 2 25 1 93 4 4 4 18 8 92 1 52 8 86 0 70 8 56 3 32 5 27 4 93 4 72 8 25 4 46 6 36 0 37 3 36 2 9 5 33 7 39 5 80 7 52 4 66 5 82 7 78 8 61 2 45 7 59 6 62 2 33
9 0 76 1 58 1 27 7 39 5 23 0 57 6 77 4 51 0 99
95 2 12 2 50 1 74 7 9 0 40 7 90 3 34 1 75 8 90 8 88 3 19 0 77 3 22 5 41 8 10 2 16 8 98 3 50 2 1 0 18 5 73 2 100 0 76 0 59 6 8 8 1 5 50 6 63 3 56 8 7 8 45 0 32 7 60 3 98 5 52 7 79 8 18 8 17 3 13 8 25 3 45 3 13 7 72 2 94 8 81 0 76 3 66 0 58 0 79 5 83 2 15 2 35 8 10 2 11 7 43 2 28 2 39 8 40 3 78 4 49 0 29 7 15 7 74 4 48 3 57 1 73 2 55 4 4 2 78 2 55 8 59 6 99 0 75 0 25 2 63 4 79 3 99 5 11 8 92 5 42 0 45 8 62 8 27 1 83 1 84 3 67 4 10 8 90 1 70 0 34 3 32 1 43 1 6 6 53 2 44
83 0 13 5 8 1 26 6 25 4 30 2 45 7 65 5 89 8 11 4 23 7 47 2 8 6 69 8 13 2 29 5 54 4 42 1 28 1 43 0 55 0 20 8 57 3 13 1 22 8 87 6 28 0 4 6 6 2 92 7 2 3 53 7 76 3 85 1 93 4 11 2 91 0 55 6 47 1 74 3 48 7 66 7 17 0 23 5 39 2 89 1 2 3 84 0 41 8 90 2 33 7 94 5 72 3 77 7 47 0 50 1 94 6 12 3 73 4 26 4 90 8 61 2 37 5 14 0 63 3 87 3 89 6 96 6 25 1 46 4 80 3 64 0 67 2 6 6 23 3 1 1 39 1 71 0 12 0 38 8 93 8 65 2 26 5 22
61 4 70 3 6 1 73 6 95 2 99 6 57 5 77 6 50 2 20 2 37 7 19 4 92 5 38 3 77 6 91 4 19 8 84 2 42 3 19 3 10 1 39 3 63 4 9 3 31 6 45 3 29 0 4 7 75 4 82 3 9 3 57 2 48 2 43 0 97 0 9 7 10 8 18 7 25 1 18 3 34 0 90 6 75 3 25 0 88 8 88 7 53 1 97 1 94 1 43 4 22 1 89 4 30 4 86 5 61 1 2 3 28 4 61 8 40 2 39 5 84 2 24
4 6 89 2 15 4 50 7 76
62 7 41 6 58 6 70 4 53 7 39 3 8 3 51 1 96 5 39 0 32 8 34 7 73 0 97 0 14 3 42 6 4 5 39 1 13 2 87 7 66 6 4 8 60 3 63 1 47 2 72 8 54 2 77 6 86 4 87 6 66 3 13 3 31 1 11 3 18 4 55 6 8 6 21 7 18 4 33 1 18 1 59 3 100 6 82 1 47 8 82 5 100 8 97 5 96 0 50 2 45 6 54 5 63 7 3 0 62 5 15 8 61 0 82 3 18 7 82 8 70 7 77 6 48
73 4 76 6 30 7 54 8 68 1 4 8 6 3 50 3 99 6 19 1 88 7 7 1 28 7 22 0 5 0 46 7 9 2 40 6 90 1 96 3 25 2 63 6 33 5 37 1 6 5 88 8 72 2 98 5 74 5 41 8 13 7 26 0 83 3 22 8 69 0 98 2 15 8 76 5 58 4 24 2 46 6 97 5 95 3 43 4 1 5 24 3 88 4 36 5 66 6 100 4 43 7 93 5 88 8 79 2 66 1 62 1 29 7 5 7 13 8 92 6 48 0 25 7 55 0 45 3 1 3 40 0 11 5 59 4 18 2 65 8 25 2 96 8 76 0 78
62 1 56 7 75 5 72 3 8 1 58 7 1 3 15 6 46 5 100 3 92 5 92 7 57 4 77 1 30 0 65 8 85 3 92 2 96 7 47 3 75 6 51 5 27 7 76 2 94 6 2 2 30 6 26 2 62 8 62 6 43 0 10 7 18 8 90 5 81 8 5 7 87 6 63 8 67 6 41 8 70 4 11 7 20 0 41 5 18 1 60 3 38 7 56 0 22 0 72 2 29 1 22 7 95 5 3 0 12 0 96 2 28 0 48 1 84 4 86 7 5 5 90 0 18
64 8 69 4 30 2 37 5 7 7 99 4 63 3 9 3 47 0 66 7 3 3 80 5 14 3 42 0 49 6 14 5 52 1 34 3 2 8 6 6 89 3 81 8 48 3 56 6 75 5 78 5 4 5 79 3 37 6 59 2 39 5 52 3 79 8 78 6 54 3 27 5 37 0 70 0 94 2 35 7 40 2 75 4 88 2 30 1 68 8 63 5 91 4 7 0 30 5 17 2 17 0 17 4 3 3 89 1 89 0 60 8 40 8 89 5 67 4 19 4 44 1 92 1 15 0 88 8 75
19 1 28 7 22 7 12 6 44 3 25 1 33 7 35 5 43 4 5 7 25 7 91 7 86 0 93 3 71 0 85 8 3 7 61 3 19 1 65
46 5 86 6 59 1 71 7 73 7 73 8 48 7 67 3 68 2 9 5 9 1 63 3 59 0 41 5 13 2 14 4 42 6 3 8 48 6 68 6 68 1 88 1 62 2 56 0 12 6 74 7 42 6 68 1 30 2 86 6 28 4 92 4 76 7 63 6 65 6 11 7 69 1 90 3 12 1 32 7 60 8 83 5 23 5 17 7 87 3 49 4 81
20 7 18 3 29 3 61 1 16 2 76 1 24 7 39 0 2 4 18 0 75 1 68 8 56 8 71 4 9 7 85 6 36 3 82 6 59 6 21 8 17
56 7 34 7 48 4 84 3 86 7 72 6 22 5 3 2 29 7 79 8 2 0 86 6 40 5 12 8 85 2 38 8 35 0 63 4 2 6 13 4 64 0 91 5 48 4 67 4 2 7 97 7 45 6 48 1 87 6 13 2 23 5 45 2 86 1 62 7 54 8 70 3 69 6 91 6 1 6 26 8 23 0 69 7 9 4 82 6 47 2 99 1 17 1 99 8 85 1 83 2 16 4 73 3 84 6 84 6 11 4 59 7 21
72 6 14 5 79 4 85 0 18 4 82 2 90 1 85 6 2 5 22 6 45 3 3 6 19 1 89 6 58 6 70 6 29 4 31 0 16 8 31 1 21 8 12 7 73 6 82 7 31 1 73 6 80 5 58 0 87 1 65 1 32 2 50 3 61 5 67 0 31 1 17 1 23 6 18 2 50 6 58 7 54 3 97 8 74 2 45 1 10 2 100 7 5 8 59 4 64 3 14 6 87 1 10 7 34 0 62 3 61 7 63 1 52 1 38 8 68 8 59 6 4 8 63 1 65 4 25 5 63 2 20 4 60 0 10 5 32 4 92 5 50 7 13 8 11
64 2 72 8 56 8 70 2 58 5 48 5 87 8 7 1 91 6 15 1 74 4 74 2 90 8 49 0 16 5 10 2 37 0 28 6 2 0 88 8 40 4 45 5 82 2 13 5 88 4 4 5 86 1 16 2 59 2 96 2 92 4 24 5 34 3 87 1 37 1 61 1 10 7 11 0 43 0 17 6 34 0 35 4 73 6 17 2 74 7 38 4 48 0 27 5 46 2 62 2 51 8 88 3 51 8 53 8 90 3 92 3 80 2 41 0 43 6 98 0 12 8 52 7 18 0 1 0 24
60 3 29 7 93 6 69 6 17 4 43 2 90 1 51 2 54 4 8 4 10 2 64 6 84 0 88 7 89 7 21 8 77 1 59 4 48 8 5 8 50 6 66 3 77 2 35 3 31 2 4 8 17 6 19 7 91 6 30 2 16 1 1 3 67 3 44 6 76 6 72 6 2 3 96 8 4 2 70 6 41 5 60 7 91 1 72 5 42 5 26 1 14 3 56 8 68 5 51 8 44 3 75 1 82 1 75 8 67 3 9 7 3 3 84 3 67 2 86 8 9
63 0 66 2 18 3 15 0 92 1 80 8 57 7 20 8 59 0 95 1 76 2 3 7 74 0 12 6 93 7 20 8 92 0 64 0 59 8 32 0 56 8 82 1 39 0 3 6 57 5 21 7 74 0 47 1 40 6 35 5 86 8 18 6 62 7 40 2 90 7 30 4 85 0 75 3 30 6 22 5 83 7 32 7 14 3 22 1 10 2 8 8 91 8 8 2 32 3 89 6 82 0 21 4 10 6 93 8 27 0 51 0 13 7 83 6 45 2 38 0 64 5 28 3 33 6 37
75 4 94 6 35 4 85 7 47 5 35 2 60 5 74 7 93 6 4 1 60 5 31 6 16 8 45 0 6 4 93 3 23 8 81 7 40 5 90 5 59 8 15 2 32 8 41 6 50 1 66 0 63 5 66 0 77 1 9 1 45 4 68 1 20 1 94 8 41 6 53 7 26 2 94 4 66 6 73 8 82 6 92 5 25 3 80 8 67 8 98 8 32 5 91 4 25 1 60 8 52 1 26 6 81 6 50 1 5 5 37 7 96 1 82 7 69 0 11 2 4 6 18 2 90 6 31 5 46 3 95 0 51 1 70 1 20 0 90 7 50 4 41 7 97 3 2 0 35 6 92
40 3 44 1 90 4 27 0 14 6 7 1 84 6 35 8 17 1 33 4 74 4 52 4 80 5 3 8 74 3 56 0 78 6 70 7 17 6 79 4 30 6 62 2 1 5 41 8 22 5 24 3 72 1 34 7 68 3 25 3 22 2 27 0 80 6 50 6 40 3 70 7 52 0 75 0 79 4 45 0 47
77 6 50 1 52 0 32 0 79 5 61 3 20 8 42 7 12 1 68 8 64 1 7 6 51 2 39 2 36 0 3 2 46 4 70 6 36 2 37 3 1 2 46 1 1 0 45 6 85 2 58 2 41 0 51 5 54 0 70 5 9 1 23 4 94 0 54 6 22 8 2 2 81 8 8 8 7 3 57 8 56 8 28 0 57 0 44 6 96 5 26 2 79 5 80 5 88 2 29 0 31 4 13 6 88 2 49 8 77 3 54 6 44 6 73 2 26 4 38 2 15 0 79 5 61 4 28 1 59 8 72 8 53 2 93 8 61 4 22 0 61 3 88 8 75 7 31 0 49 8 59 0 100 7 93
69 7 35 4 17 5 20 5 29 1 74 1 32 7 49 5 19 7 18 2 72 8 19 1 13 7 42 8 24 5 83 7 24 1 81 5 77 7 25 2 98 8 46 3 40 1 7 5 34 6 23 6 78 1 2 6 2 3 6 6 52 4 66 7 78 7 16 3 52 0 79 1 4 5 51 5 45 7 58 6 50 1 72 4 51 2 50 6 49 2 32 8 48 4 75 3 6 8 49 7 77 0 53 3 14 0 90 5 39 8 73 3 6 1 14 0 12 4 80 0 14 0 27 7 21 8 29 2 54 2 98 1 87 5 51 5 81 0 36
