3 21
1299916 4307752 8891824
76 0 15 1 28 0 41 0 12 2 2 1 4 2 27 1 67 2 49 0 10 2 11 2 90 2 20 1 50 2 60 2 83 2 94 2 50 2 20 2 73 1 62 0 30 1 30 1 6 0 28 2 4 0 5 1 34 0 78 2 87 0 87 1 11 0 27 0 56 1 47 1 98 1 54 2 17 1 14 0 83 2 79 1 6 0 28 0 81 2 69 1 34 1 5 0 33 1 38 1 87 0 2 0 85 2 48 2 85 2 90 0 19 0 14 2 23 2 26 2 47 1 95 1 46 2 20 2 69 0 11 0 19 2 63 2 75 2 33 1 14 0 50 0 67 0 28 0 35 1 88 0 30
77 2 92 0 54 0 28 1 7 2 33 1 74 1 53 2 56 1 16 2 95 2 72 2 12 2 15 2 91 2 60 2 68 1 62 2 26 0 62 1 35 1 36 1 59 2 96 0 18 2 95 2 2 0 78 1 81 0 66 1 16 1 4 0 99 2 41 0 44 2 59 1 63 1 96 2 43 1 2 2 92 2 58 0 4 1 20 0 19 1 47 2 83 0 86 1 47 2 70 0 71 1 27 0 71 0 79 0 33 2 45 2 49 1 24 1 88 1 15 0 72 2 100 2 31 2 59 1 42 2 64 1 38 0 79 0 34 0 95 2 82 2 68 0 59 1 84 0 62 2 82 0 42 1 68
50 0 34 1 10 2 50 2 32 0 9 1 82 2 78 2 15 2 100 0 81 2 96 2 89 1 6 1 28 0 77 2 51 2 33 0 85 1 39 0 48 2 84 1 49 1 9 1 73 0 82 0 60 1 55 0 13 2 30 2 35 1 43 1 18 1 55 2 30 2 98 1 61 2 16 1 75 2 28 1 28 1 41 1 6 2 31 0 67 2 45 2 30 0 73 0 35 2 99 1 61
6 2 54 0 61 0 82 0 66 2 53 2 30
15 0 82 1 37 1 41 2 70 0 50 0 51 1 61 2 39 2 38 0 56 2 53 0 54 1 8 1 80 1 97
28 1 57 2 46 0 38 2 52 1 56 1 51 0 38 0 99 2 87 1 57 2 96 2 21 2 57 1 32 0 11 1 16 2 17 0 30 1 53 1 90 2 55 0 39 2 75 0 41 0 5 2 92 1 54 2 33
92 2 51 1 34 0 9 2 63 1 69 0 2 1 31 0 40 2 21 2 77 1 64 1 3 2 84 2 87 1 9 0 60 0 59 1 53 0 44 0 22 0 68 2 90 1 40 1 20 1 48 1 95 0 70 1 49 1 57 2 59 2 91 2 74 2 35 0 99 1 33 2 23 0 51 1 36 1 44 0 50 0 34 1 51 2 90 2 55 1 27 2 65 0 32 2 93 0 42 2 81 2 74 2 51 2 54 1 70 1 4 2 12 2 23 2 86 2 2 1 54 0 18 0 17 1 46 2 14 0 2 1 26 1 43 0 50 0 76 0 28 2 36 2 97 1 49 2 60 2 44 2 91 1 47 1 50 1 47 1 42 2 19 1 4 0 86 1 72 2 15 1 88 0 67 0 24 2 8 2 91 1 52 0 72
93 2 75 0 22 2 29 2 61 0 69 2 34 2 19 2 71 0 27 2 69 2 63 2 14 0 63 0 5 1 18 1 34 1 30 2 61 2 65 1 14 0 52 2 97 1 91 2 74 0 98 2 41 2 50 1 97 0 89 0 62 0 51 0 19 1 98 0 3 0 6 2 41 2 99 1 25 0 57 2 38 0 83 0 47 0 96 1 31 1 21 0 76 0 95 1 55 1 10 2 78 2 69 1 72 0 93 1 100 2 87 1 66 1 2 0 53 0 10 2 48 0 31 0 65 0 58 0 75 1 99 0 49 0 97 2 40 0 60 2 26 0 72 0 19 1 62 0 67 0 40 0 10 2 21 2 12 1 53 0 64 0 43 1 100 0 68 1 69 2 65 2 34 2 79 0 52 0 23 1 42 1 90 2 10 0 69
12 1 10 2 88 0 72 0 10 0 93 1 80 1 3 1 22 1 11 1 21 1 91 2 56
24 1 94 2 50 2 51 2 26 1 17 2 3 2 17 2 22 1 64 1 19 1 43 0 58 1 84 0 20 0 76 1 52 2 18 0 56 1 97 0 89 1 14 1 79 2 53 0 42
55 1 32 0 19 0 17 2 47 1 37 1 61 1 47 0 24 0 94 1 27 1 2 2 37 0 73 2 31 1 66 2 5 2 2 2 58 1 79 0 8 0 87 0 5 1 23 0 61 0 82 0 73 2 71 2 5 1 75 2 39 1 68 1 94 0 83 1 73 0 39 2 68 1 57 0 69 0 69 0 54 2 10 1 22 2 54 1 84 0 38 1 53 0 41 1 94 0 95 0 58 0 51 0 78 1 77 0 65 0 45
36 2 50 1 1 1 99 0 37 2 42 2 96 0 81 0 89 1 78 2 27 1 15 2 86 1 81 0 50 0 66 2 94 1 57 2 56 2 59 0 4 2 93 0 63 1 53 0 49 1 16 2 46 0 3 1 68 2 27 2 20 0 38 0 63 1 35 2 13 0 43 1 47
17 0 34 2 57 1 36 2 86 2 45 2 88 2 45 2 44 0 67 0 92 2 36 0 47 0 73 2 60 0 38 2 7 1 50
42 1 19 2 54 2 76 1 47 2 75 0 19 2 44 2 84 1 72 2 95 2 67 1 65 2 14 1 54 0 74 1 80 0 11 1 34 1 54 1 12 0 94 1 14 1 60 2 43 1 21 2 96 1 100 2 86 2 76 0 72 2 95 0 2 0 79 2 71 0 18 0 62 0 27 2 3 0 96 1 8 0 10 0 90
1 2 83
83 2 14 0 82 2 3 0 89 0 57 1 25 2 43 0 30 0 69 1 23 0 33 1 46 2 33 1 75 2 25 0 44 1 26 2 34 1 22 2 69 2 59 2 54 1 83 2 44 1 16 1 57 0 75 2 31 0 36 1 45 1 85 0 14 2 14 2 89 1 43 1 52 2 80 2 98 0 93 1 78 2 2 1 29 2 35 1 8 1 68 2 83 0 78 0 71 1 4 2 13 1 24 2 29 0 23 0 18 0 66 0 21 1 57 1 71 1 86 1 50 2 58 2 71 1 82 2 6 2 33 0 38 1 61 0 12 1 46 2 26 2 62 0 36 0 82 2 14 2 51 2 93 1 21 2 67 2 31 0 91 2 3 0 60 1 40
10 0 6 1 28 2 78 1 66 0 19 0 83 2 22 2 89 1 81 0 46
82 2 15 1 17 0 84 2 52 2 26 2 98 1 59 1 17 1 95 2 33 2 58 2 5 1 86 1 47 0 79 0 21 0 95 0 5 1 54 2 41 1 29 2 8 2 47 0 60 2 37 0 38 0 10 0 23 1 79 1 69 0 41 0 42 1 18 1 50 0 98 2 75 0 41 1 93 0 39 2 90 2 44 1 76 1 7 2 72 0 74 2 32 1 42 2 35 2 10 1 26 0 29 0 69 2 26 1 54 1 78 2 16 0 97 1 86 1 79 1 92 1 100 0 20 1 20 0 65 0 14 0 25 2 22 2 41 1 95 1 64 2 71 0 58 0 67 1 62 1 30 1 91 2 78 1 16 2 86 2 11 0 17 1 47
4 2 35 1 94 1 49 2 52
96 0 73 1 18 0 64 2 40 0 85 2 46 2 69 0 18 0 13 1 93 1 49 0 91 1 93 1 85 0 98 0 86 1 80 0 2 2 96 1 94 2 68 1 30 2 78 0 41 1 65 1 34 2 85 0 21 1 24 0 18 0 4 0 33 2 55 0 50 1 34 0 41 1 64 2 84 0 95 0 34 1 19 0 22 0 74 2 11 1 92 0 66 2 91 2 98 0 52 2 70 2 65 2 9 1 48 0 21 1 71 2 29 2 25 0 27 1 90 1 47 1 95 2 74 2 72 0 78 0 84 1 6 2 58 2 14 0 82 0 16 1 26 1 96 0 23 0 30 2 98 1 72 1 6 1 56 0 19 0 75 2 38 2 31 0 76 1 79 2 33 2 97 1 94 1 19 2 93 2 68 1 15 0 30 0 35 0 58 2 46 0 64
19 0 9 1 28 0 87 0 49 1 99 1 32 1 89 1 76 0 32 2 19 1 6 1 6 1 86 2 26 1 79 0 78 1 7 1 35 2 71
