4 88
5006251 9432689 4792703 8879229
67 0 63 3 100 0 27 2 62 3 71 3 27 1 8 3 11 0 13 0 43 0 21 0 4 1 54 1 92 1 90 2 87 3 66 2 18 3 70 3 58 2 67 0 98 3 78 3 83 0 2 0 3 2 34 2 9 0 38 2 50 2 53 0 17 2 14 0 1 1 4 3 48 3 16 0 73 1 5 2 74 1 49 0 59 0 25 2 20 2 36 1 71 0 6 1 26 3 55 2 54 3 3 1 13 0 13 0 23 1 29 3 34 1 42 2 11 0 37 2 98 1 16 1 32 2 45 0 31 0 55 2 3 2 34
6 3 54 0 19 1 52 0 39 2 12 2 15
42 2 94 3 30 3 68 3 38 3 58 1 3 1 29 3 24 0 74 1 78 1 28 3 82 2 47 2 58 2 18 0 30 1 47 0 92 0 43 1 74 3 39 0 5 3 16 3 63 3 36 2 85 3 9 2 1 0 99 1 39 2 40 3 82 1 31 1 20 3 22 3 95 0 70 0 60 2 78 1 53 1 95 0 50
38 3 40 0 94 0 19 1 94 0 30 0 97 3 52 2 29 3 58 3 13 0 99 1 34 3 54 2 5 2 100 3 48 2 48 3 82 2 23 3 96 2 3 3 10 3 33 0 45 1 46 2 89 2 24 2 55 1 47 3 54 1 36 0 40 0 91 0 100 0 63 2 95 1 20 0 8
76 0 79 3 82 3 97 3 75 0 71 3 64 2 25 0 16 0 13 1 84 3 27 3 4 0 29 3 32 3 21 2 45 0 74 2 59 0 10 1 12 3 24 0 64 3 94 1 75 3 54 3 31 2 57 0 55 1 32 2 43 1 88 1 42 1 30 0 15 3 55 2 42 0 50 2 5 1 65 1 97 3 62 0 12 3 64 3 36 3 90 2 7 0 33 0 80 0 76 3 51 2 2 3 30 1 72 0 58 0 8 0 99 0 65 2 1 0 90 1 72 0 2 2 30 3 80 3 61 1 29 2 97 1 94 3 5 3 29 2 54 0 10 2 100 0 49 2 3 0 41 3 12
97 2 38 1 70 2 90 1 44 3 72 0 31 3 47 0 60 1 48 0 68 1 21 0 67 3 77 3 83 3 100 0 78 1 15 1 25 1 35 2 35 0 34 3 36 1 42 0 33 0 79 1 100 3 73 2 10 0 50 1 38 1 94 1 86 3 12 0 64 0 93 0 32 3 50 3 57 3 8 1 67 0 78 3 41 1 29 3 48 0 84 2 60 1 35 0 82 3 72 2 39 0 80 3 80 1 41 3 16 1 10 3 37 2 85 1 39 3 52 2 28 0 34 1 20 2 29 2 95 1 8 3 57 3 74 2 70 3 11 3 81 3 28 2 60 0 66 1 96 1 34 2 44 3 71 3 39 0 50 1 62 0 3 2 27 0 19 1 70 0 9 2 49 3 91 3 80 3 36 1 72 1 86 2 66 3 62 0 65 0 28 3 95 1 45
37 1 1 1 85 1 28 0 88 3 25 1 57 2 64 2 2 0 60 0 66 2 76 3 43 3 78 0 20 0 76 2 66 1 26 2 48 1 38 1 93 0 37 0 46 0 72 2 68 1 77 3 74 2 21 0 81 3 50 1 77 1 58 1 14 3 53 0 20 3 83 0 49 2 23
34 0 83 0 45 2 80 3 50 3 86 2 57 1 46 0 83 2 26 1 28 2 26 3 80 3 14 3 75 2 39 1 28 2 71 0 33 3 19 3 42 2 43 2 42 1 45 1 97 0 65 0 88 1 80 0 92 3 87 2 90 1 52 2 95 0 1 3 12
17 3 32 2 67 2 10 1 83 2 72 2 17 3 54 2 88 1 72 3 61 3 67 0 29 2 46 1 12 3 82 0 100 3 85
15 3 54 3 68 0 73 0 91 3 4 0 73 2 87 0 63 2 46 1 4 3 26 3 63 3 3 3 17 3 41
13 0 59 2 10 2 17 0 41 1 86 3 1 3 24 1 1 1 78 2 43 1 84 2 93 1 81
57 2 24 0 39 0 62 3 37 1 57 1 2 3 95 3 33 0 82 0 36 3 51 0 7 0 87 3 10 3 42 3 17 1 25 3 92 3 16 1 83 1 36 1 86 3 52 3 28 0 90 3 26 3 38 3 4 0 5 0 40 3 11 0 62 3 89 3 89 3 31 0 62 2 49 2 44 0 22 2 41 1 12 2 24 0 85 1 26 2 30 2 49 3 9 2 70 2 84 2 50 2 51 2 69 2 91 2 14 2 62 2 15 2 19
58 3 23 3 62 3 44 3 58 0 98 3 42 2 29 3 8 2 85 1 72 0 60 0 89 3 59 1 18 1 68 0 69 2 61 3 88 0 61 1 85 0 42 3 59 0 92 1 44 2 37 1 34 0 64 0 10 2 85 3 50 2 18 1 4 3 35 3 5 2 39 2 86 1 23 3 63 0 67 1 71 2 47 3 31 0 65 0 34 2 99 1 6 1 19 1 25 2 70 3 26 0 40 2 24 1 34 3 36 2 60 0 84 1 77 2 53
77 2 94 3 48 1 66 2 53 2 77 0 57 2 43 1 83 3 59 0 25 0 72 2 56 3 9 1 70 2 11 1 90 2 43 3 12 2 98 2 41 0 10 2 48 0 82 3 13 0 31 2 35 2 95 0 39 3 5 2 19 2 17 3 38 1 20 0 72 3 49 0 67 1 85 0 21 1 97 2 61 2 81 0 5 2 33 1 92 3 5 3 24 3 53 1 56 3 17 2 98 1 15 3 15 1 93 1 71 3 15 3 68 3 90 3 96 0 73 0 6 2 63 1 1 3 7 0 38 1 67 1 100 2 34 0 38 3 35 1 67 3 74 2 56 0 97 3 30 0 94 3 19 0 51
53 3 68 3 32 3 81 2 38 1 69 0 95 0 94 0 15 3 1 1 41 3 30 1 52 0 100 0 80 2 46 0 81 2 3 1 3 2 54 1 33 3 6 0 1 0 93 1 96 3 41 1 48 0 47 2 33 3 52 3 74 3 45 0 91 0 55 1 69 3 69 3 95 3 15 1 64 2 12 3 7 2 45 3 1 1 47 2 41 1 88 2 41 1 55 3 99 1 44 2 97 2 76 2 56 2 27
3 0 92 0 26 1 58
57 2 71 2 57 0 84 1 27 2 52 3 17 1 10 1 44 1 52 2 23 0 46 3 1 0 38 0 67 1 13 2 68 3 46 2 78 3 81 3 68 3 4 3 39 3 82 2 99 2 75 2 80 3 4 1 67 2 84 3 51 2 6 3 68 0 68 0 86 1 99 1 62 1 56 1 34 0 38 2 17 0 17 1 82 1 47 1 6 0 99 1 28 2 86 3 69 3 54 3 64 3 67 2 98 2 23 3 4 1 72 0 36 0 32
58 0 15 2 58 1 45 1 89 2 60 2 70 3 10 2 84 2 73 3 74 3 88 1 73 0 25 2 14 3 32 2 31 3 98 1 67 0 62 2 8 0 14 1 11 0 25 0 74 3 6 1 37 2 5 0 61 3 8 2 54 0 54 0 29 2 91 3 4 3 57 2 67 3 82 1 9 0 41 0 89 0 12 1 31 1 98 0 76 1 8 1 78 3 34 1 14 1 9 2 43 2 72 1 40 0 98 1 14 3 58 0 39 0 98 1 96
100 3 49 3 45 1 41 1 77 2 35 0 60 2 83 1 50 2 48 2 57 2 67 2 69 1 28 3 39 3 47 2 32 3 59 2 73 3 67 1 43 2 21 2 39 0 13 0 85 1 75 3 2 0 80 1 14 2 2 0 99 2 76 1 98 2 93 1 78 0 66 0 62 3 94 1 78 2 62 1 35 3 53 0 8 2 25 0 8 2 56 2 58 1 52 3 74 1 100 2 45 3 20 3 23 0 86 2 91 0 57 0 100 1 8 3 77 3 70 1 14 1 31 1 94 2 9 2 32 2 41 1 25 3 45 1 74 0 38 1 93 0 39 0 50 3 98 3 94 3 61 1 14 3 51 2 30 0 50 0 55 0 53 2 29 1 21 2 55 3 41 2 66 0 77 0 11 2 95 1 63 1 88 1 72 3 46 3 59 1 45 3 31 3 10 2 74 1 100 1 10
94 2 56 2 45 2 86 2 38 3 44 0 96 1 21 0 43 2 52 2 29 0 80 0 12 3 13 0 10 0 91 2 67 1 17 1 9 2 64 2 20 1 69 3 83 1 41 0 65 1 78 1 14 0 73 2 89 1 74 2 12 2 87 2 100 1 69 1 91 1 23 0 61 2 83 2 64 1 17 0 85 1 8 1 76 2 31 0 20 0 68 0 43 2 59 0 7 0 56 0 53 3 9 3 78 0 90 0 70 0 41 3 11 0 76 0 1 3 32 1 75 2 76 2 57 0 74 2 44 3 2 2 67 1 52 1 51 0 67 2 70 1 55 1 34 3 69 2 33 2 18 0 66 2 18 3 5 2 99 1 35 3 43 2 99 1 9 3 79 0 18 2 98 3 24 3 22 3 8 3 76 3 74 0 96 0 96 2 36
38 0 50 3 64 3 63 1 32 0 29 1 62 0 20 0 79 1 29 0 6 2 61 0 49 1 9 1 47 2 34 3 59 3 14 2 42 1 18 2 64 0 16 3 9 3 57 1 55 1 7 1 67 1 96 1 66 1 50 3 40 0 69 2 65 2 87 1 28 0 95 3 26 0 54 0 70
43 2 74 2 59 1 84 0 15 1 75 1 20 3 26 1 93 0 90 0 58 0 87 2 81 0 23 3 99 3 58 2 74 2 86 3 50 2 90 3 57 2 5 0 34 2 90 0 84 2 19 3 77 3 11 1 89 0 86 0 2 2 10 1 53 2 39 2 68 2 72 0 71 0 20 2 79 0 65 3 8 0 45 1 41 0 42
62 3 59 0 19 0 85 0 55 2 26 2 65 2 85 1 21 1 25 0 68 2 62 0 85 3 9 3 77 1 21 2 43 0 54 2 73 2 36 1 48 3 47 1 72 2 52 0 84 3 12 1 52 0 54 2 93 1 44 3 80 3 49 0 11 0 31 1 81 1 70 0 47 2 8 2 84 2 10 1 85 3 31 2 37 2 57 1 33 1 86 2 49 0 77 3 50 3 70 1 89 2 92 3 60 0 10 1 45 1 16 1 89 2 25 0 20 2 54 3 9 0 73 0 6
100 1 88 0 15 1 31 1 38 0 20 1 40 1 49 2 92 0 90 3 12 2 38 1 65 3 49 0 89 0 94 3 69 2 81 0 49 1 62 1 63 3 18 3 1 2 62 0 71 0 71 1 29 3 30 0 36 1 36 3 41 2 18 3 46 0 64 1 69 3 84 1 36 1 7 0 38 0 70 1 88 2 56 3 97 2 59 3 14 2 82 2 57 3 41 2 10 2 61 2 58 3 52 0 22 2 31 3 54 3 72 2 48 0 67 1 34 2 35 0 22 0 47 2 58 1 13 3 42 2 96 0 50 3 21 2 61 1 62 2 26 3 41 2 99 0 47 3 37 0 65 1 75 0 49 2 40 1 54 3 59 1 70 2 61 2 69 0 98 0 21 1 27 1 89 0 48 3 75 3 1 3 81 2 7 3 17 2 73 3 42 0 9 0 50 1 29 3 20 3 94
86 0 81 3 84 0 40 3 66 2 72 2 6 2 72 1 24 0 67 2 24 0 90 3 83 3 93 0 32 2 50 1 67 2 27 0 68 2 70 0 71 2 16 2 36 2 98 0 95 3 81 0 89 2 91 1 93 3 38 0 89 1 81 0 80 3 30 2 90 0 68 3 32 3 79 3 30 0 93 0 44 3 26 0 23 0 87 3 49 0 74 1 72 1 66 2 69 3 12 1 2 0 32 0 80 3 65 1 41 0 65 0 92 0 99 1 90 2 28 3 86 3 25 3 31 3 44 3 5 1 34 2 38 3 69 0 98 0 35 0 76 2 51 2 52 2 64 3 94 1 23 3 21 0 10 2 7 3 14 0 65 2 77 1 32 1 31 2 19 1 30 3 1
51 3 43 3 4 3 18 3 4 2 28 1 25 2 45 0 41 2 89 0 17 2 56 0 1 2 40 2 76 2 2 1 54 2 59 1 17 3 27 0 65 2 63 3 14 3 53 1 96 1 11 2 68 2 21 1 11 0 97 2 89 3 97 1 94 3 48 2 46 1 7 2 11 1 68 3 10 1 64 2 69 0 54 2 86 1 11 1 13 1 74 2 50 3 55 1 62 3 98 1 70 0 32
74 0 7 1 39 3 33 3 82 2 34 3 16 0 79 3 4 0 42 2 74 2 56 3 22 0 57 1 2 2 80 0 5 0 96 2 16 2 13 2 78 3 70 0 42 2 62 1 6 2 94 2 65 2 41 1 13 0 38 0 88 3 47 2 77 1 47 0 96 1 64 0 68 0 82 3 96 2 25 0 15 3 84 1 46 0 3 2 58 0 96 0 31 0 81 1 11 0 60 2 35 2 91 1 15 0 42 2 79 1 24 3 1 3 48 2 97 0 65 2 46 1 81 3 8 3 97 2 90 1 34 3 56 1 75 0 4 2 21 3 55 1 54 3 56 3 96 3 34
13 1 65 1 56 1 16 1 71 2 28 2 36 2 56 0 8 0 80 1 2 0 49 3 1 1 56
27 0 66 1 22 2 36 0 53 3 62 1 35 3 49 1 71 1 60 3 73 3 20 3 79 0 55 3 41 3 52 0 79 1 51 1 37 3 34 0 8 0 47 0 65 1 32 1 38 2 11 1 6 2 73
80 3 36 3 29 2 8 0 63 1 50 3 63 1 6 0 65 0 28 3 80 3 72 2 48 2 54 3 8 2 10 1 67 3 38 2 37 3 20 3 76 0 23 0 23 3 55 0 85 1 39 1 80 2 33 3 15 2 67 1 96 3 54 1 57 3 42 0 86 0 86 0 4 2 3 3 38 1 2 0 26 1 2 0 78 3 37 1 55 2 92 2 77 3 99 3 14 1 15 1 91 1 21 2 78 3 47 0 54 2 78 2 27 3 23 1 11 0 3 2 95 3 3 0 69 2 36 1 62 2 52 2 29 2 94 3 65 1 18 2 11 0 61 1 82 2 51 1 87 2 98 3 5 3 87 3 73 3 36 2 17
68 3 31 2 59 0 14 0 54 1 53 0 83 2 100 3 39 1 22 2 89 3 86 0 99 3 55 2 26 2 27 0 59 0 34 0 7 1 69 3 7 2 33 2 13 3 75 1 76 2 11 3 82 1 67 0 55 2 75 0 49 1 95 1 37 1 98 1 23 0 80 1 77 3 39 1 9 0 9 2 81 1 89 2 53 1 15 2 63 0 71 3 91 2 57 1 56 0 14 3 76 1 56 1 24 2 86 0 45 1 56 0 16 1 100 2 3 0 87 3 7 1 6 2 23 3 23 3 29 3 54 0 97 0 33 1 66
67 0 33 3 53 3 50 2 48 2 69 1 74 2 85 3 54 0 64 0 54 1 96 2 60 2 24 1 41 3 62 0 32 2 97 0 33 2 73 2 98 3 82 1 77 3 20 0 14 2 74 3 59 3 96 3 4 3 75 0 29 1 78 0 89 1 20 3 40 1 100 3 9 3 18 3 23 0 86 0 61 0 74 3 15 2 63 3 88 0 96 3 44 2 86 1 48 3 62 2 29 1 9 3 14 1 77 3 1 2 34 3 9 1 29 3 33 3 94 2 97 3 48 0 57 2 40 1 87 3 55 3 19 3 78
20 1 49 3 15 3 33 0 86 0 38 1 88 2 4 0 37 0 76 0 25 2 59 1 18 3 7 0 29 2 67 2 19 3 11 3 74 3 34 2 40
96 2 11 3 22 3 79 0 14 2 21 2 49 1 42 1 26 0 79 1 19 0 69 0 80 1 50 2 5 0 27 3 59 0 100 3 40 0 81 1 23 1 58 2 10 0 68 2 4 0 82 2 64 3 45 0 78 1 80 3 9 3 58 3 36 3 57 2 81 1 83 1 40 0 4 1 16 2 13 1 27 3 19 2 49 0 23 0 25 0 43 3 10 0 15 1 45 1 97 3 82 3 40 1 52 3 4 1 17 1 93 3 60 0 85 0 21 0 21 1 40 2 75 2 87 1 64 3 2 0 63 2 73 2 12 2 3 0 80 2 86 3 28 3 24 2 29 2 4 2 32 1 44 1 10 1 15 2 4 0 47 0 95 2 6 1 72 0 47 1 92 0 54 3 10 0 93 0 70 2 48 3 89 3 7 0 18 1 68 3 57 0 2
95 3 28 1 64 2 68 0 88 1 46 0 49 0 25 2 15 2 43 3 16 0 67 2 8 1 43 2 25 2 74 2 66 2 75 3 56 2 49 0 36 0 85 3 81 3 57 2 99 1 32 1 28 0 39 0 57 1 1 2 23 1 15 0 58 1 77 0 34 3 13 0 28 2 58 0 92 1 29 0 98 1 87 3 54 0 88 3 32 2 72 1 28 2 81 2 95 3 22 3 37 1 95 2 66 3 24 2 30 0 83 2 97 3 61 3 53 2 14 3 39 1 31 3 99 0 67 0 89 1 13 3 24 3 61 3 20 3 94 1 11 0 3 1 86 1 36 0 68 0 44 2 39 2 85 2 24 1 19 0 69 2 37 2 70 1 73 3 28 3 94 3 18 0 33 0 70 1 10 0 14 0 36 1 65 2 30 2 3 3 97
89 3 15 1 60 3 58 1 89 0 34 2 48 0 78 3 12 2 64 3 71 0 26 1 35 2 19 1 89 1 48 0 44 1 98 1 81 1 62 3 72 2 26 2 85 2 46 2 4 3 87 0 69 0 84 1 54 0 61 3 62 0 42 1 2 0 53 0 41 2 95 3 32 0 84 2 47 0 3 0 50 3 3 0 81 0 21 0 51 3 77 0 87 3 33 1 87 3 81 1 31 3 77 2 10 3 89 0 22 3 82 1 46 0 64 3 98 2 30 2 51 3 90 2 28 0 41 0 7 2 77 3 20 0 30 3 97 0 12 0 87 1 96 2 64 0 55 0 11 1 93 1 82 3 39 0 90 2 32 0 23 3 25 3 1 2 86 0 40 2 41 0 88 1 44 2 69 2 86
41 0 66 2 12 1 73 0 79 1 49 3 46 3 73 3 74 3 34 3 65 0 3 3 76 3 4 1 95 3 35 3 91 2 59 0 85 3 25 3 24 3 57 2 70 0 4 2 93 0 3 2 19 3 88 3 20 2 38 0 87 2 18 1 59 0 77 2 69 0 80 2 83 1 7 1 31 2 33 1 40 3 60
33 1 11 1 29 0 3 2 95 3 48 3 82 2 29 2 18 0 58 3 31 1 14 3 63 2 28 3 96 3 33 3 1 1 93 1 87 0 69 1 11 2 33 3 11 1 87 1 11 3 92 0 4 2 50 1 15 0 92 2 13 0 15 1 61 2 48
25 3 6 2 100 0 35 2 78 2 29 3 13 3 45 1 98 1 96 0 12 2 23 3 11 2 45 1 72 0 24 2 92 3 92 1 48 0 54 0 5 0 1 2 27 0 70 2 75 2 79
63 0 87 0 7 1 86 2 64 2 92 2 62 3 42 3 100 3 29 1 67 1 8 3 100 1 24 3 79 0 70 0 79 1 54 1 48 3 21 2 45 3 2 2 95 0 74 2 82 0 17 1 93 1 53 1 50 1 52 3 12 3 66 3 48 2 48 3 27 0 10 2 46 3 39 3 33 3 43 0 38 3 19 3 55 3 53 2 79 3 3 2 25 2 36 2 29 3 48 3 68 2 13 1 42 2 1 2 85 0 57 3 10 2 57 2 24 2 86 1 19 3 30 2 17 3 90
3 2 42 1 73 0 4
17 2 24 3 26 2 93 2 64 3 96 2 25 2 95 0 94 1 13 0 66 0 94 2 16 1 85 2 5 1 90 1 21 3 80
92 3 70 1 46 0 89 0 86 1 51 3 44 0 54 3 95 2 27 0 97 3 40 2 33 1 74 1 14 0 48 0 75 0 76 0 37 1 47 2 66 1 36 1 37 3 37 3 32 1 15 0 11 0 31 3 47 2 57 1 15 1 23 1 92 1 5 2 27 1 20 2 26 1 37 0 44 1 91 0 6 0 30 1 16 0 23 0 5 2 27 1 72 0 26 0 79 3 58 0 14 0 63 3 13 0 84 1 59 0 59 3 70 3 12 3 89 3 80 1 32 1 2 2 9 3 18 3 57 3 49 3 27 3 24 3 23 3 80 0 100 1 69 1 58 1 4 3 3 3 25 1 15 1 83 0 21 3 43 0 43 2 30 0 75 2 87 2 41 0 37 1 67 3 70 0 64 0 92 0 97 3 96 1 95
33 2 22 3 35 1 1 2 80 3 11 1 69 2 84 0 91 2 79 2 93 2 18 0 34 1 96 3 73 2 40 1 64 0 23 0 54 1 15 2 71 0 44 2 56 1 78 2 80 3 20 0 64 0 63 3 25 1 30 2 8 2 35 0 79 0 78
5 2 27 3 83 2 85 0 65 3 37
61 0 50 1 13 2 30 2 66 3 29 2 4 1 64 1 28 1 95 3 8 0 96 0 53 2 30 1 70 1 83 0 77 0 20 2 51 2 92 2 9 3 34 1 26 2 24 0 76 0 48 1 65 2 87 2 22 1 77 3 17 2 10 0 55 3 3 2 27 2 75 3 4 1 16 0 95 3 57 0 96 1 21 1 93 2 44 3 58 2 39 3 13 0 97 0 75 1 7 3 65 3 1 1 19 1 78 2 78 3 6 2 88 0 25 1 88 2 65 3 39 3 79
59 1 52 3 62 3 49 0 51 1 34 3 71 0 67 1 13 0 39 0 23 0 1 0 65 0 63 2 78 1 12 0 46 2 54 1 82 2 49 1 100 3 68 3 57 0 36 2 47 3 96 2 98 0 87 3 89 2 91 1 55 2 2 2 48 3 41 0 76 0 51 3 73 0 80 1 46 1 68 1 85 3 10 1 6 1 47 3 32 3 42 2 16 2 19 3 34 2 92 2 93 0 95 0 71 3 75 2 94 2 66 0 30 0 40 3 59 0 13
17 3 75 1 38 0 6 0 69 1 76 1 2 0 87 1 73 1 23 0 69 2 65 1 17 2 75 0 10 3 55 3 76 2 43
1 2 50
52 2 82 3 59 3 34 2 13 2 45 0 43 3 81 0 27 2 20 1 60 2 34 0 96 1 77 2 16 3 37 1 45 3 31 2 28 3 25 2 27 1 83 0 93 1 31 0 82 1 96 0 39 0 78 3 3 2 43 3 11 2 9 3 4 3 24 0 100 0 24 2 56 3 24 2 74 0 1 2 50 1 38 3 98 1 43 1 23 2 44 3 65 2 66 2 39 2 93 3 47 2 32 1 34
78 1 39 0 69 1 97 2 25 0 1 0 43 1 16 1 24 3 26 2 35 2 17 3 10 0 48 1 74 1 64 0 94 3 69 2 67 3 90 1 50 0 55 1 38 3 100 3 58 0 76 2 76 2 94 0 2 2 89 1 73 0 25 1 72 2 61 0 12 3 100 0 53 0 65 2 23 1 29 1 4 3 65 3 1 3 61 1 7 2 94 3 73 3 48 1 79 2 5 2 49 3 75 1 17 3 42 1 81 0 88 3 50 1 44 2 79 2 29 1 15 2 32 2 23 3 15 1 95 3 42 3 30 2 19 2 66 3 85 1 53 1 57 1 36 1 60 2 63 1 70 2 47 3 7 0 51
30 0 10 1 40 2 23 1 35 3 88 1 11 3 15 2 11 0 55 1 8 0 87 1 76 2 91 2 43 0 48 2 33 3 71 3 88 3 45 0 6 1 99 1 30 1 91 2 20 1 24 0 20 1 87 2 81 0 99 1 50
68 1 55 2 8 2 33 1 45 2 17 0 73 2 14 0 75 1 3 2 71 1 58 0 99 0 43 3 3 1 3 1 47 1 16 0 99 3 58 0 40 0 9 0 30 3 33 3 36 2 100 0 72 3 44 3 52 2 72 2 52 2 54 0 43 2 21 0 85 3 79 1 77 3 81 1 91 1 42 1 11 1 65 2 30 1 81 0 94 1 56 2 8 1 36 2 94 0 52 1 51 3 1 3 26 2 93 2 7 0 60 0 65 1 97 0 25 3 20 3 82 3 70 0 88 2 80 3 7 2 55 3 38 3 5 2 84
50 1 61 2 56 0 40 0 77 0 31 1 37 2 27 2 82 3 45 3 92 1 73 1 90 0 70 1 93 2 27 1 17 3 53 1 80 3 61 1 2 3 28 0 97 3 81 3 83 1 99 0 91 3 81 2 59 0 20 2 22 2 77 1 71 1 98 1 88 0 28 3 35 2 47 0 93 0 29 0 21 1 16 0 99 3 2 3 49 2 51 2 36 2 86 2 65 2 55 0 76
7 0 5 2 38 2 13 3 89 0 94 2 21 3 31
28 2 100 1 66 1 96 1 6 0 73 2 54 1 45 1 25 0 7 0 58 1 21 1 99 3 41 3 88 3 34 0 72 3 68 0 83 1 76 3 63 3 10 3 27 1 89 1 32 3 65 0 68 1 33 3 28
18 2 69 0 88 3 95 3 61 2 12 0 79 2 97 2 1 1 16 2 89 0 48 0 34 1 16 1 78 1 89 2 25 2 6 3 9
96 1 42 3 23 1 58 3 25 1 55 2 84 3 100 3 35 2 19 0 33 2 53 0 45 0 9 1 55 2 79 3 68 3 71 3 2 1 10 3 47 0 70 3 65 2 96 3 41 3 29 2 20 3 54 3 94 1 56 3 70 2 36 0 83 3 88 0 19 1 42 3 48 0 72 1 84 2 95 1 76 1 92 1 66 0 21 0 86 3 64 2 76 2 20 0 74 0 14 3 63 0 100 3 71 3 4 3 69 2 66 3 17 3 91 3 35 2 72 3 62 1 58 0 2 2 89 3 13 2 13 0 27 2 79 3 72 2 47 0 86 2 52 3 76 0 55 0 59 0 72 3 70 1 63 1 41 2 35 0 68 2 26 0 92 0 40 0 62 1 7 1 79 3 28 1 64 3 2 1 85 2 67 3 14 2 26 0 94 1 83 3 2
61 0 40 2 50 1 64 1 1 3 2 3 20 1 5 2 64 3 96 0 36 3 1 2 61 1 17 2 51 2 97 2 50 0 6 3 23 3 27 0 19 3 33 3 57 0 77 3 34 2 13 2 8 2 29 3 81 3 11 3 11 1 62 0 30 1 93 2 63 0 87 3 2 0 35 2 69 3 73 3 46 3 91 2 13 3 27 2 10 3 34 2 5 1 38 2 49 3 30 1 69 3 42 0 96 3 57 2 73 1 86 1 11 2 95 3 60 2 86 0 12 0 3
67 0 37 1 60 3 96 1 39 1 18 2 1 2 9 3 21 2 41 1 2 3 27 1 69 2 77 1 45 3 52 1 55 0 49 2 84 3 13 2 58 2 92 2 65 0 60 1 63 1 87 0 69 1 59 3 93 3 51 0 53 0 42 1 1 0 13 0 79 0 21 2 37 3 44 3 77 0 66 3 26 0 37 3 37 1 23 1 56 1 39 3 87 1 93 1 38 2 43 1 32 0 16 1 57 3 98 0 29 0 7 3 66 0 56 1 2 2 89 1 87 3 10 3 7 1 92 1 31 3 95 2 48 1 57
50 2 19 0 35 1 100 0 78 3 2 2 96 3 74 0 59 2 8 1 87 1 9 0 73 2 67 2 7 0 94 0 47 0 4 0 40 0 52 0 63 0 70 1 95 1 10 3 27 1 29 3 52 1 18 1 98 1 61 1 30 1 71 0 25 2 100 2 34 2 6 1 56 3 98 2 4 0 63 3 71 3 5 2 58 2 7 3 84 0 60 0 85 1 26 0 98 0 77 2 94
82 1 14 2 78 2 61 3 11 2 32 1 98 3 67 0 42 3 62 3 98 1 55 0 9 0 43 2 17 1 40 3 79 2 2 3 79 1 84 1 54 2 70 2 69 3 55 3 35 2 80 3 66 0 5 0 53 3 23 2 49 0 96 3 31 3 93 3 21 3 61 2 56 2 82 1 15 2 94 3 72 2 5 0 45 3 65 2 63 3 3 1 44 1 5 1 64 3 85 3 24 2 45 2 97 2 7 1 81 2 39 0 80 3 30 1 36 0 70 0 56 2 66 0 67 3 66 2 63 3 15 2 88 3 75 0 26 1 22 3 50 2 100 0 74 0 75 1 26 3 74 2 38 1 81 2 89 2 59 2 76 1 17 1 70
7 1 49 0 55 0 78 2 18 3 85 1 21 0 15
22 0 21 3 53 0 33 0 82 3 91 2 60 3 42 0 90 0 97 0 17 0 42 3 7 1 5 3 7 2 29 1 55 2 38 1 57 0 70 2 85 1 99 0 100
28 2 100 3 16 1 16 2 93 1 86 1 63 2 35 1 65 3 54 1 73 1 78 2 46 2 18 1 36 1 79 1 42 3 55 0 25 3 35 3 85 0 42 2 35 2 35 0 48 3 29 1 27 2 9 0 41
17 1 4 3 42 1 10 3 27 2 85 3 49 3 47 3 69 1 99 1 74 0 51 2 69 3 49 0 34 3 8 1 81 1 37
34 3 13 2 53 1 79 3 82 1 33 3 61 3 80 2 13 1 74 0 82 0 97 3 78 1 33 2 10 1 29 0 39 1 60 2 69 2 70 3 27 2 88 3 75 3 54 1 92 1 5 2 43 2 10 3 3 1 84 3 80 1 85 3 31 1 31 1 44
50 1 76 1 87 0 10 3 39 0 52 3 74 1 38 1 79 3 7 0 95 2 89 2 62 0 92 1 72 0 80 0 15 2 87 0 89 1 74 3 66 1 94 1 63 3 70 3 89 3 50 1 63 1 29 0 86 0 26 3 87 1 95 0 73 3 82 1 80 3 2 3 51 3 83 3 36 1 69 3 84 0 57 3 67 2 16 3 21 2 3 0 89 1 63 3 95 2 98 0 89
10 3 97 3 10 1 7 1 92 3 90 2 87 0 85 2 67 1 75 0 90
82 2 71 0 75 0 73 2 94 1 49 2 61 2 87 3 55 3 82 1 69 3 30 1 97 1 57 2 59 3 68 3 28 0 73 2 43 1 50 1 78 1 5 3 7 0 21 2 68 2 59 3 30 3 34 2 35 1 16 2 6 2 19 3 35 2 55 2 12 1 96 1 89 0 83 3 71 1 3 3 86 2 22 1 55 1 94 3 2 1 43 2 84 1 63 2 73 0 64 3 86 3 38 1 40 3 81 2 6 0 68 1 20 1 37 3 8 0 52 1 16 2 94 0 9 2 9 2 34 3 17 0 55 2 100 1 5 2 19 2 3 2 84 2 96 1 6 0 4 3 40 3 17 2 73 1 11 1 72 0 52 1 21 0 27
40 1 47 2 5 1 78 3 48 3 51 3 70 3 75 1 41 1 49 1 51 1 18 1 7 0 45 0 23 2 47 1 69 0 18 1 80 2 13 3 3 2 63 1 81 0 80 1 86 3 57 1 49 3 5 1 62 2 94 0 26 0 87 0 91 0 21 0 36 1 34 2 55 2 51 0 51 2 33 1 32
82 2 28 3 84 2 66 2 61 3 61 2 62 1 99 2 44 3 28 2 3 0 3 3 95 3 33 1 20 2 54 0 18 3 70 0 11 1 87 0 100 0 7 3 24 3 52 0 71 3 66 0 89 1 98 0 87 1 83 2 71 3 16 2 47 0 82 0 8 0 65 3 63 0 72 3 90 3 59 0 59 2 20 2 39 0 21 3 3 0 47 1 44 1 67 3 57 2 18 0 67 0 40 1 6 2 36 0 13 2 31 1 92 3 86 1 40 1 22 3 72 3 3 0 26 3 99 3 70 0 14 0 26 0 67 1 96 2 44 0 75 0 28 1 77 2 6 2 86 1 78 1 56 3 3 1 60 3 92 3 48 3 81 3 98
81 1 9 2 28 3 21 3 10 2 35 1 77 3 94 2 97 3 45 1 27 1 91 2 53 0 8 3 100 0 72 0 56 3 90 1 89 3 79 3 86 2 69 0 29 1 18 0 60 3 25 3 53 0 29 2 98 2 24 0 49 3 61 3 99 2 1 2 43 3 40 0 87 3 94 0 87 3 41 2 23 0 60 1 50 0 98 2 7 1 68 1 96 2 35 0 23 3 41 3 53 2 90 3 13 1 90 1 19 2 8 2 77 3 39 1 66 1 99 0 39 0 8 1 37 3 59 3 95 0 14 0 3 1 32 0 85 3 12 3 9 0 87 3 83 3 52 0 24 3 26 1 45 3 2 3 75 1 37 1 42 2 22
95 2 22 2 66 2 45 3 70 1 74 1 8 2 66 2 39 1 91 2 16 2 37 1 4 3 16 2 1 0 8 1 84 2 35 2 55 1 83 0 73 1 77 2 37 1 32 0 30 1 16 1 64 3 76 0 51 0 25 1 76 1 98 1 100 0 73 1 99 0 52 3 30 3 64 2 83 2 69 3 87 0 80 1 74 3 86 0 41 3 12 2 50 3 34 1 49 0 34 2 73 2 75 3 56 2 97 3 6 0 68 1 16 1 27 3 93 0 86 3 4 0 83 0 53 2 53 2 53 0 80 1 31 2 10 2 16 2 24 1 94 3 51 1 39 0 79 0 55 2 49 2 45 1 96 0 18 3 67 2 75 3 89 0 41 2 9 0 16 0 59 3 75 2 74 2 16 1 90 2 9 2 6 0 59 3 55 3 39 3 3
40 1 72 1 22 3 13 0 44 1 90 2 99 1 49 1 23 0 65 1 58 1 42 2 78 1 72 2 99 3 49 2 79 2 7 2 91 2 83 0 88 2 85 1 11 3 58 3 78 2 15 1 62 0 25 3 29 2 41 3 8 1 26 3 2 0 5 1 48 1 31 0 97 0 97 0 35 0 80 2 69
47 0 97 0 36 0 5 2 35 1 27 3 2 3 90 3 91 1 46 2 26 3 40 2 74 3 68 2 61 2 23 1 93 1 57 1 9 3 75 0 82 0 98 1 1 3 77 3 47 0 10 3 20 2 30 0 20 2 88 2 26 2 80 3 16 2 24 2 90 1 79 2 17 0 56 0 87 1 85 2 93 3 86 3 74 0 45 2 67 2 20 2 85 1 25
99 1 35 3 91 0 57 0 15 3 18 1 82 1 81 0 21 0 33 2 25 0 73 3 51 1 97 1 89 0 4 2 20 3 88 1 25 1 54 3 5 1 83 2 82 2 52 2 57 1 96 2 58 1 28 3 11 3 50 1 30 1 97 3 26 3 14 3 3 3 66 3 59 3 27 3 60 3 2 0 84 2 72 1 7 0 5 1 57 2 72 2 39 3 95 0 85 1 1 0 1 2 9 3 78 3 54 0 83 3 100 1 67 3 66 1 73 0 59 0 4 3 41 0 72 0 93 3 94 0 11 0 34 3 88 2 85 0 94 3 8 3 57 1 96 2 55 1 100 0 66 2 92 1 38 1 17 3 36 0 77 2 87 0 59 3 41 1 2 3 37 3 74 1 81 1 99 1 72 0 11 3 58 2 55 3 85 0 30 1 50 2 13 0 14 0 74 2 50
58 0 90 1 6 3 63 0 29 3 71 3 43 1 55 3 38 0 69 3 100 0 14 1 88 1 43 1 95 2 34 1 87 0 53 0 8 2 69 1 45 0 55 0 5 2 6 3 24 1 49 3 89 2 66 2 42 0 5 1 1 2 89 1 96 0 99 1 99 2 81 1 61 2 6 0 67 3 89 3 93 1 10 1 41 2 10 1 77 3 2 3 82 2 45 2 39 1 91 2 37 3 79 0 42 1 98 1 78 3 2 0 65 1 40 3 69
80 2 72 0 47 0 95 3 35 1 27 2 84 2 4 2 70 2 100 1 49 0 81 2 98 1 67 1 45 2 53 0 36 3 82 1 52 3 50 0 45 1 15 1 30 2 3 2 30 2 84 3 96 2 69 0 81 3 97 1 42 3 4 3 18 1 24 2 40 3 20 3 31 0 84 0 43 0 66 1 4 3 88 0 19 2 65 0 66 2 31 2 36 3 19 2 82 3 14 2 29 0 30 1 100 3 55 0 83 2 40 3 56 0 4 3 19 0 90 2 76 0 63 1 82 3 33 2 74 0 60 3 3 0 97 0 97 3 13 1 52 1 28 3 36 1 78 2 35 3 11 0 22 0 7 3 23 1 3 2 43
75 0 72 2 73 1 16 1 67 2 80 0 27 0 2 0 49 1 64 2 17 3 30 0 41 2 86 0 54 2 44 3 73 3 20 2 95 0 21 0 81 2 42 1 60 3 12 2 97 2 91 3 100 1 91 2 19 2 75 0 83 0 37 2 96 2 56 2 91 0 87 1 91 0 70 2 44 2 90 3 69 3 86 0 50 1 23 1 23 0 27 3 10 1 6 0 95 3 16 3 14 3 93 0 91 0 83 1 49 1 92 0 39 3 85 1 81 2 12 2 27 0 77 2 30 1 64 0 36 2 70 1 39 0 14 2 7 3 4 0 37 1 41 0 70 1 32 3 95 2 42
88 0 28 3 47 1 53 2 49 2 62 2 94 3 78 3 14 0 77 2 67 1 6 2 99 2 36 0 61 0 55 3 5 2 39 3 84 2 100 0 84 3 49 2 55 0 18 1 66 2 15 1 86 3 15 2 11 3 28 1 27 0 55 3 56 3 41 3 5 3 86 1 95 1 69 0 25 0 1 2 87 2 63 2 100 1 43 3 45 3 76 2 96 1 9 1 32 1 79 0 41 2 71 0 70 1 94 0 87 1 60 3 40 3 51 3 33 2 88 1 30 2 41 0 31 1 13 0 77 0 87 0 60 2 25 2 88 3 37 3 88 1 72 3 29 0 18 1 59 0 34 1 73 2 50 1 52 2 87 2 84 0 7 1 69 3 17 3 47 2 58 1 37 3 36 2 45
72 0 34 3 86 0 46 1 71 1 9 3 48 0 30 2 84 3 77 0 87 3 67 1 95 0 59 1 71 3 87 0 14 0 84 2 69 1 23 3 65 1 46 1 53 0 47 0 14 1 4 1 48 2 32 2 37 1 27 3 89 1 55 2 29 3 73 0 76 0 35 0 86 2 9 1 66 0 38 2 60 0 100 3 7 0 84 0 34 2 23 2 14 1 57 1 41 0 99 2 5 1 39 0 8 2 91 2 4 0 75 3 81 3 57 1 40 2 22 2 79 1 37 1 52 0 81 0 55 1 21 2 97 1 94 3 99 2 62 1 100 1 2 0 82
14 0 42 3 85 3 99 1 75 1 18 2 3 1 52 1 13 1 92 3 95 0 32 0 32 0 48 1 25
12 0 19 1 8 0 95 3 54 1 55 1 11 2 33 3 10 2 100 0 29 3 93 3 33
58 0 78 2 18 2 80 2 48 0 17 2 30 1 17 2 51 0 14 2 95 2 49 1 98 0 44 1 58 3 29 1 24 2 37 3 13 0 42 0 30 2 97 3 92 0 56 3 86 1 12 0 67 0 81 1 21 0 22 1 36 2 36 2 82 3 82 1 66 0 32 3 52 1 77 2 1 2 83 3 83 2 85 3 30 2 34 1 20 3 8 1 19 0 58 1 12 0 28 3 92 2 45 1 18 1 82 0 3 3 77 3 85 3 43 0 45
31 2 69 3 23 1 40 2 4 3 23 3 95 0 2 3 54 1 53 2 65 0 44 2 43 3 64 3 22 3 27 0 80 0 73 0 86 2 34 0 26 2 46 0 75 0 81 0 53 0 68 2 52 0 49 2 96 0 36 3 97 3 60
98 2 86 1 70 0 4 0 49 2 40 0 78 2 48 2 4 2 9 2 91 2 60 1 19 1 61 2 49 2 12 3 47 1 48 0 94 0 91 3 10 2 12 0 3 2 31 2 40 2 56 3 8 3 61 3 88 2 98 1 36 0 57 1 66 2 18 1 95 1 88 0 12 2 94 3 15 0 79 0 91 1 12 1 98 0 33 3 84 3 92 3 50 3 67 1 9 1 44 0 41 0 47 1 54 2 3 1 45 0 100 3 84 2 64 3 77 3 43 0 71 2 98 2 91 0 49 1 95 2 43 2 62 0 13 2 77 3 85 3 5 2 52 3 18 2 89 0 18 1 61 3 80 3 50 3 94 3 16 0 46 1 87 2 19 1 68 1 98 3 54 1 91 1 58 2 91 3 5 1 97 0 35 1 29 1 74 3 44 0 31 0 10 0 15 0 55
96 0 27 1 83 1 37 0 68 2 12 3 87 2 9 2 70 1 95 1 51 1 3 0 23 1 41 0 26 3 34 0 10 2 22 2 35 3 29 0 57 2 30 2 66 0 79 2 23 0 48 2 95 1 22 2 22 2 39 1 57 0 90 2 32 3 70 2 35 0 77 1 40 2 30 0 83 0 15 1 8 3 22 3 98 2 89 2 92 2 47 1 63 1 11 3 7 3 21 3 53 0 98 0 32 2 94 3 73 1 42 1 23 1 82 3 72 2 35 0 45 1 35 1 93 1 6 3 25 1 43 3 63 3 10 2 10 2 62 3 29 1 43 2 39 1 96 1 3 1 31 3 56 3 12 0 10 3 24 1 35 1 37 2 26 2 26 2 53 0 54 2 66 2 82 1 32 1 42 3 48 2 51 3 18 3 61 0 22 1 25 1 37
