6 36
724600 7469923 6784343 3530621 6713436 143920
60 4 96 0 31 1 13 0 70 5 5 2 19 4 16 3 15 1 71 3 38 1 2 1 27 3 43 0 38 3 27 2 9 2 68 0 83 1 52 1 3 0 98 3 73 5 78 5 19 0 72 0 48 1 86 5 19 0 10 5 24 1 26 0 78 2 80 2 60 4 36 0 22 1 88 0 73 4 70 4 2 4 59 5 56 4 86 0 9 3 80 2 49 5 8 1 65 1 58 1 66 1 7 0 93 4 43 4 58 2 7 4 48 4 12 3 28 3 65 3 5
54 5 1 3 29 5 98 2 11 5 5 2 31 1 1 3 27 5 64 0 74 0 3 1 16 4 70 2 57 1 45 2 84 1 54 0 30 3 39 2 55 4 8 2 83 2 54 2 52 4 74 3 7 2 28 1 68 4 61 2 60 1 51 4 72 5 13 1 84 2 95 1 8 3 47 3 21 1 8 0 6 2 93 3 49 0 11 4 26 5 19 4 72 5 72 1 5 0 93 3 29 0 42 4 26 5 90 4 32
49 1 7 1 59 2 3 1 19 0 18 2 49 5 67 5 19 3 18 0 35 2 56 1 15 5 15 1 62 1 60 2 96 0 73 1 16 5 63 2 15 4 88 1 48 5 54 2 67 0 45 2 69 2 56 2 94 1 33 5 85 5 86 1 62 5 65 1 34 3 14 2 47 4 38 0 80 3 74 1 31 4 68 2 62 3 26 5 63 4 67 2 91 0 94 0 35 3 2
13 2 20 2 19 0 88 3 44 1 47 3 63 5 100 1 50 2 75 0 48 2 95 1 91 5 13
1 3 75
51 4 51 0 27 1 30 2 77 5 73 4 80 0 57 4 2 0 82 5 20 0 41 4 98 2 46 3 100 1 80 2 32 4 98 5 33 4 47 1 77 5 9 3 43 1 37 2 56 2 33 5 9 1 45 2 77 1 96 1 24 3 86 3 57 1 17 0 47 2 99 4 43 5 94 3 30 3 4 5 100 1 82 3 37 0 94 0 93 4 73 2 35 2 70 0 31 3 19 1 47 2 15
37 5 89 2 59 3 52 0 60 3 9 0 30 4 65 5 23 3 70 4 54 4 70 3 41 0 76 1 97 3 84 3 74 2 10 4 58 4 51 3 85 4 35 0 46 5 77 2 53 5 12 2 23 5 32 5 44 3 91 1 22 0 47 5 75 5 39 5 55 2 97 3 47 1 13
39 5 20 0 84 0 94 0 31 3 36 2 1 2 23 5 68 1 54 1 40 0 53 0 70 5 44 3 59 3 24 3 36 0 69 1 84 0 45 3 20 0 97 0 39 1 79 0 58 2 23 3 21 3 30 4 95 2 56 3 83 3 12 2 24 4 97 5 19 3 22 3 36 4 74 2 99 3 79
81 3 85 2 83 4 7 5 52 3 15 3 46 4 53 4 84 4 5 5 97 3 58 2 16 5 91 0 31 2 91 3 68 2 41 5 78 1 76 4 31 5 31 1 80 5 81 0 10 0 7 2 70 3 45 4 32 2 60 4 2 2 44 1 3 3 23 2 82 5 82 2 55 5 49 0 38 0 65 1 75 2 31 3 100 2 13 2 26 3 95 1 10 2 90 5 78 2 67 3 72 4 16 5 17 5 8 5 56 3 75 5 83 4 42 1 70 4 2 2 47 3 82 5 31 3 70 4 32 3 66 2 69 0 51 3 47 2 28 4 17 2 3 5 84 1 71 5 35 4 1 4 80 2 16 1 17 0 21 1 94 2 95
46 3 77 0 19 2 11 3 65 3 53 0 37 1 6 1 21 5 37 2 65 1 16 2 70 0 10 4 78 4 24 2 59 0 1 4 50 1 63 0 52 1 6 1 22 0 70 0 18 4 52 5 45 5 51 5 63 5 20 4 35 4 18 0 9 0 72 4 74 3 72 5 99 4 82 4 36 1 65 1 14 3 40 3 70 5 62 5 69 0 92 5 87
90 3 85 2 27 4 73 2 2 1 49 5 89 4 54 0 15 4 58 5 43 4 66 3 12 1 95 0 17 1 87 0 64 4 77 4 59 0 62 3 45 1 15 4 7 4 19 3 96 4 21 0 52 2 25 5 79 0 72 0 72 0 95 4 78 0 64 2 58 3 45 0 88 4 92 4 10 0 22 2 30 0 6 1 34 1 94 4 28 1 38 4 82 5 45 4 86 2 18 1 8 2 28 2 9 2 37 0 56 0 54 0 32 3 55 5 86 2 65 4 50 5 87 0 2 1 57 2 100 0 47 4 7 1 100 2 26 3 26 3 76 0 78 2 42 3 69 0 40 2 25 2 40 4 78 2 61 3 96 0 23 0 70 4 35 5 87 0 8 5 78 0 65 1 22 0 93 5 96 1 4
56 4 81 2 7 3 22 5 66 3 15 1 69 4 41 1 68 5 7 3 82 4 70 0 22 1 70 2 100 1 81 0 4 4 86 3 52 3 23 1 58 3 23 5 38 0 29 1 17 3 3 1 2 1 54 1 63 2 80 4 9 1 91 5 76 2 66 5 68 2 81 4 58 1 34 1 59 0 69 2 6 5 25 0 17 3 92 4 54 3 92 1 96 1 86 0 7 3 1 1 85 4 68 1 95 0 37 5 60 4 11 3 9
82 4 56 2 23 0 54 1 91 5 51 0 11 5 53 2 72 3 32 5 6 1 13 4 78 0 95 0 72 3 76 3 11 0 64 4 29 5 37 1 1 5 5 2 80 5 78 2 57 0 39 2 35 0 42 1 7 0 98 0 7 4 11 3 48 0 88 4 99 1 68 5 88 1 27 4 62 4 45 4 62 0 81 4 4 4 30 1 34 5 51 4 75 1 60 2 35 0 31 2 28 2 93 0 88 5 85 4 88 2 83 2 98 3 80 5 68 1 44 2 95 3 61 0 97 5 8 1 5 1 80 3 22 2 34 2 23 1 5 5 74 1 20 3 85 4 84 5 81 1 66 3 35 0 47 2 11 3 20 2 61 5 26 0 36
14 3 22 1 44 5 55 0 1 3 34 5 46 2 64 3 40 1 100 1 66 5 28 4 58 5 80 2 64
38 3 84 3 57 0 52 3 77 1 67 2 58 3 55 2 77 2 98 5 31 1 68 5 23 2 75 3 49 3 39 4 89 5 74 2 54 2 87 0 15 4 90 5 88 0 77 2 40 4 25 0 4 1 78 3 74 0 55 5 83 0 98 1 100 0 64 0 16 3 32 0 26 0 34 1 50
62 3 24 3 14 4 33 1 82 5 95 4 13 4 36 2 38 4 8 5 51 3 3 2 14 2 55 4 33 4 80 2 4 5 32 2 13 2 5 2 56 2 31 4 62 1 98 0 44 2 92 2 11 3 10 3 77 1 85 1 39 5 56 0 61 4 9 1 7 5 66 1 76 1 55 4 39 1 76 2 76 2 53 3 71 2 71 4 35 3 75 2 12 2 39 2 67 0 30 2 81 1 16 3 99 2 39 2 45 0 32 2 25 0 33 2 51 4 53 5 79 0 55 3 35
40 3 20 1 35 4 73 0 39 5 43 3 6 2 8 1 27 0 29 4 31 3 85 1 48 3 68 3 98 5 75 0 41 2 57 5 78 3 60 3 96 3 100 4 61 0 7 2 38 4 26 5 26 0 46 1 68 3 79 4 51 5 94 4 74 3 91 2 83 2 36 4 7 3 78 4 97 4 97 1 13
3 4 5 2 84 4 44
36 3 30 1 21 0 72 0 15 0 21 5 23 2 6 4 69 2 94 5 21 3 77 0 61 5 48 1 70 4 69 1 45 5 16 4 94 5 94 1 73 0 87 0 23 1 66 4 3 3 65 1 54 3 91 1 4 1 12 1 21 3 68 0 13 5 30 2 69 1 29 0 67
3 0 10 0 9 2 67
92 0 40 2 65 0 8 1 4 5 53 0 22 2 49 3 75 3 33 2 31 3 41 2 32 1 15 1 17 2 33 0 32 5 24 3 59 1 44 3 78 3 65 5 23 1 36 1 99 0 60 1 41 5 16 5 31 3 63 4 31 0 22 1 6 3 51 5 91 5 45 3 48 4 25 0 16 5 35 5 15 0 23 4 64 3 6 4 64 2 82 3 22 3 51 0 84 1 56 0 51 5 80 5 12 1 65 4 44 0 70 5 8 0 98 3 91 4 67 1 65 2 85 3 14 5 63 3 61 5 88 0 46 2 94 3 25 5 77 0 19 5 27 4 42 1 86 5 95 3 10 1 75 4 28 2 42 3 56 2 9 2 39 1 5 0 2 1 27 1 85 4 44 5 25 1 5 1 1 0 42 4 52 0 18
10 1 12 2 79 4 96 4 49 4 70 2 52 1 14 5 54 0 26 3 95
6 4 53 2 37 2 73 2 33 3 83 3 88
77 5 61 5 38 0 60 4 96 0 45 1 63 0 87 3 85 5 68 3 46 0 5 0 24 3 84 2 72 3 31 0 37 5 70 5 74 5 65 4 24 1 99 2 46 4 72 1 98 4 88 3 10 1 21 0 39 1 4 5 85 2 57 3 97 5 84 2 74 0 45 3 33 3 37 4 78 5 49 2 84 3 9 4 70 0 92 4 25 3 80 5 71 5 63 0 21 3 26 4 80 2 92 3 99 5 38 5 29 4 39 0 85 2 52 1 1 2 67 4 1 4 27 1 49 4 45 2 89 0 23 2 40 3 77 5 1 2 40 4 38 5 18 0 15 4 88 4 71 1 54 1 98 5 32
79 0 2 1 78 4 46 2 38 2 84 0 89 0 26 3 70 3 60 2 52 2 58 2 96 3 31 1 73 5 39 4 40 5 34 4 9 1 54 0 3 0 55 4 33 2 14 5 21 2 15 3 87 0 93 2 21 2 90 4 74 0 22 5 32 5 47 5 75 3 6 2 84 4 78 3 2 1 16 0 73 3 2 2 5 4 21 0 41 2 20 0 83 5 80 3 39 0 78 3 6 5 53 2 99 1 36 2 58 5 93 0 80 2 9 2 70 2 98 5 66 0 60 5 31 1 21 5 56 2 38 2 91 5 17 3 61 1 12 5 99 3 91 5 78 4 48 1 7 3 9 4 58 4 17 3 79 3 8
54 5 93 4 45 0 48 1 75 2 96 1 34 4 60 5 66 3 95 1 84 1 15 2 67 1 19 5 36 5 3 3 39 2 24 1 24 4 89 3 25 0 1 1 16 5 87 5 55 2 1 1 62 3 54 0 46 1 24 4 70 5 75 1 96 0 4 2 62 3 15 3 25 5 40 2 66 4 31 0 2 2 11 4 48 3 73 0 86 0 93 2 12 2 55 2 70 5 60 5 30 5 83 2 16 2 32 5 68
65 5 70 1 14 4 54 3 82 1 73 1 78 3 65 4 81 2 60 3 56 5 9 3 21 1 14 3 94 5 18 5 97 1 35 2 42 3 50 1 10 3 16 1 84 2 15 2 32 3 16 4 90 3 75 2 2 3 2 3 75 0 73 2 92 2 15 0 40 5 66 5 9 0 8 4 79 0 13 1 9 3 94 0 88 5 9 3 39 0 1 4 20 3 96 3 80 4 70 2 42 5 31 1 17 3 8 2 5 4 24 1 13 5 78 0 7 2 56 0 92 5 30 3 31 5 97 4 4 4 17
7 4 67 2 81 0 18 4 14 4 61 5 43 0 29
26 3 75 3 87 0 7 1 17 2 68 1 90 2 90 0 10 5 79 3 68 4 16 3 66 2 73 0 75 5 66 0 48 0 98 3 67 2 97 3 85 0 42 5 72 5 23 5 60 2 59 1 93
15 1 27 0 99 1 47 5 75 5 52 1 28 0 50 0 47 3 68 5 34 2 66 2 81 1 45 3 29 3 75
21 3 2 3 50 4 74 4 98 3 76 2 17 5 82 4 58 1 24 4 23 0 60 2 78 4 84 1 100 3 16 2 43 3 4 5 34 2 10 0 80 5 45
5 1 52 4 4 2 74 1 27 3 60
17 4 97 3 95 2 30 5 69 0 56 5 73 0 62 4 76 5 23 4 2 1 50 2 65 4 26 3 60 5 100 2 18 1 12
66 5 3 2 50 0 38 5 31 2 50 5 93 0 81 0 86 4 22 0 58 1 43 1 34 0 85 2 17 0 11 2 76 4 51 0 26 1 49 4 81 3 46 3 32 0 12 5 7 1 27 1 74 2 40 2 64 1 72 2 87 4 21 4 77 4 47 2 31 3 58 5 71 1 11 4 51 0 57 2 58 0 54 5 20 0 8 4 48 3 85 0 59 2 70 1 6 4 89 2 8 4 98 1 51 3 54 2 1 1 22 5 56 1 70 4 57 4 90 1 84 5 61 2 60 0 23 3 51 5 46 3 66
92 4 24 2 76 4 51 3 56 0 35 1 69 1 1 4 24 5 29 3 36 2 19 3 14 2 44 5 44 5 50 2 12 3 23 1 38 5 74 5 18 4 93 5 25 5 3 1 18 5 55 1 51 4 4 1 88 0 22 1 84 2 77 5 40 2 69 2 61 2 96 1 97 4 89 3 67 4 27 1 25 5 72 2 28 5 43 1 25 0 79 0 82 1 44 2 67 1 18 2 79 3 10 3 58 5 85 0 77 2 46 4 93 5 60 1 35 4 59 2 19 0 18 2 4 5 7 5 8 0 78 3 64 3 81 2 93 4 38 5 44 2 84 4 73 2 1 0 7 5 91 2 96 1 93 3 69 5 66 0 98 2 9 1 82 5 94 3 52 0 55 0 47 1 29 1 89 4 5 0 93 1 69 5 51
39 3 56 2 39 0 54 3 90 4 91 0 8 4 85 0 57 1 76 0 46 2 32 3 12 5 28 3 34 0 29 3 78 0 73 0 94 2 95 5 79 1 10 5 94 1 24 0 14 4 6 5 54 0 95 0 98 3 73 4 61 3 94 4 84 1 95 4 53 2 70 4 15 3 100 5 86 1 25
