9 66
9431781 7501225 8694588 3339238 4728048 9658363 5634244 9614465 7820185
91 0 30 4 81 8 16 4 9 6 36 6 18 8 20 6 81 6 11 6 5 1 20 2 15 5 76 8 46 1 60 2 53 4 44 0 4 6 33 0 36 1 8 5 66 5 37 5 30 7 68 7 95 2 3 8 64 5 96 5 95 0 17 1 68 8 91 8 9 8 44 1 77 6 53 2 51 7 60 8 89 7 82 5 26 0 92 3 97 3 1 2 31 4 7 5 88 0 38 3 65 3 93 0 51 8 82 7 88 2 53 2 40 3 49 3 7 2 80 5 20 1 57 6 43 8 14 5 94 8 73 3 31 8 20 7 68 4 5 3 68 3 46 8 72 0 89 0 16 7 65 3 52 4 77 6 38 3 26 7 77 8 59 7 5 7 34 1 11 7 96 8 97 5 44 7 58 4 89 4 68 7 15
60 6 1 7 25 6 90 3 2 4 68 7 4 3 31 6 88 2 48 4 12 1 23 0 89 6 69 0 94 4 49 0 45 5 39 7 35 6 6 6 89 1 92 8 87 7 43 4 91 0 37 5 96 1 54 2 36 1 43 5 33 8 54 5 91 3 91 3 19 7 58 0 63 3 10 7 59 4 56 2 19 3 8 5 19 2 72 5 47 2 89 8 22 8 78 8 18 5 41 1 91 1 93 4 78 5 74 5 23 8 94 3 94 0 7 8 93 5 37 0 57
62 0 47 5 30 7 38 4 32 8 100 8 63 1 94 8 76 2 8 7 91 8 42 3 24 5 60 3 78 7 98 5 84 4 69 7 39 4 17 4 35 7 91 5 19 6 33 3 22 5 83 7 99 6 25 7 6 8 28 3 59 0 13 5 17 1 44 7 85 6 2 2 50 7 31 1 1 4 10 6 52 8 96 8 95 1 54 7 13 5 65 2 97 8 86 5 36 1 95 3 17 1 65 2 33 2 52 3 47 6 98 8 30 8 44 4 47 5 100 3 26 0 89 3 77
8 4 18 4 85 8 28 0 14 6 23 2 52 5 96 7 27
99 1 85 8 59 8 22 4 54 0 51 8 81 7 51 1 61 3 19 6 78 7 42 6 92 6 76 2 63 4 37 7 89 8 64 3 23 1 14 3 18 7 73 8 15 4 84 5 25 0 5 4 40 0 63 3 6 2 18 4 71 3 9 1 2 3 54 6 80 5 1 2 66 2 62 2 2 4 28 1 30 6 18 3 100 6 41 2 94 0 82 8 55 7 41 1 7 0 33 4 23 1 11 2 72 4 83 8 85 1 92 5 43 8 91 1 49 5 92 2 66 4 92 4 56 4 52 4 53 5 98 5 16 6 44 6 11 8 90 1 4 6 65 4 20 7 69 4 67 5 55 7 81 3 4 4 44 5 64 4 50 0 45 3 29 6 33 7 29 1 96 6 75 6 86 2 43 8 47 2 54 8 83 1 16 8 41 1 98 6 67 8 29 7 100 6 80 6 56
84 1 11 4 83 6 31 2 79 1 47 5 53 8 6 8 9 6 22 3 65 0 26 4 12 8 11 4 43 1 27 4 40 5 78 7 1 3 85 4 29 7 65 3 75 3 59 1 38 7 30 5 64 4 7 6 37 2 42 1 68 5 84 6 100 5 77 6 98 7 66 7 95 5 59 2 93 3 71 5 74 1 47 3 95 0 27 2 49 0 100 0 48 0 58 4 76 8 28 5 66 0 37 6 99 1 5 1 80 6 23 2 19 4 66 0 30 8 24 1 2 4 94 6 7 1 15 4 1 3 20 5 85 2 7 5 94 4 32 1 37 1 92 0 90 8 80 6 80 5 99 1 2 2 68 6 9 4 35 0 58 2 60 6 50 3 28 4 43
59 7 23 7 18 5 8 5 10 6 12 2 65 1 59 1 79 8 68 3 19 4 47 4 19 0 15 0 5 2 23 5 17 0 42 1 59 3 93 6 100 6 42 4 73 3 39 3 33 7 38 5 21 1 25 6 62 7 55 2 69 2 26 3 33 8 96 6 53 4 9 0 32 5 1 4 48 2 71 8 91 1 59 7 78 3 21 6 74 5 34 4 49 7 27 4 96 6 32 0 94 4 59 6 28 4 70 4 34 8 16 1 60 3 37 7 64 7 1
9 3 27 7 83 0 24 2 79 7 15 6 87 7 96 6 96 6 10
11 6 36 1 85 5 8 8 65 6 87 6 41 1 24 3 7 2 46 3 55 2 72
48 6 20 0 45 3 63 1 38 6 43 7 12 8 73 0 64 8 95 8 90 3 73 5 5 4 10 6 62 7 70 5 44 1 64 4 3 0 55 8 98 7 80 1 44 5 5 4 50 0 26 7 87 4 96 2 94 4 5 4 53 7 65 8 32 2 76 1 69 1 99 4 64 8 53 1 90 7 79 3 29 3 98 0 75 6 87 6 13 1 46 7 88 2 53 7 23
96 1 24 5 67 2 36 7 55 0 69 5 13 8 39 8 31 0 34 4 56 3 60 2 59 4 96 3 60 0 88 4 86 7 71 6 56 4 8 8 18 5 72 3 77 3 49 6 53 1 6 5 10 3 41 4 75 8 73 1 15 5 35 4 24 5 20 0 16 2 67 1 60 4 80 2 55 4 92 4 58 2 10 7 27 0 89 5 31 3 86 7 63 7 49 1 4 1 99 7 81 1 69 7 5 3 38 8 57 8 8 5 49 1 13 8 18 0 21 0 17 7 77 3 38 8 44 4 28 4 47 7 8 0 100 8 35 5 27 3 81 7 98 3 51 3 46 5 63 3 12 6 21 6 91 8 23 3 4 6 28 4 50 0 69 0 52 6 41 7 39 3 30 4 97 0 64 7 22 5 64 1 53 3 47 0 77 1 99 4 51 4 8
41 1 92 0 32 7 20 7 35 6 58 3 15 1 14 0 22 1 79 1 99 4 29 7 27 3 31 3 61 8 73 3 16 3 12 6 90 4 36 3 9 6 58 8 77 7 80 3 74 6 57 0 33 5 78 0 24 5 48 7 88 5 83 8 68 8 66 6 57 2 16 4 35 6 30 0 46 8 71 0 39 2 33
43 4 39 0 65 3 37 8 59 2 74 7 58 7 83 0 74 0 32 5 32 4 83 3 96 0 81 2 36 3 86 7 78 1 68 3 49 2 66 4 75 2 78 6 82 7 55 8 15 1 82 5 23 2 7 0 51 5 46 4 49 8 7 1 38 5 22 1 39 0 67 7 3 5 83 6 61 3 81 4 88 6 13 6 54 8 58
12 1 83 7 91 8 18 1 88 1 31 3 49 8 15 5 82 3 82 1 4 3 63 7 2
99 1 16 3 28 3 72 7 9 7 35 6 28 6 28 6 92 4 79 4 74 7 27 0 48 0 21 2 68 6 91 3 30 3 35 4 86 2 67 8 8 3 78 0 79 7 82 6 50 0 86 1 12 4 16 6 16 8 69 6 56 0 88 6 77 7 52 3 57 6 25 0 18 4 63 1 23 4 37 6 80 5 56 0 30 8 7 5 83 4 15 7 89 3 74 5 44 5 8 1 2 8 44 7 83 0 79 3 77 5 69 4 56 7 8 3 41 5 94 0 89 7 4 6 81 4 62 0 74 3 5 0 9 2 8 4 48 5 64 7 54 8 15 8 57 7 37 6 82 2 43 0 96 2 85 0 34 8 8 6 60 1 63 0 9 8 96 7 32 3 45 3 74 2 58 1 26 1 79 6 19 2 33 6 76 7 87 1 38 4 15 8 31 1 53 8 47 3 90
19 4 64 4 90 6 76 2 68 4 97 8 40 7 3 3 94 2 75 2 86 1 70 3 40 6 62 0 62 1 65 8 71 3 85 0 51 2 41
17 8 100 2 4 2 16 1 9 2 99 6 83 6 30 1 93 2 29 0 1 8 88 6 42 4 57 5 2 0 23 7 85 0 92
100 7 36 7 92 1 4 2 44 3 27 4 5 7 27 8 92 4 79 5 92 8 10 5 2 3 98 8 37 2 91 7 90 6 49 1 19 7 72 6 2 1 25 5 73 1 98 8 33 3 21 8 45 6 58 3 95 3 60 4 13 2 72 5 35 5 37 2 96 2 92 2 41 6 97 4 4 2 21 8 90 5 51 4 84 5 19 7 44 2 58 8 63 3 41 8 99 8 100 1 34 2 14 4 75 0 100 1 27 4 21 7 11 2 47 7 1 2 98 0 98 5 92 2 15 0 27 8 72 3 53 8 45 4 72 3 7 4 23 6 21 0 88 5 76 2 74 1 31 5 11 1 57 1 23 1 58 3 80 5 90 7 75 6 67 7 20 5 97 0 88 6 38 6 87 6 48 6 66 5 32 1 61 5 75 7 58 5 77 6 94 6 66 6 82 0 37 4 13 1 73
51 3 2 0 77 6 53 6 50 5 26 1 53 1 49 0 20 6 28 0 54 6 76 2 63 8 16 7 62 5 64 6 19 2 69 4 82 6 59 0 28 1 54 3 99 5 61 2 61 7 84 2 19 6 16 8 55 0 62 1 49 5 75 5 100 0 68 8 70 2 68 5 65 5 37 8 12 3 9 8 22 4 5 6 70 1 73 5 43 8 32 7 63 3 82 4 60 8 84 5 8 4 79
21 7 57 7 22 8 92 5 73 2 94 2 80 3 47 8 65 6 27 5 63 8 77 3 11 3 84 3 7 0 89 6 16 2 59 4 76 1 11 7 5 1 44
46 7 72 6 29 3 38 0 39 7 69 8 29 1 66 5 14 6 44 7 7 7 73 5 52 8 57 7 44 8 81 8 70 1 38 6 43 1 65 5 79 7 18 6 5 1 95 1 29 6 51 6 8 2 33 8 21 6 99 8 6 2 61 1 1 5 75 8 76 7 22 3 64 2 25 4 78 6 93 5 47 5 28 1 69 0 91 4 2 1 17 2 32
40 7 95 1 2 5 31 7 96 4 9 5 49 4 10 6 8 2 4 0 48 5 78 3 5 2 77 2 15 2 21 5 27 5 42 5 94 0 57 2 54 6 71 2 6 0 86 7 77 4 34 4 46 2 64 0 91 6 12 5 34 2 46 2 77 6 36 8 8 8 89 5 28 2 77 8 61 1 66 0 31
32 5 55 3 77 0 59 8 17 7 97 7 41 0 8 6 89 5 34 0 24 8 45 0 95 6 27 8 53 8 14 1 17 2 94 5 64 6 51 3 19 0 53 6 67 8 55 2 13 1 11 8 67 1 94 7 49 1 67 3 66 5 33 1 68
11 0 68 3 6 5 68 3 24 1 67 0 22 0 92 1 17 5 24 4 61 5 11
3 2 2 4 72 1 51
18 5 92 8 78 6 11 5 10 4 3 6 1 1 94 2 15 1 59 0 76 5 52 1 33 2 86 6 1 5 49 0 78 4 3 4 85
32 8 81 4 19 3 54 7 20 8 13 4 47 1 21 1 72 3 78 2 32 1 14 4 61 3 33 3 73 7 90 2 84 4 18 2 94 0 4 0 65 3 27 4 29 2 75 4 78 1 80 5 14 1 65 0 32 0 70 5 95 8 58 3 39
35 1 28 2 74 2 14 1 98 0 97 6 35 5 67 1 14 3 61 4 35 2 98 6 76 8 54 4 38 4 11 2 2 4 44 4 100 2 83 2 84 6 55 1 28 1 62 0 52 1 38 5 12 5 1 4 93 6 76 8 41 6 18 0 45 7 79 5 15 8 75
38 5 34 2 61 7 23 8 36 1 54 7 53 7 21 1 16 2 45 2 1 6 72 2 2 3 74 5 87 5 86 1 34 2 16 6 65 1 61 4 79 6 77 6 97 1 78 2 56 7 93 8 80 0 42 7 62 3 3 1 47 0 98 3 40 1 16 4 78 7 57 7 32 4 79 3 39
10 1 70 4 15 0 32 1 83 5 82 6 6 6 90 7 16 8 38 7 56
27 6 74 0 24 8 13 7 19 7 12 7 18 0 67 7 92 7 89 5 41 2 47 7 19 7 35 4 96 0 86 6 91 4 11 6 58 5 73 6 89 1 55 7 24 0 21 5 57 0 52 5 27 8 36
94 6 11 5 38 7 57 8 78 5 9 4 97 8 8 6 37 8 88 3 86 7 45 7 10 7 6 1 43 6 52 4 28 6 91 1 82 7 55 5 87 0 37 0 29 2 15 3 6 0 88 2 28 7 15 6 83 2 15 2 61 1 40 3 93 7 11 1 86 5 53 0 87 6 20 7 67 0 69 1 50 2 39 3 24 0 12 3 11 0 77 8 94 0 45 0 63 7 78 6 38 8 81 4 78 7 86 6 89 1 51 7 62 8 76 7 86 1 20 3 96 2 77 5 44 2 78 2 88 6 40 1 100 3 51 6 42 0 24 1 8 0 41 7 6 5 93 1 70 0 72 6 57 1 67 2 8 4 99 0 15 4 11 1 1 0 7 1 24 7 59 1 87 0 100 3 89 7 34 0 59 5 69 8 43 8 46 0 98
62 0 11 2 97 5 11 5 94 6 35 5 31 5 36 8 79 5 36 7 83 3 22 5 34 4 7 6 85 8 37 7 23 1 55 7 13 8 20 2 18 3 71 1 25 8 43 0 29 0 8 8 73 2 30 3 15 1 73 6 12 6 32 0 42 2 19 3 77 3 42 1 33 8 99 6 10 6 48 3 72 6 37 7 3 2 13 3 91 8 6 5 28 1 76 2 51 3 28 1 42 5 61 4 9 4 38 3 71 7 96 4 19 5 62 8 61 6 3 2 65 5 94 1 20
16 0 1 6 50 4 11 4 22 4 87 1 86 2 4 3 26 2 58 5 40 2 26 8 99 3 69 6 7 4 100 7 78
98 8 88 3 74 4 85 6 98 4 30 2 87 2 56 8 1 7 60 7 6 4 76 2 48 2 38 5 92 0 4 1 74 3 34 2 61 6 13 3 55 3 13 2 46 5 82 7 75 7 3 3 95 8 82 8 95 3 20 2 26 3 80 1 74 4 2 3 28 3 92 3 64 3 75 5 91 0 77 5 35 1 64 1 57 3 92 1 30 7 41 7 89 8 51 4 77 4 40 3 76 0 30 4 21 2 72 0 87 7 26 1 23 6 95 3 83 3 61 2 8 4 50 0 83 8 6 5 91 6 93 2 73 8 85 3 9 6 66 7 7 6 33 2 93 4 100 4 48 5 44 1 80 2 54 8 72 8 7 0 69 7 34 5 39 2 8 1 25 6 7 5 64 0 94 0 2 6 33 0 47 1 25 4 70 4 83 0 79 5 36 2 53 3 69 4 85
52 1 25 5 67 7 70 5 19 3 4 1 10 8 57 5 25 5 80 1 61 6 92 5 100 3 64 7 59 2 60 2 56 1 7 1 87 1 7 1 55 8 45 4 37 8 17 5 88 0 25 7 94 6 97 8 3 5 17 0 86 5 31 3 94 3 41 1 29 6 35 5 86 3 88 2 82 2 55 8 35 5 75 2 5 8 31 6 93 8 1 4 13 0 17 6 88 4 18 2 90 3 84 8 49
70 7 8 0 94 4 91 0 33 7 33 1 63 3 64 2 2 3 75 8 97 3 76 8 68 5 33 8 67 2 85 7 11 6 1 0 58 3 31 7 88 5 23 4 91 6 99 6 66 8 41 7 70 0 83 0 35 7 16 2 21 0 63 4 68 0 69 8 49 5 47 8 61 4 82 2 64 6 32 6 63 6 25 6 38 7 64 3 83 1 18 2 37 8 19 5 89 6 66 8 29 4 75 3 85 2 11 6 82 6 77 3 96 2 57 0 2 7 11 7 86 7 62 5 24 4 53 6 69 3 25 6 1 0 25 8 48 7 73 4 38
100 0 26 7 61 7 73 6 62 4 19 1 30 8 25 1 36 7 4 8 67 3 17 5 88 0 92 4 72 6 94 1 57 6 58 3 7 3 96 3 6 6 26 5 93 7 4 5 65 2 66 1 66 4 46 8 94 7 12 2 31 8 2 2 67 3 54 4 69 1 24 3 14 2 7 7 48 2 52 2 28 7 65 1 93 2 12 1 44 2 4 8 32 1 35 6 43 4 58 4 40 1 4 5 89 8 10 5 4 0 11 0 24 3 19 2 5 2 56 4 78 1 55 4 52 7 2 6 61 7 66 8 7 6 96 3 73 5 34 8 85 3 92 4 37 4 44 0 63 4 14 2 38 4 35 2 93 2 53 0 70 3 16 5 73 1 80 4 12 3 6 0 10 4 5 3 19 0 31 0 73 4 66 7 69 4 2 4 32 5 23 3 84 7 13 2 74 5 77 6 95
60 7 38 8 86 3 15 6 94 5 39 3 75 0 30 4 11 2 26 6 39 4 32 2 87 4 57 7 94 1 55 6 20 1 2 6 35 6 19 6 72 1 98 6 60 5 96 3 67 3 21 3 61 1 20 6 99 7 42 6 22 6 37 1 92 6 42 6 3 5 76 6 20 4 21 7 73 2 60 5 68 7 18 8 22 3 66 5 70 4 63 7 40 4 59 3 2 6 29 2 11 0 41 0 87 1 95 1 18 5 49 7 77 7 28 6 48 4 25 2 26
59 7 44 4 29 8 47 6 59 5 41 1 30 8 47 1 61 0 23 7 9 6 80 1 87 8 24 2 96 2 10 7 72 6 29 7 15 2 85 7 71 0 12 7 50 1 100 8 89 7 56 4 62 6 76 2 71 2 53 0 66 0 75 3 69 6 60 6 23 2 50 2 34 3 30 3 28 5 43 8 4 7 2 4 11 3 39 0 62 4 22 6 14 4 55 8 13 0 61 5 32 3 33 1 31 7 41 3 53 4 4 2 42 6 93 4 72 7 97
11 0 94 1 69 5 62 4 24 3 21 7 77 6 50 2 49 1 43 5 18 2 4
51 6 70 3 78 2 9 6 99 0 51 1 29 5 68 7 28 8 4 5 53 7 68 0 83 3 74 4 89 6 45 0 32 5 14 3 19 3 59 7 100 2 6 4 96 7 95 0 64 2 8 2 39 3 69 4 40 4 45 7 59 0 51 8 98 3 78 5 42 6 99 3 27 5 91 5 64 3 54 2 91 0 21 5 81 6 58 4 79 3 55 7 92 1 26 3 5 4 89 5 28 4 26
51 5 60 6 2 2 68 6 42 0 46 8 28 6 64 7 78 7 38 8 77 1 71 1 6 4 4 0 29 5 52 5 42 8 97 7 65 6 57 6 23 4 45 7 74 0 33 4 98 7 91 0 72 6 34 5 94 2 98 4 6 5 56 2 39 7 2 6 13 6 12 0 53 0 73 5 8 5 66 3 75 7 22 2 70 0 22 7 23 8 80 0 81 4 38 4 79 5 43 8 59 1 3
91 4 99 7 42 5 14 5 56 2 89 3 39 4 55 5 100 4 99 5 68 6 41 2 30 6 52 0 30 1 95 7 84 4 12 8 52 5 97 7 86 1 16 5 98 2 55 6 65 5 49 3 67 4 10 5 92 4 80 2 49 4 20 4 43 0 30 8 31 2 91 6 66 5 42 1 25 7 28 8 82 1 59 5 84 5 35 4 4 4 74 6 91 6 84 3 61 2 65 4 16 3 28 7 66 4 38 0 57 5 42 4 68 1 94 6 79 2 57 6 24 4 75 6 95 7 69 6 40 8 18 1 58 1 23 2 99 1 34 1 41 8 16 3 54 0 96 3 93 5 26 7 48 3 68 6 67 5 91 2 39 0 76 6 19 4 43 4 56 7 74 1 29 0 78 0 100 5 85 8 37 4 35
93 7 33 4 10 3 88 4 99 2 14 2 2 1 45 7 15 3 74 0 80 3 58 6 96 6 47 6 70 8 65 6 98 1 39 4 92 4 91 1 80 4 99 6 7 7 70 5 81 5 91 1 43 6 97 7 60 1 100 3 42 0 90 8 36 0 3 3 36 7 58 7 94 5 54 7 16 5 72 1 42 1 65 5 1 7 28 1 90 2 11 0 66 4 39 3 83 6 52 2 4 7 71 3 85 4 27 0 9 4 4 5 54 3 33 0 54 3 3 1 78 2 26 5 7 8 54 8 83 6 59 2 69 6 75 2 29 3 28 1 60 0 66 8 41 7 65 5 11 5 60 2 7 8 42 3 78 8 83 5 82 6 65 2 15 4 48 0 100 8 25 8 97 0 77 3 97 8 38 4 92 8 20 4 34 5 79
60 6 37 6 64 8 95 1 98 4 21 5 42 5 88 1 26 8 87 7 30 8 47 2 10 7 73 7 33 1 12 1 80 1 43 3 70 7 71 4 45 0 83 8 21 4 5 3 62 8 32 2 28 2 23 3 3 7 96 2 41 6 67 3 36 3 77 3 4 1 12 4 70 2 18 7 26 7 51 7 37 0 2 2 36 2 22 7 59 8 62 0 56 5 94 8 30 0 79 7 57 7 85 2 80 3 36 6 96 6 93 3 2 1 18 2 78 4 90 4 36
79 7 80 8 21 4 85 1 56 4 71 3 92 4 81 3 27 6 61 1 6 7 95 5 33 6 82 1 85 5 89 8 58 5 43 7 26 3 86 5 11 4 67 1 77 0 44 0 55 7 88 1 57 8 100 4 15 5 54 6 92 0 97 7 96 0 10 7 81 2 80 6 73 3 88 4 17 7 49 8 99 6 55 0 93 8 27 3 16 0 39 1 80 6 87 4 28 2 2 6 55 4 50 6 20 6 21 6 67 6 63 4 95 0 20 7 70 0 81 2 59 2 34 1 64 6 32 8 69 0 69 1 84 5 24 8 5 7 31 6 52 0 18 4 8 4 53 7 55 5 70 6 91 2 57 4 6 2 41
52 0 5 4 71 4 27 0 18 2 7 1 49 3 49 2 75 1 100 3 64 2 21 1 98 7 54 2 85 6 26 2 93 8 64 0 42 7 7 5 77 7 16 1 77 8 25 6 4 6 40 2 64 5 84 0 58 0 32 0 80 7 97 5 14 6 33 8 68 0 25 1 34 8 75 4 63 0 18 2 11 5 25 4 5 0 59 5 89 0 47 0 62 1 60 6 89 1 81 2 26 8 68 7 45
56 7 55 4 59 8 57 3 78 1 10 8 78 2 58 8 68 5 22 2 77 0 23 0 22 8 33 2 100 3 77 5 40 2 44 0 2 0 77 3 91 7 57 3 29 1 44 2 75 6 51 7 90 4 78 6 53 3 53 8 66 0 36 5 88 8 14 6 99 7 15 3 3 4 89 4 74 8 8 4 38 3 57 3 18 5 15 4 6 2 95 8 6 4 31 3 62 4 77 4 68 5 75 4 67 5 87 1 2 0 18 2 14
49 4 57 0 85 0 19 2 83 8 8 6 31 1 69 7 28 8 22 6 46 4 56 1 13 0 38 5 36 2 90 1 10 3 54 6 23 7 83 2 80 8 67 2 52 4 71 2 47 5 33 0 28 6 71 7 10 4 71 6 44 2 81 5 68 8 48 1 49 4 62 5 51 2 14 6 63 4 61 7 95 4 36 8 98 0 67 7 82 4 71 1 92 6 38 3 14 1 25
59 4 75 8 80 4 28 4 43 3 16 0 89 3 99 2 77 7 77 3 99 3 15 0 50 3 69 6 25 5 68 4 21 5 80 1 19 2 79 2 79 6 25 7 74 8 60 3 83 6 15 2 52 7 32 8 94 7 52 3 59 0 98 3 96 7 76 8 36 1 31 3 53 5 7 5 28 7 75 6 96 1 90 8 59 4 14 4 40 7 70 4 79 8 3 8 76 1 7 8 41 0 72 2 37 0 39 1 5 4 2 8 1 5 61 1 6 6 73
93 5 21 2 90 2 95 3 50 6 48 4 65 6 90 4 98 5 38 8 53 0 34 3 99 5 33 3 11 0 98 2 17 8 13 3 25 7 77 5 39 8 45 5 36 7 99 0 66 8 40 5 20 0 60 0 3 3 72 3 88 3 90 0 67 1 48 3 36 7 86 4 41 0 26 2 2 1 58 7 66 2 49 6 39 8 45 3 60 8 29 5 96 0 79 8 76 5 80 0 18 2 25 3 33 8 39 8 79 3 63 2 70 5 73 0 85 4 22 3 77 8 84 3 88 1 93 2 83 3 72 1 22 1 64 0 16 7 9 1 23 0 23 7 81 5 37 8 20 4 78 0 76 2 10 8 26 6 2 2 15 5 82 7 90 8 20 6 40 5 98 4 71 4 50 2 72 3 13 6 85 6 65 6 28 8 34
37 7 97 2 79 0 80 5 93 3 85 3 87 3 81 1 12 1 20 4 91 3 3 5 14 6 55 3 30 7 85 6 63 0 35 0 76 7 43 5 98 5 67 1 79 8 82 6 76 2 10 4 84 0 48 5 47 4 23 2 58 6 7 7 35 3 44 8 34 1 65 1 38 0 66
97 3 91 6 61 3 27 4 80 8 8 8 92 0 27 5 79 0 11 1 35 3 69 3 39 1 95 6 19 0 6 6 50 5 88 3 22 0 77 2 17 0 19 3 41 2 85 5 36 8 39 5 52 0 39 2 87 2 3 0 12 3 4 0 59 2 69 1 90 3 13 5 32 7 24 2 72 3 42 6 13 7 75 8 38 6 89 3 75 0 21 0 71 2 77 0 67 4 72 6 28 0 59 2 1 4 76 0 15 0 40 8 10 1 28 6 32 5 8 8 27 5 40 2 73 6 53 5 98 4 1 4 71 0 24 7 57 8 77 4 49 0 68 1 43 4 17 5 28 2 51 4 78 5 51 1 82 7 29 7 90 7 99 3 4 4 74 4 86 5 47 3 53 8 19 1 20 5 16 3 27 0 13 7 17 6 47 8 38 5 69 1 18 6 100
42 3 10 8 90 5 64 2 50 5 31 4 45 6 63 4 100 1 15 7 28 3 3 8 96 2 27 4 53 5 3 2 39 0 45 0 98 0 44 3 1 0 81 5 90 6 85 6 95 5 21 0 61 4 54 0 78 4 75 3 7 2 73 3 59 2 12 3 56 7 100 4 83 8 31 0 14 8 60 2 65 2 30 6 19
53 0 11 6 34 8 67 1 50 6 70 5 33 8 92 3 94 2 43 0 41 1 52 4 25 6 97 5 72 4 98 0 36 1 61 4 100 0 26 2 44 8 23 3 93 1 86 6 11 4 8 4 70 1 62 3 68 4 10 0 8 6 63 7 39 3 27 2 58 8 12 7 51 5 91 2 98 8 56 4 79 5 97 4 50 6 42 0 95 6 97 8 93 3 92 6 53 1 39 4 31 8 55 5 100 1 99
97 4 81 1 83 3 66 0 38 0 81 1 33 7 59 1 31 1 16 1 46 3 97 5 33 2 79 2 77 1 82 7 27 0 15 5 15 7 43 2 53 7 85 8 61 5 54 4 79 1 30 8 28 6 15 0 86 5 24 4 3 1 6 3 61 3 100 8 88 5 12 6 65 1 19 5 24 4 71 5 8 1 30 1 36 6 39 3 14 0 45 4 22 1 85 0 86 2 72 2 70 2 73 0 31 3 50 3 92 3 63 1 99 4 74 4 42 0 22 5 93 6 42 8 59 3 30 6 98 7 14 2 98 4 67 2 52 2 20 1 33 5 48 2 52 8 99 8 34 3 54 7 31 7 85 2 73 4 24 4 48 0 72 3 82 1 9 5 42 3 83 1 79 2 86 3 17 8 73 0 13 5 48 8 19 7 65 8 70 1 18 5 61 7 87
16 4 28 1 53 5 51 0 78 4 95 6 47 0 86 0 100 4 10 6 41 6 21 6 91 7 9 5 68 4 17 3 76
40 1 12 1 8 0 67 8 19 7 39 0 74 2 78 2 40 7 92 7 4 1 78 2 44 1 80 5 41 6 31 4 31 4 87 8 63 4 73 3 14 7 100 3 56 1 24 5 45 3 47 7 10 8 43 2 95 1 64 5 70 0 27 2 14 5 12 6 84 5 81 4 22 1 56 7 82 7 81 3 17
51 5 60 2 37 7 6 4 62 6 33 2 70 8 1 4 62 5 65 7 5 6 74 5 21 5 77 6 17 6 77 2 95 3 77 0 99 4 52 7 24 7 17 2 3 2 69 7 24 4 24 3 63 8 72 8 34 4 94 3 17 0 14 2 50 1 19 7 71 1 47 3 10 8 99 8 60 5 82 0 15 4 54 5 74 2 89 7 65 0 79 1 16 8 46 8 66 5 39 6 41 7 65
69 8 60 3 9 6 37 8 85 5 80 4 19 5 12 8 99 2 28 8 17 1 65 4 8 1 70 0 90 1 66 2 1 7 37 4 9 0 16 0 98 6 49 1 25 7 85 7 17 4 1 0 91 0 51 8 43 7 59 3 60 8 44 7 43 5 71 2 15 1 71 5 83 7 53 5 91 5 100 7 84 2 92 5 72 5 78 1 63 6 40 6 41 1 25 0 85 4 96 8 87 5 1 1 98 4 91 7 47 3 39 8 95 8 3 5 19 3 15 5 99 6 100 8 86 7 48 8 27 8 46 0 30 0 35 4 11 4 78
41 5 98 2 32 6 21 4 26 3 59 5 98 5 68 1 54 5 33 4 22 7 94 1 35 1 94 5 26 3 29 6 23 6 88 8 43 5 42 3 78 6 44 5 75 1 84 1 20 7 50 0 87 1 74 4 89 3 72 2 70 2 41 7 99 0 84 1 62 0 78 6 5 8 30 2 15 1 14 5 98 4 17
87 5 71 4 26 4 50 3 52 1 75 8 79 0 64 3 32 2 65 2 83 4 71 3 30 8 55 2 40 6 81 1 21 5 25 3 35 0 69 7 18 8 49 3 45 7 47 4 39 6 3 7 78 3 2 8 80 4 12 1 59 0 15 5 17 4 88 4 70 7 95 5 73 2 80 2 30 1 62 1 2 3 77 0 31 6 51 5 28 0 63 3 69 0 88 4 76 8 19 2 39 3 30 1 30 7 51 8 57 7 77 1 40 7 75 4 64 3 94 1 51 8 84 2 86 7 16 5 90 7 69 4 53 1 10 5 76 5 18 8 30 5 61 1 100 4 74 3 26 2 82 2 54 8 82 4 32 0 90 6 7 5 12 5 98 0 91 8 88 3 11 8 67 8 23
20 2 57 4 58 8 66 5 75 8 17 3 10 4 62 7 7 6 17 6 94 4 55 0 16 2 17 6 8 3 71 7 7 2 21 1 20 4 49 5 7
18 8 22 3 97 7 57 5 56 1 75 0 99 0 83 7 65 6 14 4 8 8 18 2 66 3 24 0 63 0 71 0 95 3 76 5 10
49 5 85 2 14 6 41 0 72 4 81 2 23 2 69 6 42 6 93 4 69 3 50 2 88 2 15 4 65 5 58 8 5 5 2 7 81 4 70 2 64 1 30 5 5 0 21 5 70 8 11 0 68 6 39 5 89 0 97 0 86 1 85 1 46 6 59 1 45 5 90 5 1 7 18 4 99 7 9 4 53 2 54 5 6 6 51 2 82 3 85 3 42 2 67 7 91 4 61
