2 82
5611640 5419320
96 1 59 0 76 1 2 1 42 0 59 0 84 1 59 1 99 0 89 1 69 0 54 1 3 0 52 1 60 1 72 0 74 0 48 1 70 1 73 0 30 1 77 0 38 1 63 1 71 1 36 1 4 1 28 1 14 0 41 1 80 0 69 0 95 0 88 1 13 0 60 1 79 1 9 0 81 1 21 1 28 1 72 1 31 0 86 0 62 1 95 1 4 0 22 1 60 1 76 1 58 1 52 1 6 0 85 1 71 0 93 1 88 1 56 0 87 1 40 0 35 0 63 1 79 1 98 1 65 0 76 1 27 1 48 1 92 1 74 0 72 0 18 0 14 0 27 0 16 1 71 0 2 0 8 1 95 1 49 0 43 1 84 0 74 0 16 1 93 1 21 1 93 1 49 1 24 1 45 1 89 0 13 1 54 1 93 1 66 1 1 0 1
65 1 13 0 92 1 54 0 80 1 29 1 30 0 82 1 58 0 36 0 93 1 73 0 19 1 78 1 67 0 10 1 13 0 29 1 100 1 94 1 80 1 38 1 6 1 22 0 42 1 45 0 83 0 85 1 77 1 35 0 96 1 47 1 4 1 15 0 22 1 35 0 66 0 4 1 9 0 21 1 98 1 18 0 57 0 79 1 97 0 75 1 23 1 34 0 53 0 3 1 93 1 37 0 14 1 18 1 22 0 8 0 39 0 4 1 26 0 14 0 37 0 92 0 43 0 74 0 90 0 74
19 1 55 1 50 0 74 0 63 0 29 0 33 1 90 0 28 1 87 0 83 0 57 1 47 1 15 1 13 0 6 1 2 0 83 0 30 1 94
47 1 1 0 78 0 40 1 60 1 20 0 96 1 10 0 89 0 51 1 48 0 70 0 65 0 94 0 60 0 11 1 87 1 85 1 10 1 45 0 35 0 73 0 39 1 2 1 15 0 93 0 69 0 93 1 61 1 80 1 14 0 49 1 49 0 98 1 69 0 43 0 83 1 71 1 53 0 51 1 96 1 63 0 99 0 79 0 56 1 61 1 92 0 82
69 1 90 0 63 0 73 0 100 0 94 0 48 1 60 1 60 0 57 1 19 0 51 1 97 0 38 1 88 1 8 1 60 0 31 1 52 0 52 1 52 0 58 1 96 0 20 1 29 0 60 0 9 1 83 0 41 0 34 0 25 1 62 0 79 0 78 0 14 1 7 0 61 1 31 0 90 0 36 0 15 0 31 0 62 1 30 0 68 1 85 0 73 1 29 1 30 1 42 0 97 0 36 0 32 0 81 1 75 0 21 1 62 0 11 1 96 0 78 0 64 0 4 1 67 1 27 1 45 1 45 0 30 0 84 1 46 0 1
6 0 76 1 25 0 63 0 89 0 18 1 87
63 1 65 0 13 1 51 1 20 1 23 1 77 0 46 1 39 1 28 1 39 0 90 0 70 1 61 1 49 0 6 0 71 1 7 1 74 1 1 1 69 0 13 0 83 0 14 0 20 1 57 1 76 0 54 0 41 0 36 0 37 0 90 1 52 1 73 1 17 1 84 1 13 1 84 1 27 1 89 0 77 0 99 1 42 0 46 1 94 1 1 0 11 1 89 0 89 1 66 1 97 1 45 1 4 1 92 1 94 0 83 0 91 1 87 0 94 0 56 1 1 0 86 0 22 1 36
15 0 47 1 17 1 69 0 46 0 98 0 7 1 72 1 71 1 98 1 65 1 14 0 43 1 61 0 93 0 11
10 0 27 1 79 0 52 1 18 1 28 0 82 0 34 0 54 0 38 0 97
80 0 9 0 63 0 38 1 39 0 53 0 87 1 39 0 18 0 42 0 16 1 25 0 98 0 12 1 92 1 2 0 6 1 85 1 83 1 94 1 81 1 45 0 32 1 11 1 16 0 41 1 56 0 27 0 21 1 33 0 2 1 97 0 93 1 81 0 74 0 70 1 76 1 23 1 93 1 2 0 58 1 42 0 50 0 70 1 69 0 97 0 31 1 81 1 96 0 78 0 45 0 88 0 83 1 37 1 13 1 25 1 47 1 64 1 22 1 19 0 61 1 77 1 20 0 45 1 26 0 65 0 86 0 76 1 3 1 29 0 3 1 96 0 1 1 31 1 82 1 90 1 84 1 12 0 24 1 43 0 94
83 0 14 1 28 0 61 0 3 1 54 1 73 1 25 1 64 0 46 1 24 1 8 0 78 0 82 0 3 0 75 0 89 0 68 1 85 0 63 1 33 1 35 1 11 1 25 0 52 0 52 0 85 0 41 0 51 0 100 0 11 0 25 1 19 0 29 1 89 0 54 0 8 0 3 0 58 0 58 1 95 1 68 0 46 0 87 0 21 0 1 1 100 0 35 1 56 0 65 0 92 1 21 0 87 0 51 0 78 1 97 0 39 1 32 1 6 0 78 0 43 0 42 1 20 0 41 0 50 0 29 0 16 0 14 0 14 1 94 0 73 1 8 0 40 0 37 0 93 1 62 0 87 1 37 0 62 0 85 0 2 1 23 0 24 1 55
81 1 31 0 11 0 88 1 11 0 25 0 34 1 56 0 19 0 32 0 86 0 92 0 35 1 40 1 73 0 98 1 53 1 41 0 42 1 80 0 40 1 21 0 6 0 79 0 62 0 2 0 69 0 1 0 58 0 34 0 98 1 60 0 8 1 69 1 27 1 71 1 78 0 25 1 72 0 49 1 87 1 18 1 1 0 86 0 44 1 29 1 67 1 50 0 20 0 89 1 3 0 21 1 52 0 57 0 58 0 50 0 77 1 31 1 28 1 100 1 68 0 100 1 7 1 51 0 54 1 31 1 42 0 98 1 56 1 23 1 83 0 88 0 62 1 59 1 76 0 50 1 33 1 59 1 48 0 1 0 76 1 97
35 0 78 0 7 1 99 0 16 0 33 1 57 0 98 1 56 1 69 1 95 1 58 0 16 0 90 1 17 0 31 1 55 1 96 0 85 0 11 0 67 0 35 1 71 1 79 0 88 1 48 0 67 1 22 0 67 1 4 1 11 0 16 0 50 1 73 0 90 1 77
61 0 86 1 25 0 28 0 95 1 67 0 39 1 44 0 33 1 77 0 21 0 37 1 95 0 5 1 51 1 25 1 38 0 55 1 61 0 50 1 48 0 93 1 57 1 37 0 43 0 49 0 8 1 64 0 8 0 10 1 8 0 92 0 14 0 74 0 58 0 73 0 65 1 24 0 70 0 26 1 1 1 33 0 14 0 41 0 28 1 96 0 44 0 29 0 86 1 4 0 74 1 70 0 63 1 89 0 49 0 91 0 41 0 47 0 1 0 32 0 11 1 6
26 1 52 0 68 0 93 1 45 0 96 1 67 1 79 1 74 0 94 1 84 1 94 1 48 0 95 1 70 1 61 0 63 1 89 0 32 1 25 1 80 0 35 0 66 1 62 0 98 1 95 1 50
88 1 40 1 9 1 94 1 61 1 47 1 40 1 94 1 92 1 1 1 49 0 9 0 51 1 67 0 55 1 63 0 23 1 77 1 29 0 97 0 62 1 70 0 31 0 25 1 77 1 62 0 65 0 71 1 51 1 61 0 80 1 48 1 99 1 25 1 89 0 99 1 83 1 40 1 67 1 23 0 61 0 15 0 57 0 52 1 13 1 9 0 91 0 60 0 18 1 90 1 61 1 73 0 74 1 27 0 52 1 76 0 10 1 21 0 65 0 48 0 36 0 42 1 49 1 49 1 48 0 81 0 68 1 84 1 85 1 27 1 19 1 74 0 74 1 80 1 55 1 77 1 88 1 75 1 13 1 73 0 30 0 72 1 31 1 68 1 31 0 21 1 73 0 50 0 73
63 1 87 1 74 0 99 0 23 1 51 1 57 0 92 1 95 1 24 0 40 0 6 0 41 1 10 0 57 1 56 1 23 1 83 1 67 1 70 0 45 0 86 0 12 1 98 0 85 1 24 1 62 0 35 1 37 1 78 0 67 0 63 0 67 0 20 1 43 1 62 0 28 1 1 1 21 0 80 0 29 0 72 0 6 1 66 0 30 1 15 0 89 0 18 0 9 1 38 1 17 0 52 1 34 0 11 0 27 1 2 1 31 1 45 1 21 1 52 0 13 0 20 1 7 0 74
61 1 63 1 57 0 79 0 58 1 49 0 44 0 65 1 78 0 72 1 63 0 1 1 36 1 37 1 81 0 82 1 20 0 1 0 27 0 60 0 1 1 2 0 76 0 36 0 73 0 74 0 26 1 44 1 91 1 61 1 48 1 84 0 55 1 61 1 46 1 88 1 88 1 53 0 14 0 86 0 94 0 28 1 90 0 64 1 9 1 28 1 64 0 92 1 24 0 75 1 51 0 88 1 10 0 24 0 76 1 38 0 55 0 74 1 87 1 69 1 67 1 47
63 1 45 0 26 0 8 1 88 0 70 0 6 0 11 0 60 0 83 1 7 0 70 1 50 0 4 1 58 0 41 0 76 0 49 0 38 0 68 0 21 0 19 1 91 1 10 0 58 0 40 1 39 0 22 0 62 0 82 1 92 0 32 1 32 0 88 0 50 1 49 0 10 1 20 0 50 1 32 1 52 0 29 0 16 0 62 0 64 1 8 0 48 1 35 0 62 0 72 0 78 0 16 0 93 0 85 0 58 0 58 1 61 1 25 0 50 1 86 0 70 1 94 1 58 0 32
89 1 46 0 53 0 72 0 88 1 46 1 44 1 44 0 90 0 75 0 45 0 74 0 77 0 70 0 91 0 70 1 53 0 76 1 40 0 80 0 81 1 10 1 62 1 2 1 73 1 33 0 15 0 80 1 54 1 59 0 94 0 46 1 28 1 55 0 59 1 17 1 99 1 50 0 80 1 97 1 56 0 96 0 71 0 70 0 55 0 43 1 22 1 45 0 14 1 12 1 74 0 5 1 97 1 46 0 51 1 12 1 52 0 87 0 76 0 1 1 8 1 84 1 93 0 91 0 12 0 11 1 94 0 26 0 84 1 89 1 57 1 23 0 64 1 14 0 20 0 65 0 63 1 3 0 49 1 72 0 66 1 18 1 65 1 98 0 98 1 52 1 12 0 34 0 99 1 5
45 0 35 1 31 0 46 1 10 0 90 1 53 1 78 0 45 1 42 1 97 0 15 0 74 1 19 0 18 1 33 0 22 1 21 1 84 0 23 1 14 0 78 1 91 1 17 1 63 0 20 1 45 0 75 0 26 1 25 1 20 0 37 0 86 1 85 0 60 0 60 1 24 1 77 1 92 1 75 1 63 0 66 0 24 0 42 1 74 0 87
70 0 52 1 7 0 62 1 30 0 23 0 26 1 32 1 51 1 56 1 98 0 36 1 2 0 26 0 100 0 32 0 39 1 68 1 64 0 81 0 17 1 72 1 16 0 99 1 18 1 13 0 33 0 40 0 27 0 95 1 96 1 29 1 51 1 19 0 11 1 96 0 98 0 31 0 94 0 33 1 78 0 15 0 75 1 51 0 90 1 38 0 98 1 90 1 22 1 47 0 35 1 23 0 30 0 76 1 95 0 5 1 56 0 56 1 15 1 46 1 62 0 33 0 52 1 23 0 64 1 41 1 52 1 96 0 52 1 85 1 17
28 1 64 1 27 1 11 0 28 1 13 0 72 1 24 0 62 0 67 0 8 0 48 1 38 1 57 1 48 1 51 1 56 1 54 0 77 1 95 1 39 0 73 1 16 1 53 1 76 1 99 1 36 0 45 1 90
83 0 88 1 31 1 70 1 29 1 24 0 7 1 93 1 77 1 33 0 71 1 1 1 26 0 96 1 88 0 83 1 61 0 66 1 2 1 32 0 72 1 48 0 51 1 58 1 75 0 43 0 12 0 18 0 36 1 2 1 6 0 44 1 31 0 40 1 36 1 55 0 69 1 21 0 14 0 92 0 83 1 26 1 31 0 44 1 16 0 88 0 18 0 4 0 87 0 24 0 83 1 87 1 6 1 38 0 60 1 94 0 28 0 21 0 25 1 8 0 77 1 90 0 50 1 69 1 38 1 96 0 73 0 70 0 6 1 59 1 20 1 20 1 39 1 73 0 67 1 90 1 19 1 4 0 47 0 34 0 40 1 24 1 62 0 32
14 1 54 1 65 0 19 0 10 0 75 0 40 0 20 0 89 1 94 1 38 1 51 0 36 1 49 1 48
3 1 64 1 59 1 32
30 0 52 1 28 0 95 0 56 1 5 1 40 1 77 1 72 0 2 0 80 1 1 1 100 0 20 0 41 0 100 1 100 0 17 1 6 0 41 1 87 0 23 0 2 1 85 0 18 1 96 0 82 0 9 1 87 0 43 1 56
28 1 66 1 61 0 28 1 30 0 28 0 59 0 86 0 62 0 48 1 15 1 61 0 100 0 100 0 57 0 57 1 7 1 97 1 20 0 75 1 83 1 84 0 94 0 31 0 29 0 64 0 59 1 46 0 61
33 1 18 0 77 1 1 0 70 0 8 1 90 0 91 0 66 1 62 1 98 1 36 1 46 0 62 1 97 1 19 1 37 0 59 1 10 0 87 0 76 1 21 1 2 1 91 1 19 1 82 0 35 0 59 0 75 0 97 1 11 0 11 1 16 0 77
28 1 38 1 12 1 74 1 14 1 86 1 35 1 46 1 25 1 44 1 7 1 52 1 50 0 5 1 11 0 4 1 67 0 3 0 68 0 21 1 21 1 96 0 86 1 18 0 75 1 77 0 97 1 35 1 46
32 0 26 1 84 0 4 1 83 0 59 1 88 1 46 0 86 0 35 1 52 1 74 0 100 0 4 1 18 0 96 1 58 0 33 0 98 1 58 0 67 1 99 0 31 0 42 0 70 0 82 0 77 1 30 1 22 1 48 1 96 1 86 1 10
68 1 12 1 44 0 35 0 46 0 11 1 6 0 49 0 41 1 99 1 100 0 67 1 48 1 78 1 56 0 42 0 26 0 10 1 66 0 9 0 58 0 92 1 40 0 55 1 92 0 55 1 27 1 52 0 71 0 21 0 25 1 20 1 18 1 50 1 22 0 21 1 58 0 7 1 9 1 81 0 54 1 33 1 85 0 8 0 76 1 77 1 35 0 41 0 8 0 84 1 10 0 11 1 21 1 33 0 58 0 83 1 98 0 85 1 98 0 68 0 39 1 37 1 21 1 81 1 3 0 25 0 40 1 68 0 90
23 1 65 0 55 1 88 0 49 1 65 1 70 1 45 1 53 1 27 0 54 0 28 1 44 1 22 0 10 0 2 1 61 0 21 1 66 0 1 1 63 1 54 0 31 1 57
15 0 48 1 28 0 86 1 85 0 79 0 33 1 52 1 20 0 28 0 37 0 1 1 34 0 30 0 12 1 58
59 1 8 0 62 1 1 1 99 1 27 0 23 1 13 0 54 1 16 0 66 0 33 1 1 0 98 1 62 0 36 1 50 1 11 1 31 0 65 1 80 1 65 1 43 0 2 0 67 0 70 0 1 1 49 1 76 1 70 0 76 1 12 0 90 0 79 1 51 1 70 1 53 1 34 1 9 0 52 0 88 1 33 0 97 1 3 1 40 1 19 0 33 0 66 0 96 0 33 0 35 0 62 1 98 0 64 0 74 1 60 1 69 1 18 1 2 1 6
95 0 98 0 40 0 45 1 37 1 35 1 83 0 84 1 96 1 38 1 78 0 25 1 51 1 45 1 84 1 71 0 19 1 33 1 43 1 87 0 30 1 30 0 51 0 2 1 15 0 17 1 76 1 40 1 35 0 37 1 14 0 66 1 57 0 60 1 70 1 14 1 97 0 15 0 29 1 93 0 25 0 16 0 85 0 83 0 30 0 59 1 18 1 84 1 38 1 75 1 17 0 53 1 79 1 75 0 65 1 54 1 36 1 17 0 45 0 64 1 95 1 41 0 75 1 95 0 38 1 14 0 65 0 78 0 63 1 89 1 81 1 43 0 28 1 24 1 51 0 61 0 12 1 27 1 59 0 47 0 26 1 22 1 35 0 86 1 1 1 93 0 89 0 6 0 70 1 73 0 29 1 21 1 58 1 24 1 12 0 1
100 1 24 1 28 1 58 0 63 1 91 1 70 0 23 1 45 1 15 0 33 0 35 1 74 1 65 0 51 0 10 0 74 1 52 0 40 0 54 1 58 1 50 1 59 1 7 0 12 0 46 1 64 0 93 1 58 0 49 0 70 1 2 1 16 1 97 1 35 0 94 0 14 0 41 1 88 1 67 1 24 0 48 0 55 1 37 0 28 1 100 0 4 1 49 0 85 1 8 1 71 1 31 0 11 1 46 0 53 0 33 1 8 0 3 0 93 1 75 0 48 1 68 0 23 1 38 0 81 1 76 1 29 1 80 0 88 0 79 0 30 1 83 0 28 0 93 0 34 1 100 1 94 1 28 0 50 1 50 1 22 0 85 0 62 0 6 0 77 1 47 0 43 1 84 0 85 1 64 0 97 0 12 1 30 0 24 0 48 0 41 0 46 0 98 1 84 0 61 1 51
65 0 77 0 11 0 21 0 99 1 79 0 88 1 4 0 82 1 18 1 67 0 14 0 72 0 90 1 70 1 91 0 39 1 15 0 8 1 78 0 43 0 21 0 70 0 15 0 49 0 27 0 52 0 18 0 95 0 37 0 69 1 83 0 13 0 12 0 68 1 94 0 79 1 86 0 84 0 84 1 72 0 100 0 8 1 49 0 18 1 39 1 100 1 47 0 99 0 39 1 24 0 23 0 62 0 12 1 88 0 94 0 11 1 83 1 40 0 91 0 10 0 22 0 76 1 36 0 70 1 81
26 1 6 1 20 1 74 0 62 1 34 0 93 1 96 1 78 0 89 0 29 1 24 0 57 1 29 0 97 1 53 0 24 1 91 1 46 1 85 0 19 0 18 0 27 1 35 1 97 1 49 0 69
29 1 29 0 26 0 68 0 22 1 38 1 85 1 59 0 24 1 45 0 34 1 99 0 71 0 78 1 59 1 56 0 81 1 6 0 34 0 86 0 72 0 6 0 32 1 6 1 18 0 64 1 15 0 34 1 76 1 69
87 1 37 1 54 0 23 0 98 0 31 1 17 1 97 1 30 0 73 0 67 1 89 0 18 0 25 1 99 1 30 0 3 1 32 1 94 1 95 0 7 0 76 0 31 0 50 0 13 0 13 0 57 0 56 0 20 0 60 1 41 1 76 0 28 0 29 0 83 0 18 1 11 1 64 0 88 0 23 1 35 0 2 1 71 0 39 1 42 0 49 1 59 0 23 1 3 1 29 0 50 0 16 0 78 1 14 1 83 1 47 1 74 1 67 1 88 1 95 1 87 1 56 0 63 1 51 0 47 1 15 0 97 1 27 0 87 1 48 1 42 1 40 0 64 0 98 1 47 1 32 0 30 0 27 0 71 1 89 0 47 0 55 1 52 1 72 0 73 1 40 1 64 0 70
98 1 76 1 21 0 46 1 83 1 26 1 50 0 18 1 3 0 78 0 59 1 2 0 100 1 71 0 57 0 42 1 57 0 86 0 35 0 78 0 63 0 87 0 54 0 63 0 67 1 2 1 5 0 41 0 66 1 81 1 97 1 97 0 39 0 68 1 4 1 79 1 70 1 43 1 24 0 46 1 96 1 84 0 66 0 64 1 95 0 64 1 83 1 30 0 64 0 58 1 9 0 24 1 27 1 3 1 1 0 94 1 49 0 27 1 65 0 86 1 16 1 6 1 44 0 24 1 61 0 89 0 20 1 15 1 56 1 88 0 45 0 34 1 68 0 32 1 46 0 93 1 62 1 56 1 71 1 82 0 22 1 89 1 66 0 17 1 17 0 32 1 43 1 5 1 95 1 87 1 57 0 57 1 76 0 49 0 73 0 25 1 2 0 40 0 52
63 0 55 0 52 1 2 0 48 1 78 1 82 1 88 1 81 0 91 1 21 1 40 0 51 0 61 0 78 1 1 1 82 1 4 0 82 1 81 1 26 0 38 0 52 0 39 0 28 0 88 0 92 1 25 1 11 0 27 0 29 0 99 0 44 0 64 1 17 1 43 1 65 0 10 0 63 1 69 0 84 1 12 0 36 1 85 1 15 0 58 1 58 0 23 0 89 1 84 1 60 1 9 0 46 0 69 0 35 0 50 1 12 1 28 0 42 0 50 0 63 0 37 1 41 0 24
93 1 69 0 79 0 20 1 69 0 42 0 94 1 31 0 35 0 51 0 84 0 48 0 18 1 33 1 3 0 10 0 90 0 13 1 36 0 7 1 6 0 60 1 26 0 6 0 20 0 66 1 96 0 94 1 71 0 39 0 11 0 64 0 73 0 85 0 47 0 41 0 9 0 54 1 65 1 95 1 94 0 26 1 62 1 24 1 42 0 88 1 34 1 84 0 13 0 92 1 43 0 61 1 39 1 54 1 32 1 71 0 17 0 42 1 86 1 27 1 77 1 70 0 56 0 32 0 32 0 12 1 39 1 46 1 30 0 71 1 81 1 36 1 27 1 46 1 10 0 94 1 31 1 33 0 68 1 49 1 22 1 81 0 31 1 27 0 35 1 71 0 74 1 21 1 21 1 2 0 94 0 8 0 87 1 59
1 0 54
14 0 74 1 29 0 97 1 48 0 12 1 83 1 80 0 17 1 4 1 97 1 65 1 68 0 55 1 36
74 1 30 1 76 0 71 0 88 1 59 1 12 1 17 1 82 0 8 1 49 0 40 1 1 0 10 0 73 0 50 1 89 1 84 0 43 1 92 0 25 1 71 0 33 0 71 0 17 0 30 1 53 0 4 1 17 0 93 1 71 1 62 1 69 0 82 0 24 0 93 1 57 1 70 0 16 0 53 1 98 1 9 0 54 1 40 1 92 0 70 1 16 0 72 1 66 0 16 1 56 0 60 1 51 0 32 1 89 1 90 1 78 0 99 1 88 0 53 1 51 0 63 1 23 0 15 0 19 0 67 1 97 0 19 1 43 1 15 0 67 1 23 1 29 1 53 1 9
100 1 60 0 87 0 92 0 68 1 77 1 29 0 22 0 74 0 95 1 52 0 17 1 19 1 64 1 19 1 40 1 55 0 61 1 58 1 20 1 99 1 90 1 2 0 91 0 23 0 99 0 46 1 29 0 37 1 49 0 90 1 82 1 5 1 67 1 74 0 88 0 46 0 14 1 53 1 98 0 38 0 42 1 80 0 32 0 41 0 42 0 81 0 71 0 27 1 6 1 13 0 27 0 85 0 76 1 100 0 44 0 32 1 30 0 67 1 23 0 49 0 100 1 10 1 60 1 100 0 19 0 65 0 27 0 91 1 95 1 29 0 66 1 33 1 1 0 43 1 83 1 14 1 94 1 58 1 78 1 32 0 11 0 65 0 25 0 12 0 80 0 41 1 1 0 84 1 5 1 67 0 59 0 21 1 33 0 49 1 54 0 27 0 21 1 55 1 45 0 58
6 1 51 0 69 1 32 1 68 1 30 1 24
66 1 87 1 49 1 49 1 55 1 6 0 38 0 63 0 34 0 92 1 56 1 70 0 58 1 56 0 63 1 40 1 79 1 17 0 68 1 46 0 17 0 73 0 18 0 10 0 35 1 56 1 42 1 52 1 85 1 64 0 8 0 34 1 39 1 71 1 11 1 28 1 42 1 77 1 66 1 78 0 47 1 64 1 24 0 24 0 75 0 69 0 97 1 20 0 6 1 4 0 19 0 91 0 89 1 82 0 72 0 71 0 99 1 83 0 16 1 100 0 94 0 94 1 53 1 6 0 40 1 20 0 74
76 0 26 0 36 0 85 0 63 1 36 0 15 0 10 0 98 0 53 1 20 1 73 0 46 0 89 0 34 0 65 0 36 1 1 0 94 0 9 1 38 1 19 1 51 1 67 1 6 0 92 0 84 1 52 1 66 0 28 0 97 1 21 1 37 1 98 1 52 0 81 0 56 1 5 1 23 0 24 0 49 1 97 0 3 0 18 1 9 0 31 0 31 0 97 0 41 1 33 0 62 1 57 1 64 0 94 0 98 0 3 0 77 0 59 0 36 0 1 0 33 0 18 1 93 1 6 1 22 0 21 1 70 1 81 0 43 0 29 1 92 0 25 0 94 1 59 1 39 0 10 0 7
38 0 62 0 22 1 10 1 6 0 15 1 94 1 68 0 94 0 23 1 60 0 90 0 26 1 28 0 21 1 5 1 72 0 10 0 74 0 28 0 2 0 5 1 59 1 73 0 39 1 62 0 63 0 36 0 23 1 57 0 3 0 97 1 21 0 77 1 93 1 58 1 93 1 50 0 24
36 1 39 1 34 1 74 1 52 1 11 1 23 0 66 1 46 0 11 0 82 1 61 0 69 0 26 0 92 0 49 0 41 0 78 0 35 1 25 0 97 0 35 1 78 1 5 0 5 0 50 0 15 1 16 1 44 1 97 1 56 0 43 0 12 0 70 1 21 1 8 0 90
94 1 16 0 65 0 48 0 55 0 68 0 11 0 38 0 35 1 45 1 18 0 54 0 2 1 16 0 56 0 17 1 13 0 30 1 73 0 61 1 90 0 57 1 86 0 72 1 39 1 85 1 84 1 62 0 12 1 73 1 98 1 51 0 46 1 73 0 60 0 87 0 30 1 87 1 37 0 55 1 74 1 54 1 42 0 57 1 58 1 7 1 47 0 33 1 34 1 52 0 28 0 76 0 94 1 53 1 34 0 46 0 98 1 88 1 80 1 40 0 22 0 59 0 46 0 14 1 77 0 54 0 64 0 29 0 96 1 72 0 13 0 54 1 26 0 53 0 80 0 63 1 70 0 92 1 3 0 42 0 30 0 57 1 1 1 49 0 80 0 38 0 8 0 1 1 89 0 79 0 99 1 82 0 53 0 5 1 41
81 1 48 1 29 1 46 0 58 0 16 1 83 0 42 1 49 1 53 0 36 0 88 0 44 1 37 1 2 0 87 1 33 1 97 1 16 1 54 1 10 1 10 0 32 1 65 1 35 1 83 0 91 0 49 1 100 0 78 1 26 0 69 0 94 1 83 0 96 1 98 0 63 0 11 0 10 0 73 1 100 0 33 0 66 0 64 0 11 0 87 1 84 1 77 0 29 0 36 1 84 0 19 1 36 0 32 1 50 1 20 0 31 1 27 1 48 1 43 1 86 1 82 0 40 1 47 0 85 1 41 0 69 1 73 0 89 1 79 0 52 0 51 1 78 1 81 1 16 1 51 1 56 1 15 1 9 0 12 1 79 0 71
78 0 17 1 8 0 99 1 15 0 79 0 76 0 3 1 11 1 48 1 49 1 8 1 94 0 37 1 32 0 40 1 34 1 62 0 52 0 65 0 37 1 86 1 22 1 36 1 62 0 62 1 16 0 88 1 51 1 18 0 92 1 31 0 71 0 34 1 58 0 20 1 31 0 65 1 42 1 78 1 94 1 92 0 57 0 48 0 27 1 86 0 39 1 11 0 56 1 54 1 100 1 56 0 99 0 44 0 97 0 61 0 34 1 89 1 10 0 78 0 98 1 59 0 47 0 41 1 86 0 8 0 60 0 87 1 22 0 97 1 44 0 13 1 98 1 16 1 58 0 67 1 5 0 71 0 81
54 1 2 1 51 0 78 0 99 0 42 0 23 0 9 0 6 0 45 0 83 1 53 0 97 0 23 0 48 1 36 1 58 0 75 1 2 1 79 0 88 1 25 1 18 0 47 0 3 0 68 0 60 0 79 1 7 0 23 0 1 0 67 0 38 1 9 0 19 0 100 0 37 0 1 1 95 1 43 0 39 0 65 0 13 0 69 0 68 0 94 1 92 1 85 1 35 0 21 1 4 1 51 1 9 0 98 1 99
13 0 74 1 85 0 15 0 92 0 51 0 68 0 34 0 85 0 5 0 4 0 53 1 25 0 83
21 0 10 1 95 1 36 1 69 0 98 0 37 1 81 0 71 1 60 1 24 1 45 0 69 1 92 0 53 0 76 0 78 1 25 0 86 0 1 1 45 1 29
61 1 99 0 83 0 38 1 15 1 80 0 12 0 28 1 2 0 77 0 38 0 80 1 4 0 12 1 78 0 33 0 27 1 54 0 86 1 58 1 27 0 66 1 47 1 49 0 41 1 15 0 66 1 3 1 82 1 81 1 61 1 49 0 95 0 4 0 98 0 37 0 84 0 61 0 31 1 1 1 30 0 48 0 45 1 53 0 20 0 17 0 59 0 56 1 43 1 54 0 40 1 7 1 96 0 95 0 57 1 97 1 70 1 94 1 51 1 81 1 54 0 96
75 0 92 0 88 1 99 1 59 0 96 1 62 1 75 1 1 1 53 0 99 1 64 0 5 0 60 1 39 1 37 1 80 1 19 0 62 0 9 0 23 1 66 0 68 0 93 1 96 0 9 1 32 0 34 0 92 0 6 0 27 1 9 0 5 0 49 1 11 0 92 0 97 1 52 1 83 0 35 1 74 1 94 1 100 1 29 0 13 1 57 1 18 1 75 1 39 0 39 1 33 1 41 1 39 1 98 0 29 1 72 0 70 0 19 0 24 1 24 1 9 0 6 0 76 1 76 0 34 1 42 1 28 0 51 1 41 0 24 1 9 0 23 0 35 1 42 1 35 0 92
53 1 51 1 10 1 97 1 94 1 40 0 36 0 40 0 11 0 80 0 50 1 95 1 86 1 12 1 39 1 48 1 88 0 41 1 67 0 60 1 9 0 11 1 26 1 91 0 44 0 36 0 88 0 70 1 10 0 4 1 75 1 7 1 29 0 96 0 1 0 34 1 21 0 22 1 37 0 6 0 79 1 15 0 24 0 54 1 90 1 3 0 8 1 70 0 80 0 80 0 22 1 80 0 60 1 72
40 1 11 1 27 0 57 0 10 0 100 1 59 0 4 1 53 1 54 1 55 1 84 1 76 0 5 0 74 1 58 1 98 0 87 1 38 1 57 1 82 1 1 1 7 0 59 0 82 1 46 0 49 0 49 0 4 0 33 0 9 1 80 1 81 0 9 0 72 0 29 1 43 1 49 0 47 0 29 0 12
57 1 12 0 34 1 63 1 47 1 31 0 84 1 94 0 16 0 100 1 73 1 15 1 28 0 98 0 5 0 28 0 7 1 50 1 76 1 7 1 17 0 95 1 7 0 47 0 56 0 100 0 48 0 91 0 50 1 30 0 65 1 92 1 58 1 18 0 93 1 78 1 29 0 24 0 69 0 8 1 26 1 53 0 6 0 38 1 28 0 64 1 44 1 22 0 17 1 42 1 50 0 21 0 11 0 81 0 56 1 10 0 11 0 55
6 0 35 1 77 1 28 1 67 1 91 0 60
62 1 90 1 74 1 90 0 1 1 94 0 81 0 40 1 37 0 77 0 58 0 34 0 43 0 94 0 21 1 4 1 40 0 91 1 40 1 91 0 28 1 79 1 33 0 17 1 62 0 6 0 18 0 36 0 50 1 63 1 69 0 12 1 61 1 86 0 17 1 16 1 12 1 24 1 94 1 46 1 12 0 69 1 19 1 61 0 78 0 38 0 37 0 95 1 70 1 18 0 96 0 34 1 56 0 24 0 73 1 51 0 75 1 9 0 27 1 87 1 28 1 19 1 18
16 0 61 1 81 0 94 0 62 0 93 0 95 1 40 1 29 0 16 1 52 0 57 1 66 1 61 1 21 0 15 1 91
9 0 8 1 31 1 34 1 56 0 99 1 14 0 9 0 97 0 78
42 1 48 1 55 0 70 1 2 1 68 1 39 1 16 0 96 0 54 0 88 0 34 0 44 1 46 1 28 0 96 1 47 0 28 1 64 1 13 1 15 0 61 0 37 1 56 0 10 0 33 0 54 1 35 0 59 0 20 0 74 1 21 0 66 1 60 1 22 0 56 1 78 0 42 0 79 0 57 1 35 1 25 1 56
1 0 87
1 0 94
67 1 42 0 8 1 51 1 23 0 98 1 68 1 49 0 41 0 48 1 100 1 73 0 91 1 40 0 90 1 4 1 38 1 89 0 61 1 16 1 75 0 82 0 50 0 62 1 75 0 10 1 10 1 40 0 59 1 10 0 15 0 83 1 17 1 93 0 41 1 70 0 78 0 88 1 91 1 1 0 81 1 58 0 88 0 100 0 19 0 51 0 77 1 71 1 68 1 61 1 70 1 88 0 28 1 3 0 98 1 18 0 80 1 26 0 10 1 52 1 36 1 37 0 23 1 85 0 67 0 71 1 6 0 56
88 1 31 1 90 0 52 1 15 0 59 1 65 0 60 0 23 0 87 0 100 0 27 1 12 0 18 0 45 0 42 1 2 1 14 1 49 0 2 1 67 0 23 0 73 0 59 0 5 0 90 0 99 0 86 0 58 1 63 0 59 1 35 0 14 1 40 1 6 0 2 1 80 0 17 1 81 1 62 0 86 0 67 1 19 0 15 0 48 0 92 1 24 0 72 1 99 0 59 1 58 0 5 0 43 0 27 1 22 1 16 0 32 1 53 1 1 0 14 1 89 1 75 0 73 0 2 1 44 0 10 0 34 0 44 0 6 1 98 1 32 0 70 1 46 0 12 0 46 1 33 1 50 1 50 1 13 1 81 0 43 0 38 0 63 0 13 0 15 0 76 1 42 1 42 1 86
69 0 71 0 2 0 35 0 4 1 23 0 37 1 40 0 74 0 37 0 69 0 60 1 87 0 20 0 10 0 12 1 74 1 92 0 23 0 75 0 90 0 100 0 78 1 81 1 77 0 95 1 97 0 14 0 44 1 83 0 18 1 4 0 10 0 71 0 94 1 32 1 37 1 22 0 76 0 68 0 63 1 27 0 31 0 86 0 96 0 38 1 88 0 96 1 80 1 88 0 48 0 94 0 8 0 70 1 64 1 39 1 5 0 69 0 82 1 83 1 63 1 35 1 90 0 57 0 4 0 72 0 76 1 50 0 96 1 94
78 0 24 1 67 1 24 0 69 0 18 0 1 0 72 0 25 1 67 1 29 0 19 1 52 0 37 1 92 0 57 1 87 1 92 0 32 1 53 0 57 1 72 0 67 1 3 0 23 0 77 1 69 1 14 1 100 1 44 1 87 0 99 1 14 0 85 0 39 1 55 0 57 1 51 0 68 0 100 0 20 0 57 1 55 1 51 1 98 0 99 0 21 1 19 1 96 1 75 1 81 0 100 0 41 1 94 1 45 1 68 0 99 1 72 1 42 1 89 1 25 0 89 1 96 1 7 1 9 1 4 1 75 0 87 1 47 1 89 0 32 0 22 1 60 0 36 1 74 0 71 0 91 0 28 1 74
50 0 65 0 35 1 60 0 47 1 59 1 27 0 8 1 2 1 85 1 74 1 53 0 40 0 8 0 29 1 1 1 78 0 68 1 44 0 80 1 50 1 35 1 58 0 54 1 20 0 27 0 91 0 92 0 80 0 9 0 84 0 6 1 43 0 98 1 65 1 3 1 15 0 13 1 45 1 53 0 15 1 35 0 24 0 89 0 94 1 67 1 37 1 19 0 14 0 47 0 47
13 0 75 1 24 0 93 0 10 1 42 1 24 1 51 1 8 1 44 0 13 1 44 1 82 1 71
49 0 55 1 56 0 91 1 77 1 89 0 47 1 16 0 72 1 18 1 21 1 47 0 51 0 83 0 81 0 92 0 63 0 8 0 7 0 69 0 13 0 79 1 85 1 7 0 19 1 13 0 98 0 35 1 13 0 78 0 80 0 6 1 67 1 5 0 66 0 62 0 2 0 63 1 49 0 42 1 5 1 43 0 2 1 22 1 58 1 14 0 24 1 80 0 81 1 12
22 1 99 1 95 0 82 0 46 0 14 0 63 0 17 0 3 0 11 0 92 0 98 1 76 0 94 1 38 1 25 0 84 1 1 0 55 1 93 0 91 0 67 0 85
57 1 13 0 30 1 62 1 42 1 72 1 85 0 9 0 41 1 43 1 91 0 63 1 66 1 70 0 58 1 86 0 81 1 49 1 50 1 54 1 77 1 38 1 83 0 42 1 51 1 47 0 39 1 53 0 47 1 61 1 66 1 83 0 66 1 23 0 27 1 34 0 81 1 48 1 74 1 66 1 26 1 58 0 49 1 10 1 52 0 48 1 78 1 6 0 17 1 50 1 78 0 97 0 67 0 99 1 12 0 95 0 92 0 68
14 0 39 1 26 1 16 0 7 0 92 0 33 1 75 0 77 0 75 0 26 1 82 0 22 1 1 1 16
29 0 24 1 35 0 31 1 50 1 77 1 57 0 27 0 5 0 27 1 50 1 59 1 92 0 87 0 23 1 48 1 68 1 73 0 44 0 35 0 93 1 38 1 89 0 39 0 33 0 88 0 17 0 28 0 33 1 4
