3 46
1166863 7017090 5844348
6 2 82 1 23 2 6 1 100 2 73 1 27
69 2 38 1 67 0 7 1 72 0 64 0 94 0 66 2 56 2 39 2 91 1 2 1 97 2 70 2 53 0 98 2 91 2 79 0 19 2 10 0 54 0 74 1 15 1 34 2 39 1 52 2 51 0 42 0 17 2 79 1 6 2 44 1 24 1 37 0 56 1 81 1 46 1 93 0 34 1 99 1 93 2 30 2 46 2 72 1 93 1 47 0 25 2 46 2 24 1 17 1 90 0 51 1 53 1 63 1 89 2 22 0 85 2 26 0 9 1 79 2 53 0 10 2 64 2 40 2 45 0 40 2 21 2 20 0 5 0 49
2 1 55 2 41
78 0 85 2 26 0 44 2 38 2 4 2 46 0 61 0 7 2 56 0 15 0 42 2 73 0 20 2 34 0 7 0 28 1 36 1 34 0 59 1 100 1 8 1 53 0 82 1 22 1 15 2 92 1 80 2 19 1 94 2 31 2 58 1 99 1 42 1 58 1 13 0 92 2 97 0 35 0 66 2 100 0 13 0 99 2 9 0 77 0 42 0 84 2 22 2 73 0 87 1 71 0 47 2 12 0 88 2 68 2 65 1 64 2 51 1 76 1 28 0 80 1 20 0 41 1 61 2 53 2 61 1 65 2 60 2 23 1 33 1 86 2 46 2 25 2 14 2 82 0 52 1 51 1 31 1 64
23 1 94 0 87 0 72 0 90 2 47 0 35 1 37 0 9 1 21 0 93 0 96 1 19 2 29 2 11 2 22 1 25 1 3 1 22 2 36 0 100 1 2 0 83 1 83
14 2 12 2 68 0 52 2 56 0 57 1 34 1 44 0 45 2 53 1 26 0 38 2 11 0 5 0 59
20 1 95 2 87 0 46 0 39 1 8 1 24 1 15 2 66 1 91 0 37 2 88 0 66 0 9 1 89 1 28 2 39 0 53 2 11 1 23 2 23
15 2 82 1 75 0 24 0 97 2 89 0 74 2 73 2 45 1 55 1 85 0 39 1 49 2 10 0 85 1 47
67 0 20 0 48 1 97 2 19 1 88 0 13 2 52 1 46 0 1 2 72 1 12 0 77 2 8 0 24 1 45 0 69 2 44 1 7 2 13 0 15 1 46 2 32 0 56 1 48 1 69 0 3 2 1 1 100 2 24 2 4 0 74 0 73 2 50 2 28 1 56 2 9 2 74 0 64 0 28 0 90 2 4 2 38 1 53 1 52 0 96 0 8 2 70 2 93 0 66 1 5 1 12 1 90 2 58 0 50 0 74 2 98 1 46 2 54 1 45 1 80 0 65 1 90 1 34 2 87 1 61 2 30 1 4
7 2 51 1 77 2 21 0 25 0 22 1 83 0 35
55 0 65 1 26 0 63 1 80 2 39 0 97 2 22 2 5 2 38 0 56 1 94 0 93 2 55 2 40 0 50 1 29 2 66 1 5 2 55 2 46 1 12 0 79 2 50 1 3 2 2 0 18 1 49 0 56 0 69 2 27 0 4 0 52 2 46 1 97 1 50 2 39 0 6 2 95 0 69 0 69 1 4 2 12 1 62 0 28 1 36 0 60 1 10 1 14 2 72 0 37 2 46 1 38 0 23 1 61 1 55
1 0 92
3 0 84 0 61 1 94
56 1 68 2 5 1 64 1 41 2 4 0 59 2 86 0 93 2 44 1 8 2 58 0 46 2 88 0 57 1 83 2 62 1 67 2 19 0 46 1 11 0 18 0 36 2 75 1 2 1 81 2 77 0 43 0 28 2 28 1 89 2 55 0 2 1 43 1 79 1 86 1 10 0 93 2 56 2 19 0 46 1 40 0 71 1 98 2 30 2 51 2 23 0 57 2 81 2 5 1 90 1 30 2 30 2 39 0 73 0 98 1 71
73 0 37 1 69 2 13 1 42 0 65 1 8 2 65 2 83 2 21 2 14 2 75 0 41 2 35 0 46 0 85 0 58 2 96 2 3 0 15 2 83 2 29 0 23 1 88 2 70 1 51 0 70 2 63 1 60 2 38 1 5 0 29 2 11 2 15 2 43 0 88 1 97 0 97 1 81 1 74 1 25 1 86 2 88 1 3 2 99 0 97 1 23 1 25 1 29 2 44 1 90 1 96 2 71 0 64 0 15 0 29 1 91 1 61 0 73 1 74 2 55 1 33 0 16 0 38 1 27 2 83 1 35 0 34 1 62 2 92 0 76 0 33 0 12 0 14
8 2 77 0 26 1 84 2 9 1 20 2 77 2 42 0 9
99 1 94 1 58 2 9 0 51 0 24 2 33 0 88 0 37 1 2 2 86 1 53 1 31 0 89 2 35 2 70 1 97 2 31 0 14 1 36 2 32 2 2 1 86 2 38 1 90 2 39 1 66 1 64 0 84 0 9 0 30 0 50 1 54 1 56 2 26 2 11 0 38 0 63 1 2 0 31 1 94 2 66 1 15 0 89 1 58 1 22 2 16 2 73 1 26 0 7 2 50 1 8 0 96 2 14 2 11 1 32 2 82 2 29 2 22 2 40 2 67 0 97 1 32 1 64 1 33 1 56 0 12 1 4 0 3 0 87 2 83 1 40 1 79 0 31 0 10 0 13 1 7 1 72 1 94 2 22 2 96 0 18 1 48 1 11 0 36 2 96 1 58 1 98 0 94 2 89 2 53 1 84 2 56 2 78 0 79 0 74 0 96 0 87 2 55 1 31
36 2 81 0 5 2 11 0 17 2 50 2 83 1 77 2 41 2 34 1 1 2 99 2 46 2 18 0 40 1 39 0 40 0 34 1 80 1 13 2 7 2 89 1 52 0 20 1 77 1 66 2 88 1 3 0 87 2 83 1 96 1 51 2 38 1 90 1 7 1 6 0 42
35 0 85 1 40 1 77 2 42 0 9 2 45 1 17 1 76 1 1 0 71 2 19 2 3 1 48 2 73 1 68 2 68 0 52 2 74 1 79 1 42 2 7 1 63 2 77 0 28 1 72 0 64 1 63 0 54 1 61 0 41 2 49 1 21 0 72 2 75 2 58
81 1 66 0 3 2 69 2 41 1 20 2 37 0 25 0 88 2 78 2 51 0 97 1 44 2 1 2 85 2 22 0 69 0 5 1 91 1 8 1 64 1 50 0 95 0 54 2 94 0 73 2 14 0 85 1 81 0 46 1 9 2 32 1 48 2 11 1 15 1 95 2 35 0 99 0 88 2 30 0 43 2 44 0 1 1 100 0 19 0 80 1 58 2 52 1 78 1 50 2 75 0 73 2 43 0 48 2 15 1 26 1 54 0 72 1 54 1 58 1 74 2 81 2 98 0 59 2 99 2 15 0 69 1 51 2 15 1 67 1 39 1 4 1 14 2 84 1 94 1 86 0 49 1 46 2 64 1 46 1 84 1 14
40 0 75 0 20 0 40 2 85 2 20 2 73 1 62 0 10 2 2 0 10 2 33 2 98 2 17 0 61 1 61 2 13 2 44 0 63 2 92 0 18 2 100 2 69 2 44 0 53 0 7 0 62 2 14 1 58 2 9 2 59 2 44 1 84 1 31 1 50 2 6 2 85 1 82 2 73 0 94 1 84
78 2 5 0 98 1 66 2 43 0 3 1 69 1 75 0 74 0 45 0 20 0 87 1 83 0 7 2 93 0 69 2 57 0 56 0 46 1 19 1 19 1 80 1 24 2 88 2 86 0 7 2 93 0 69 2 82 1 51 2 24 0 12 2 66 1 70 1 90 2 22 0 67 0 15 2 96 2 86 2 28 0 91 0 86 0 72 0 15 0 8 0 92 0 45 0 13 1 22 1 83 0 37 0 89 2 30 1 63 1 31 1 19 2 56 2 63 0 82 0 11 2 82 2 20 1 59 2 35 0 93 0 54 1 97 0 92 1 31 2 13 2 53 0 100 2 57 0 12 2 80 2 86 2 45 1 93
61 0 85 0 52 0 67 0 10 0 68 0 54 0 83 0 28 1 8 1 4 1 53 2 89 1 22 0 12 0 55 0 95 2 7 2 16 0 52 2 57 0 68 2 37 2 10 2 29 1 28 0 93 2 11 1 1 2 10 2 18 1 80 2 76 2 34 0 74 2 24 0 64 1 17 1 16 0 79 1 25 0 22 0 19 2 100 1 61 1 37 0 23 1 6 1 61 2 6 1 52 0 51 1 70 2 50 1 25 1 20 2 25 0 77 1 64 0 80 1 16 0 23
96 1 65 2 27 2 4 2 2 1 82 0 77 0 9 2 24 1 21 2 1 0 38 2 3 1 44 2 77 0 69 0 47 0 22 0 44 0 72 0 60 0 45 1 29 2 29 1 55 0 42 0 51 1 24 2 29 0 14 1 75 0 88 0 49 0 82 1 41 1 9 1 85 0 5 1 23 2 2 2 78 2 49 0 33 1 30 0 64 1 44 1 57 0 96 0 38 0 49 2 54 2 56 0 23 1 6 0 1 2 31 2 86 2 58 0 68 1 93 1 89 0 17 1 54 2 20 1 53 2 63 2 8 2 54 2 27 0 29 2 11 2 78 1 53 0 70 1 66 2 30 0 4 2 34 2 66 1 37 2 13 0 76 2 36 1 96 0 37 0 21 1 31 0 45 2 46 0 8 2 65 2 28 1 13 0 52 0 51 1 11 1 87
100 1 31 1 25 2 27 1 50 0 77 1 47 1 65 1 8 2 55 1 86 1 34 0 10 0 10 2 94 1 48 0 33 1 26 0 9 2 5 1 50 0 88 0 15 1 84 2 60 0 23 2 61 1 33 0 55 2 51 1 41 1 79 1 67 2 46 1 11 1 92 1 82 2 42 1 54 2 95 0 1 1 21 0 91 2 93 0 17 2 89 2 97 2 82 1 8 0 76 2 56 0 93 0 80 0 9 0 25 0 97 0 94 1 86 1 96 0 53 2 51 1 75 2 35 1 48 1 74 2 22 0 98 1 37 2 25 2 11 2 58 0 68 2 56 0 71 2 80 0 58 1 62 0 18 0 29 2 33 1 71 1 21 0 89 2 98 2 32 2 60 0 60 1 39 0 60 1 2 0 66 2 51 0 55 2 78 2 10 1 34 1 2 0 93 2 7 1 41 1 76
64 0 12 0 16 0 55 2 47 0 41 1 9 0 61 2 34 1 48 1 86 1 5 1 43 1 95 2 62 0 81 0 66 0 90 1 74 0 3 1 57 0 97 2 57 1 85 0 39 0 61 1 77 2 87 0 79 0 33 0 51 0 87 0 30 2 43 2 9 0 97 0 81 1 54 2 7 1 19 2 2 2 77 0 71 2 26 0 77 2 53 2 13 2 17 2 70 2 41 2 25 1 93 2 99 1 15 0 44 1 30 2 64 1 87 1 31 2 80 0 49 1 3 0 42 0 66 2 15
23 0 73 1 11 2 12 1 88 2 10 0 45 0 28 0 60 0 67 2 39 2 72 1 62 0 6 2 49 1 42 0 72 0 70 2 88 0 26 0 55 0 28 2 15 0 95
26 2 19 1 7 2 80 2 45 2 16 1 67 2 85 1 3 2 86 1 45 2 77 0 94 0 37 1 28 1 97 1 27 1 44 2 34 2 88 1 67 1 65 1 16 2 22 1 48 2 71 2 90
12 0 90 0 57 0 78 0 53 1 38 2 46 2 19 2 13 0 35 1 92 0 54 1 63
91 2 73 2 36 2 44 1 36 0 14 1 14 0 29 2 79 1 93 1 83 1 95 2 75 0 62 2 30 2 16 2 25 1 75 2 7 0 46 0 33 2 41 1 32 1 58 0 85 2 86 2 57 2 7 2 59 0 1 1 67 0 40 0 51 2 80 2 12 2 80 2 47 1 37 1 53 0 3 0 11 2 100 1 88 2 25 1 68 0 98 0 18 0 30 0 63 0 8 1 85 1 43 0 33 1 99 2 33 2 33 1 14 0 17 2 23 1 7 1 41 0 95 2 38 0 66 2 98 1 43 1 21 2 5 2 57 1 28 1 14 2 65 1 99 1 84 0 35 2 36 2 46 1 56 1 70 1 27 0 51 1 76 1 4 1 46 0 57 2 44 0 88 0 42 2 8 2 13 1 2 1 98
43 1 72 1 34 2 87 1 51 1 86 2 53 2 84 2 5 1 10 2 93 1 31 1 29 0 19 1 44 1 80 2 78 0 87 1 68 2 81 2 95 0 45 1 78 1 2 0 25 1 26 1 14 2 59 0 8 0 89 1 20 0 94 2 99 1 92 1 84 1 42 2 13 1 59 0 42 0 13 2 70 0 68 0 95 1 97
91 1 74 0 8 1 14 0 66 1 21 0 85 2 4 0 39 2 53 2 6 0 37 1 39 1 40 2 42 1 68 2 28 0 71 1 85 2 56 0 2 1 27 1 21 1 100 2 28 0 65 0 43 1 81 1 63 0 37 2 1 2 60 0 95 2 63 1 28 0 31 0 91 1 58 2 94 2 54 2 44 2 57 0 32 2 84 1 26 0 15 1 20 1 31 2 96 1 85 2 31 2 2 0 10 0 86 1 88 1 88 1 77 2 77 0 40 2 23 2 70 1 62 0 46 0 82 0 53 2 68 2 60 1 60 1 47 2 57 2 10 1 75 1 34 0 76 0 71 2 4 2 42 1 6 2 61 1 70 0 44 0 74 1 90 2 69 2 41 1 67 1 90 0 65 2 3 0 20 1 28 2 87
71 2 90 2 49 2 73 2 60 1 93 2 68 1 24 0 7 0 85 1 23 2 54 0 89 2 7 1 15 0 47 1 9 0 82 2 80 0 93 2 39 0 37 0 68 2 9 2 32 1 63 0 69 1 96 0 52 0 72 0 28 0 79 1 39 1 63 0 24 0 30 2 84 2 56 1 79 2 51 1 94 1 64 2 56 0 19 1 34 0 35 1 47 0 5 1 63 1 74 1 67 2 82 1 57 0 36 2 11 1 51 2 89 2 4 0 52 0 50 1 63 2 38 1 82 0 7 0 38 2 50 2 60 0 40 0 67 2 54 0 58 2 45
39 2 6 1 11 1 19 0 68 0 76 1 7 2 41 0 42 1 5 0 77 2 20 2 47 2 26 0 35 0 99 0 20 0 61 0 5 0 35 1 36 0 15 0 28 0 25 0 62 1 60 2 13 2 13 2 24 2 100 0 9 2 22 0 79 1 99 2 29 2 72 1 62 0 93 0 8 2 57
86 1 33 1 38 1 59 0 37 0 31 0 19 0 25 0 36 1 70 0 23 2 34 1 77 0 97 0 65 2 5 2 24 2 24 0 60 0 100 2 18 2 40 1 37 2 49 0 98 2 42 0 67 2 65 0 3 2 8 1 81 0 33 2 46 2 85 0 40 1 27 1 78 1 3 2 3 0 30 1 43 1 54 2 98 2 30 1 37 2 28 1 95 0 66 0 56 0 70 0 41 0 36 2 70 2 68 0 38 1 65 1 30 1 36 2 16 2 99 0 27 0 89 2 29 1 11 1 11 1 82 2 53 1 7 1 33 2 43 1 40 1 100 2 77 2 85 1 9 2 98 2 86 0 23 0 24 1 11 1 45 1 9 0 100 1 68 0 92 0 79 0 73
91 2 21 0 48 2 36 2 32 2 9 0 99 1 83 1 19 0 52 0 67 0 90 0 47 0 5 1 30 1 91 0 36 0 18 0 59 2 36 0 54 0 97 2 14 2 29 2 75 2 16 2 77 1 25 1 28 1 77 0 37 2 43 0 35 0 42 0 14 2 83 1 36 1 16 2 8 1 67 0 69 2 13 2 16 2 79 0 58 0 30 0 63 1 21 2 56 2 68 0 53 1 51 1 60 2 92 0 45 1 9 1 23 1 14 2 17 1 41 1 68 0 39 0 41 2 15 1 19 0 26 0 86 1 92 1 2 1 60 2 92 2 85 2 28 2 63 2 89 2 65 2 14 1 40 1 64 1 21 2 95 1 12 0 52 0 55 0 48 1 82 2 36 2 35 0 61 0 78 0 62 1 4
33 0 84 2 8 1 18 0 54 2 27 1 60 1 3 2 30 0 16 0 99 1 52 1 84 1 34 1 94 1 94 0 29 0 13 2 60 1 89 2 85 2 5 0 88 1 2 2 20 1 31 1 31 2 55 0 30 1 46 0 9 1 59 0 79 0 38
95 1 1 2 34 1 78 0 40 1 82 2 27 0 1 1 88 2 72 1 49 0 88 1 94 0 35 2 31 2 36 1 27 2 33 2 42 0 34 0 11 1 16 0 36 2 87 1 48 1 18 1 94 2 12 0 1 0 35 0 80 1 27 2 81 0 23 0 13 2 68 2 58 1 3 1 41 0 12 2 10 1 62 2 36 0 65 1 47 1 13 1 93 2 69 0 17 0 20 0 65 0 98 1 29 0 20 2 49 0 94 2 60 2 84 2 21 0 93 1 12 2 87 2 19 0 75 2 17 2 60 0 40 1 28 2 100 2 82 1 28 1 39 2 24 1 90 0 64 0 32 2 17 2 90 0 1 2 75 2 9 0 50 1 35 0 31 1 68 0 84 2 14 1 2 0 79 2 70 2 17 2 29 1 60 2 91 0 24 0 12
65 1 31 0 29 2 79 2 87 2 87 2 61 1 73 2 87 2 75 2 15 1 68 1 12 2 36 2 50 0 23 0 55 1 56 0 40 0 85 2 82 1 1 2 71 0 38 2 23 0 87 1 32 0 67 2 81 2 45 0 62 2 50 1 44 1 70 2 82 2 55 1 38 1 77 1 70 1 1 2 66 1 72 1 98 1 19 2 37 1 17 0 94 1 87 1 78 1 44 2 57 0 39 0 58 2 58 0 29 2 16 2 71 2 77 2 18 1 41 0 79 2 35 2 86 0 47 0 56 2 92
100 0 69 2 38 0 93 1 41 0 71 1 10 0 26 0 1 2 87 0 95 2 96 1 25 2 52 1 94 0 62 2 15 2 80 0 89 0 57 0 4 2 99 2 4 1 94 0 5 0 6 2 88 0 12 0 93 0 73 2 84 1 100 2 24 1 71 0 97 2 20 1 84 0 1 1 9 2 22 2 69 0 52 0 15 0 32 2 91 1 11 2 8 2 84 2 45 2 64 2 37 2 21 1 31 1 69 1 35 2 57 1 45 1 16 2 19 0 41 1 11 2 31 1 52 1 58 2 18 0 18 2 50 2 71 0 89 2 96 1 65 2 69 2 90 2 56 0 46 2 57 0 73 2 33 0 48 1 72 1 9 1 45 1 99 1 18 2 36 1 22 0 23 0 6 1 16 2 60 2 3 2 49 0 96 1 37 1 15 0 77 1 63 1 8 1 26 1 21 0 34
31 2 56 1 31 0 5 2 31 0 26 1 44 1 76 1 98 0 14 1 54 0 22 1 36 1 4 0 67 0 33 1 66 1 72 1 26 2 37 0 79 0 88 2 44 1 60 2 77 0 8 0 29 2 84 2 52 1 25 2 79 1 72
95 1 43 0 100 0 45 0 72 1 85 0 98 1 91 2 77 1 78 0 70 2 71 2 51 1 10 2 42 1 96 2 30 2 28 1 72 1 12 1 12 2 63 0 57 2 10 1 59 0 98 1 15 2 25 2 60 1 15 0 87 1 17 1 18 0 24 1 73 1 79 2 59 2 57 1 20 0 19 2 100 2 4 0 11 1 11 2 84 2 54 1 90 2 10 2 31 1 40 2 51 0 55 2 57 1 11 2 12 2 71 1 95 1 84 0 91 0 51 2 69 2 68 1 74 0 77 2 15 2 35 0 100 0 40 2 39 0 46 0 41 0 75 0 52 0 13 2 57 0 32 0 45 1 2 1 55 2 41 0 55 0 13 1 62 2 24 2 16 1 32 1 66 1 59 1 51 2 64 1 34 1 90 2 87 1 50 1 56 2 29
91 2 92 2 26 0 52 2 73 2 30 1 9 0 96 2 27 2 89 2 18 0 70 2 25 0 25 0 58 0 94 1 78 2 44 1 78 0 10 2 55 0 78 2 27 2 14 0 89 1 63 0 12 1 82 1 34 1 29 0 75 1 58 1 21 1 7 1 78 0 13 2 30 2 41 2 82 0 4 2 81 1 82 0 7 2 77 2 1 2 30 1 98 1 24 1 40 2 84 1 18 0 2 2 13 1 54 2 6 0 97 0 33 2 78 0 93 0 72 1 93 0 100 1 52 1 74 1 65 2 24 0 11 2 1 2 13 1 9 0 90 0 86 1 81 0 57 0 4 0 91 1 10 1 51 0 96 0 28 2 57 2 67 2 81 1 88 2 56 0 95 0 2 0 7 2 52 2 57 0 56 0 42
62 0 6 2 46 1 22 2 57 1 17 1 1 2 81 1 74 2 85 1 24 0 10 0 53 0 65 1 62 0 46 2 47 0 33 1 65 1 72 2 91 2 31 2 56 0 65 0 4 2 15 1 79 1 95 1 14 1 41 1 32 1 42 0 37 1 73 2 94 0 86 1 14 1 64 0 38 0 37 0 40 1 84 0 18 1 24 2 49 1 79 2 80 1 75 2 62 1 15 2 86 2 77 1 61 0 56 0 73 0 98 2 4 0 63 0 56 0 38 0 98 2 65 1 13
31 1 17 1 68 1 19 2 68 0 87 0 21 2 72 1 64 1 87 2 89 2 52 0 90 1 52 0 74 0 78 2 59 1 8 2 84 0 32 2 74 2 36 0 68 2 4 1 67 2 47 1 98 1 87 0 87 2 23 2 81 1 34
66 0 96 2 5 0 5 1 55 1 58 0 96 2 36 2 55 1 72 1 11 2 14 0 54 1 49 2 7 0 18 1 20 1 89 2 3 1 82 2 77 1 25 0 70 0 97 2 97 1 32 0 88 0 37 0 14 2 33 1 98 2 65 0 3 1 86 0 74 0 52 1 53 2 92 1 13 1 32 0 93 1 40 0 42 1 88 2 65 0 11 1 93 0 33 2 62 2 57 0 78 2 30 0 48 2 31 1 33 1 23 1 8 1 14 0 20 1 23 1 99 0 60 2 25 1 59 2 10 2 21 1 53
