2 36
5856626 3409442
67 1 19 1 99 1 1 0 79 1 12 0 69 0 66 0 13 1 82 1 13 1 57 0 94 1 99 0 51 1 95 0 70 0 47 1 33 1 17 1 41 0 81 0 71 1 96 0 92 0 34 0 11 0 54 1 16 1 6 0 84 1 61 1 72 0 40 1 46 1 11 1 70 0 14 1 45 0 49 0 36 0 99 1 48 0 68 0 100 1 71 0 50 0 96 0 3 0 90 1 40 1 54 0 86 1 63 1 33 1 55 0 41 1 85 1 97 0 19 1 43 1 42 1 32 1 46 1 11 1 70 1 80 0 49
59 1 15 1 66 1 97 1 84 0 92 1 69 0 38 0 53 1 91 1 86 0 29 0 90 1 55 1 24 1 27 0 31 0 12 0 33 1 38 1 99 1 37 1 89 1 66 1 71 0 78 0 81 0 66 0 62 0 44 0 93 0 87 0 7 0 94 1 52 0 18 1 12 0 55 1 1 0 65 1 37 1 82 0 56 1 3 0 3 0 7 0 85 0 20 1 26 1 77 0 3 1 20 0 67 0 78 1 63 0 72 1 27 0 64 0 85 1 28
67 1 66 0 35 1 29 0 30 1 21 0 94 0 91 0 4 0 31 1 89 0 41 1 66 0 68 1 22 0 34 0 21 1 84 0 14 1 83 1 46 0 83 0 82 1 6 0 82 1 46 1 71 1 52 0 75 0 52 0 56 1 30 1 100 0 19 1 2 0 82 0 48 1 87 1 63 0 57 1 87 0 94 1 63 0 45 1 41 1 67 1 55 1 27 1 21 0 76 1 33 1 45 0 91 0 42 1 69 1 5 1 96 0 18 1 66 0 78 1 23 1 7 1 27 1 65 0 68 1 23 0 5 0 11
38 0 1 0 81 1 45 0 94 1 76 1 41 1 75 1 99 0 90 1 25 1 64 1 19 1 76 1 10 0 72 1 34 0 23 1 23 1 32 1 2 1 93 0 42 0 49 0 85 1 39 0 32 1 28 0 22 1 33 0 40 0 93 0 20 0 34 0 43 0 73 0 30 1 93 1 57
2 0 60 1 60
16 0 43 1 85 1 42 0 54 1 9 1 83 1 48 0 4 1 83 1 87 1 14 0 38 1 26 0 59 0 79 0 14
100 1 20 0 74 0 56 0 41 0 59 1 45 0 34 1 19 1 86 1 13 0 10 1 63 1 60 0 61 0 51 0 53 1 50 0 63 1 32 1 83 0 14 0 47 0 98 0 98 0 11 0 22 0 1 0 22 0 8 0 14 0 44 0 85 1 20 1 1 1 20 0 96 1 63 1 35 0 56 1 72 1 98 0 64 0 10 1 19 1 75 1 28 1 42 0 39 1 5 1 51 0 65 1 6 1 59 0 50 0 81 0 90 1 42 0 63 0 94 0 50 1 18 1 100 1 59 0 39 1 80 1 61 0 79 1 91 1 83 0 97 0 84 0 72 1 26 1 90 0 79 1 22 0 39 1 31 1 70 1 27 0 81 1 39 1 32 1 31 0 70 1 52 0 35 1 25 1 37 1 76 1 7 1 96 0 74 0 79 0 25 0 98 0 82 1 38 1 23 0 22
96 1 88 1 87 1 18 1 69 1 53 1 39 0 59 1 52 1 79 0 15 0 44 0 64 1 45 1 44 1 23 1 31 0 66 0 24 0 15 0 92 1 96 1 11 1 87 0 81 1 13 0 12 0 51 0 5 1 5 1 80 1 17 1 34 1 57 1 57 0 56 1 64 0 54 1 57 0 92 1 37 1 80 1 24 1 42 1 40 1 4 0 69 0 97 1 22 0 41 1 1 1 29 0 33 1 62 0 21 1 20 0 7 1 100 1 26 1 84 1 43 1 37 0 42 0 8 1 56 0 37 1 87 0 79 1 37 1 46 0 19 0 45 1 69 0 59 1 6 0 75 0 42 0 9 1 90 0 67 1 91 1 84 1 37 1 85 0 50 1 21 1 74 1 47 0 96 0 97 1 57 0 72 0 70 0 65 0 4 1 60 1 94
46 1 83 1 76 1 59 1 88 1 36 1 8 1 9 0 33 0 22 1 42 0 99 1 62 0 53 0 31 0 86 0 81 1 28 1 33 1 82 0 95 1 20 1 46 1 33 1 55 1 63 1 5 0 82 0 85 1 84 0 12 0 92 1 1 0 50 1 67 0 51 0 58 0 48 0 92 1 47 0 45 0 21 0 29 0 61 0 1 1 92 1 69
66 0 82 0 28 1 64 0 88 1 86 1 44 0 99 0 55 1 47 1 34 1 28 1 2 0 71 1 41 1 14 1 15 1 95 0 9 1 100 0 20 1 21 1 52 0 55 1 21 0 47 0 66 0 84 0 11 0 77 0 10 0 95 1 38 1 39 0 99 1 1 0 95 1 3 1 40 0 65 0 40 0 53 1 67 1 31 1 8 1 52 0 75 0 90 1 91 1 87 1 87 1 11 1 63 0 25 0 88 0 95 1 20 1 75 0 19 1 71 0 71 0 68 0 93 1 45 0 76 1 88 0 71
23 0 62 1 35 1 22 1 79 1 73 1 3 0 76 1 1 1 24 1 5 1 3 0 3 0 63 0 36 0 62 1 11 0 69 0 23 0 91 0 34 1 78 1 12 0 46
72 1 11 1 98 0 82 1 22 0 37 0 21 0 87 1 60 1 61 1 54 0 10 0 58 0 52 1 59 0 15 0 1 1 78 1 84 0 2 1 26 0 42 1 72 0 30 1 13 0 7 0 78 1 90 0 54 0 26 0 92 0 7 0 73 1 97 1 31 1 29 0 55 1 54 1 11 0 48 0 72 1 8 0 85 1 62 1 47 1 62 1 81 1 15 1 93 1 66 0 10 1 58 0 39 1 21 1 87 0 75 1 32 1 13 0 66 0 24 0 74 0 59 0 31 1 27 0 77 1 44 1 78 1 22 1 4 1 67 1 54 0 19 0 66
39 1 72 1 37 1 35 1 80 0 62 1 8 0 46 0 43 1 28 1 98 0 18 0 18 0 51 1 89 0 13 1 28 1 26 1 40 1 89 1 99 0 3 1 58 0 70 1 28 1 63 0 22 0 63 0 20 0 85 0 65 1 16 1 89 1 57 1 48 1 26 0 89 1 16 1 84 1 94
64 0 1 0 57 0 81 0 16 1 23 1 53 1 54 1 50 1 55 1 14 0 30 0 3 0 35 0 55 1 51 1 71 0 81 0 82 1 30 1 75 0 65 0 67 0 4 0 39 1 76 0 89 0 59 1 15 1 66 0 57 1 80 1 74 1 21 0 41 0 55 1 90 1 63 1 73 0 60 1 48 1 21 0 88 1 52 0 36 0 55 0 44 0 40 0 80 0 44 0 4 0 92 0 46 1 12 1 54 1 73 1 91 1 75 0 19 1 99 0 51 1 7 1 72 1 59 0 94
75 1 84 0 63 1 33 0 48 1 70 1 42 0 46 0 29 0 81 1 88 1 71 1 32 0 80 0 93 0 68 0 14 0 71 1 23 1 68 1 57 1 5 1 14 1 20 0 81 0 94 0 73 0 32 0 3 1 49 1 10 0 24 0 44 0 24 1 50 1 36 1 49 1 6 0 1 0 92 0 68 1 77 0 60 0 16 0 97 1 84 1 37 0 25 1 17 0 80 1 19 0 17 1 95 0 23 1 55 0 56 0 68 0 79 0 42 0 53 1 4 0 30 0 34 1 60 0 3 0 9 1 59 1 64 0 42 1 3 1 85 0 34 0 83 0 49 1 33 1 71
66 1 2 0 31 0 42 0 33 0 84 0 83 1 94 1 10 0 11 0 7 0 58 0 62 0 93 0 47 0 7 1 17 1 65 0 87 1 82 1 14 1 26 1 52 0 42 1 41 1 30 1 71 0 38 1 48 1 17 0 81 1 33 0 39 0 2 1 42 1 3 1 60 1 17 0 63 0 29 1 45 1 48 1 4 1 81 0 12 0 88 1 77 1 16 0 17 1 40 1 35 0 100 0 83 0 48 0 54 1 70 1 15 0 36 1 40 0 40 1 1 1 31 0 45 1 12 1 58 0 59 0 5
63 0 45 1 65 1 89 0 45 0 65 0 8 0 87 1 3 1 94 1 96 1 3 0 68 0 45 1 72 0 97 0 79 1 55 1 63 0 29 1 52 0 90 1 43 1 66 1 23 1 70 0 53 0 66 0 83 1 41 0 96 0 2 1 9 1 49 1 3 1 58 1 29 1 26 1 40 1 20 0 99 1 46 1 75 0 87 0 28 1 27 0 17 0 53 0 11 0 99 1 58 0 43 0 10 1 8 0 80 0 84 0 13 0 41 1 44 0 58 0 58 0 49 0 47 0 59
78 1 49 0 21 0 64 0 30 1 44 0 16 0 27 1 70 1 41 0 8 1 33 1 47 0 37 0 43 1 18 1 23 0 95 1 90 0 85 0 5 0 81 1 8 0 35 0 51 0 24 1 62 1 38 1 53 0 93 1 15 0 38 1 95 0 81 1 71 1 95 1 96 1 58 1 20 1 15 1 3 1 90 0 29 0 27 0 13 1 98 1 65 1 63 1 10 0 3 1 65 0 34 0 63 0 8 0 27 0 5 0 48 1 21 0 16 0 82 1 7 0 37 0 39 1 74 1 88 1 70 0 57 0 55 0 9 0 25 0 69 0 4 0 17 0 44 0 19 0 100 1 92 0 12 1 85
85 0 41 0 79 0 49 0 69 0 77 0 29 1 86 0 14 1 55 1 55 0 40 0 17 0 6 0 36 1 66 0 97 0 37 0 41 1 91 0 52 0 26 0 1 0 60 0 8 1 67 1 94 1 68 0 50 1 80 0 95 0 77 0 59 1 97 1 31 1 58 0 61 1 75 0 32 0 45 1 31 1 39 0 42 1 38 1 27 0 29 1 69 0 46 0 31 0 65 0 46 0 28 1 98 0 9 1 17 0 84 1 88 1 19 0 45 1 26 0 75 0 86 0 15 1 63 1 33 0 50 0 7 0 85 0 52 1 25 0 23 1 35 1 16 1 21 0 48 1 89 1 65 1 39 0 65 0 21 1 16 1 36 1 57 1 38 0 33 1 64
63 0 9 1 78 1 14 0 22 1 89 0 81 1 35 1 38 0 8 0 88 1 15 1 51 1 50 0 58 1 95 1 50 0 32 1 17 0 48 1 54 0 99 0 43 0 71 1 70 1 74 1 84 0 70 0 35 1 1 0 55 0 68 1 5 1 91 1 7 0 20 1 43 0 81 0 65 0 90 1 50 0 58 0 27 0 91 0 7 1 68 1 74 1 95 0 57 1 61 0 15 0 42 0 82 1 36 0 93 0 3 0 99 0 12 0 37 0 19 1 54 0 2 0 90 1 60
42 0 73 0 83 1 88 0 66 0 7 0 44 1 28 0 75 0 10 0 13 1 97 1 70 1 55 0 74 0 34 0 97 1 47 0 14 0 4 1 57 1 98 0 10 0 5 1 70 0 1 1 32 0 38 0 22 0 70 1 36 0 1 0 80 1 58 1 95 0 20 0 69 1 32 0 72 0 26 0 35 0 41 1 71
7 0 13 1 72 0 58 1 58 1 88 1 81 0 89
53 1 53 1 32 0 81 1 98 1 23 1 36 0 68 1 81 1 91 1 88 1 68 1 19 1 11 1 80 0 10 0 87 1 47 1 12 0 27 0 91 0 49 1 11 1 3 0 24 1 78 1 44 1 48 1 69 0 76 1 80 1 50 1 51 1 22 0 75 0 100 1 87 1 48 1 91 1 55 0 50 1 54 1 60 1 97 0 70 0 93 1 50 1 100 1 49 0 98 0 53 1 65 1 17 0 70
79 1 6 0 11 1 96 1 13 1 6 1 53 1 91 0 9 1 87 0 48 1 51 1 79 1 7 1 52 1 48 1 60 0 49 0 49 1 17 1 72 1 28 1 80 1 7 1 83 0 21 1 49 0 93 0 72 1 24 0 33 1 79 0 93 0 89 1 2 0 39 1 100 1 61 1 7 0 60 1 94 0 80 1 8 1 2 0 29 1 64 1 100 0 71 0 49 1 30 1 17 1 39 1 40 1 13 0 17 0 76 0 100 1 3 0 52 1 6 0 43 1 22 0 58 0 69 1 44 1 90 1 12 0 10 1 46 0 65 0 93 0 4 1 91 1 21 1 15 0 14 1 43 1 65 1 16 0 46
11 0 78 1 12 0 74 1 52 1 77 1 46 1 71 0 52 0 22 0 86 1 39
96 1 67 1 11 0 70 1 51 0 1 1 13 0 47 1 24 0 76 0 31 0 12 0 78 0 74 1 80 1 13 1 64 0 20 1 42 0 16 1 34 1 84 1 91 0 47 0 26 0 19 0 7 0 6 0 7 1 12 1 50 1 82 1 80 1 29 1 48 0 11 0 61 0 91 0 30 1 23 1 27 1 64 1 44 1 75 0 42 1 48 0 33 1 69 0 51 1 28 1 13 0 29 0 57 1 86 1 72 1 55 0 15 1 3 1 54 1 5 0 53 0 5 1 12 1 92 0 9 0 39 1 19 0 2 1 35 1 44 0 40 0 93 1 97 0 48 0 67 0 4 0 7 0 62 1 83 0 64 1 35 1 73 0 19 0 60 1 92 1 16 0 25 1 47 0 70 1 93 1 38 0 5 1 8 0 37 1 51 0 6 1 45
10 0 28 1 25 1 14 1 94 0 81 0 33 0 48 1 19 0 34 0 67
32 0 90 1 80 1 67 0 24 1 41 0 80 1 45 1 31 0 16 1 2 0 21 0 7 0 15 0 97 0 34 0 3 0 57 0 73 1 81 1 30 1 77 1 95 0 90 1 51 1 79 1 11 1 93 1 31 1 26 1 77 0 34 0 97
81 1 91 1 95 0 95 0 63 0 80 1 97 0 46 0 97 1 15 1 42 0 6 1 79 0 58 0 71 1 4 0 5 1 97 0 85 0 75 0 90 1 6 1 78 1 30 0 89 1 99 1 70 0 34 1 15 0 49 1 72 0 58 0 72 0 61 1 28 0 91 1 47 1 53 0 91 1 91 1 71 0 86 0 21 0 68 0 96 1 14 1 15 1 88 0 35 1 56 1 92 0 35 0 26 1 23 0 8 0 39 0 91 1 19 0 61 0 47 1 100 1 96 0 98 1 82 0 4 0 16 1 5 0 85 1 51 0 39 0 15 0 13 0 80 0 1 1 82 1 53 1 92 0 37 1 86 0 32 1 32 1 61
63 0 46 1 44 1 50 1 38 0 85 0 24 1 6 1 37 1 10 0 77 1 12 0 70 0 77 1 23 0 11 0 45 1 68 0 79 0 55 1 75 0 13 1 93 1 57 1 60 0 75 0 73 0 72 1 18 1 80 0 37 1 25 0 89 0 93 0 92 1 67 0 80 0 40 1 39 0 24 1 97 0 70 1 32 1 28 0 73 0 1 0 15 1 33 1 51 1 61 1 21 1 29 0 53 1 71 1 43 0 6 1 68 0 51 0 16 1 23 0 97 0 71 0 81 0 21
19 0 62 0 100 0 29 1 99 1 29 0 93 0 58 0 72 1 60 1 64 1 14 1 16 1 73 0 52 1 72 1 36 0 37 1 54 1 84
34 1 46 1 6 1 20 0 63 0 66 0 93 0 34 1 2 1 89 0 24 0 62 1 48 1 44 0 83 1 38 1 96 0 100 1 31 0 44 1 60 0 30 0 13 1 56 1 92 0 69 0 34 0 90 1 65 1 64 0 58 0 88 1 31 1 69 0 75
64 0 15 1 87 1 32 0 42 1 22 0 77 1 67 1 73 1 50 0 82 0 91 1 9 0 51 1 62 1 53 1 77 1 3 0 17 1 16 0 3 0 87 1 79 0 5 0 79 0 10 1 85 1 64 1 14 1 20 0 40 1 62 0 83 0 48 0 2 1 23 0 20 1 22 0 17 0 16 0 53 1 90 0 59 0 38 0 84 1 65 0 22 1 60 0 74 0 99 1 77 0 64 1 61 0 3 1 70 0 76 0 96 0 65 1 43 0 66 0 70 1 62 1 60 1 35 1 29
65 0 59 1 19 1 6 1 80 0 80 0 88 0 85 1 15 0 53 0 85 0 89 0 45 1 27 0 4 0 25 1 7 1 23 1 14 1 25 1 60 1 17 1 29 1 59 0 62 0 93 0 16 1 47 0 30 1 20 0 66 1 38 1 92 0 100 0 31 0 65 0 35 0 24 1 5 1 67 1 59 1 22 0 92 1 35 0 96 0 62 0 83 1 50 0 55 1 34 1 25 0 45 1 80 1 83 1 99 0 37 1 26 0 96 1 94 0 40 1 63 0 72 0 35 1 30 1 27 1 32
3 1 28 0 94 0 46
65 0 54 1 46 1 27 0 93 0 39 1 52 1 41 0 48 0 20 0 15 1 93 0 87 1 75 0 45 1 42 1 64 0 73 1 92 1 40 0 95 0 84 0 31 0 29 0 18 0 41 0 84 0 49 1 33 1 28 0 95 0 52 1 6 0 41 0 44 0 87 1 60 0 59 1 39 0 31 0 76 1 49 1 68 1 50 0 75 1 40 1 91 0 58 1 32 1 49 1 48 0 79 0 82 0 21 0 47 0 70 1 36 1 13 0 80 1 87 0 61 1 23 1 13 1 3 0 46 1 5
