3 39
4378598 167359 354390
19 0 24 2 8 2 60 0 21 0 79 2 95 2 58 1 97 2 91 0 63 0 28 1 22 0 49 0 75 2 25 1 87 1 36 1 15 0 96
55 0 63 1 69 2 35 2 98 2 81 1 97 0 8 0 50 2 75 0 15 2 40 0 41 1 81 2 57 1 32 1 35 1 88 2 72 1 100 0 53 2 58 1 77 0 2 2 17 0 72 0 3 1 29 0 31 1 29 0 79 1 23 0 73 1 22 0 39 1 33 0 17 2 34 0 84 1 32 2 47 2 63 0 57 2 18 0 97 1 4 1 29 1 31 2 23 0 49 0 65 2 48 2 78 0 32 1 1 0 6
52 1 71 0 58 0 40 0 78 1 5 2 100 2 56 2 96 2 51 2 98 1 75 0 99 1 71 2 86 2 15 2 96 0 100 2 12 0 77 1 53 0 48 1 75 1 72 0 31 2 81 2 3 1 84 2 80 2 48 0 80 0 76 1 24 0 66 1 91 2 67 1 99 0 99 0 37 1 1 1 99 2 67 2 74 1 72 1 45 1 54 2 39 2 39 1 85 1 93 1 90 0 64 2 62
58 0 22 0 73 0 91 1 82 1 4 1 46 1 82 2 78 0 68 0 7 2 82 2 2 1 90 1 85 1 95 2 37 1 24 2 95 0 14 1 38 0 52 0 57 1 97 0 34 2 98 2 30 2 96 1 1 0 46 2 82 2 97 2 22 2 96 1 68 0 88 0 22 0 55 0 49 2 50 0 73 0 98 1 37 1 11 1 52 2 73 1 74 2 68 2 72 2 20 1 71 0 18 2 3 2 99 2 8 1 43 2 62 2 6 2 65
44 2 72 1 55 0 78 1 95 2 71 1 19 1 25 0 79 1 99 1 24 2 21 0 39 2 97 0 81 1 57 1 9 0 5 2 55 2 51 0 18 0 86 0 50 0 97 0 66 1 21 1 47 2 25 1 56 0 21 0 75 1 34 2 87 0 66 2 72 1 57 0 32 0 73 1 89 2 63 0 87 1 17 2 29 0 33 0 4
11 2 8 0 49 2 73 0 89 1 30 0 5 1 60 0 72 1 3 1 93 0 38
26 1 58 0 98 1 89 1 14 1 49 2 60 2 60 1 66 0 59 2 33 2 84 2 93 0 84 2 79 2 65 1 46 1 82 2 69 0 66 0 25 1 17 0 89 2 12 2 56 2 71 1 86
91 1 24 0 91 1 11 2 57 2 50 0 48 0 67 1 77 1 70 2 14 0 32 2 61 1 86 1 86 0 39 1 2 0 30 0 29 0 99 2 66 0 25 2 22 0 14 0 32 1 74 2 85 2 97 2 8 1 81 1 58 2 45 1 64 2 95 0 48 1 81 0 37 0 8 2 16 2 40 0 72 2 45 2 74 1 48 1 20 1 92 2 5 2 59 1 43 1 87 2 24 0 58 1 66 2 37 1 14 2 1 0 83 1 22 1 24 1 81 1 33 0 26 0 78 2 89 1 44 0 43 0 56 0 73 0 55 1 72 2 21 0 65 0 33 0 91 2 81 0 38 1 89 1 84 1 6 1 34 0 7 2 95 0 72 1 15 0 63 2 31 2 28 1 94 1 68 1 49 1 29 0 38
60 1 5 0 86 1 7 1 57 1 39 1 50 2 99 1 6 0 7 0 8 2 38 1 53 2 31 1 54 0 11 0 81 1 95 0 68 1 60 2 95 0 98 0 49 2 76 0 17 2 71 0 65 0 88 0 64 0 63 0 76 2 99 0 93 0 62 2 89 2 62 1 64 1 90 2 55 2 16 2 83 2 52 1 84 0 11 0 78 1 41 0 88 2 70 1 59 2 36 0 72 1 46 0 24 1 58 2 63 1 82 2 5 1 44 2 50 0 2 1 17
84 1 19 2 43 0 59 1 87 1 33 2 1 2 89 2 29 2 32 2 10 1 70 1 30 0 17 2 98 1 53 0 45 1 8 0 30 1 74 0 13 1 96 0 99 1 90 2 43 2 88 1 81 2 5 0 55 0 86 1 12 2 24 1 86 0 29 1 34 1 84 1 53 0 23 2 100 2 57 0 51 1 42 0 78 0 12 1 15 0 69 1 85 0 28 0 89 0 47 2 43 0 74 2 67 0 28 0 45 1 8 2 96 0 96 1 27 0 47 0 3 1 31 0 7 2 97 0 77 0 22 2 35 1 15 0 70 1 16 1 23 0 26 0 66 1 42 0 83 0 96 1 64 2 54 2 71 0 99 0 89 1 78 2 30 0 18 0 80
96 0 59 0 97 0 79 1 15 0 62 0 21 0 86 1 31 0 91 1 95 2 66 1 93 0 20 1 71 0 82 0 57 2 75 1 10 1 65 2 64 1 96 2 13 0 73 1 59 0 73 1 12 1 88 1 93 1 97 1 62 2 11 0 73 0 84 1 65 1 20 1 87 1 26 1 64 2 14 2 100 0 84 1 44 2 54 2 98 2 100 2 73 0 86 0 35 0 35 1 88 1 9 0 75 1 41 1 88 0 74 1 80 2 1 0 35 2 80 0 60 1 86 2 42 1 87 0 75 0 51 0 29 2 4 0 42 2 3 2 56 0 13 0 32 1 17 2 17 1 14 0 25 2 74 2 27 2 30 2 60 0 75 0 51 2 59 1 68 0 91 2 52 1 4 0 57 1 43 1 98 1 81 0 86 0 73 2 9 1 100 0 33
52 0 26 1 69 1 46 0 45 1 64 0 11 2 88 2 48 0 16 0 28 0 40 1 97 0 93 1 44 1 68 2 70 2 56 1 50 2 5 0 69 0 91 1 89 0 4 0 43 1 10 1 36 2 46 2 48 1 27 0 90 2 30 2 96 1 95 1 55 2 34 2 61 2 75 2 32 2 70 2 54 1 25 0 78 2 14 1 58 0 54 1 92 1 65 2 17 1 42 1 63 0 46 2 34
75 0 10 2 42 2 29 1 22 1 12 2 45 1 35 1 40 0 38 0 13 2 7 1 63 2 9 0 69 2 28 0 29 2 33 1 3 2 60 2 19 1 76 2 85 1 38 2 10 2 68 1 7 1 4 1 66 0 98 2 9 1 84 1 69 2 85 0 19 1 7 1 40 2 95 1 7 2 51 0 76 0 78 2 79 0 84 2 64 1 56 1 51 2 30 1 55 1 32 0 3 1 20 1 78 1 41 1 80 2 30 1 12 0 54 2 72 2 55 1 20 2 61 2 74 1 30 2 31 1 74 1 98 2 18 2 14 2 9 0 76 0 58 2 81 2 54 1 32 2 59
16 0 4 1 69 1 76 0 92 2 20 0 27 0 80 2 93 0 97 0 54 1 17 0 97 2 1 1 28 0 68 1 70
13 0 37 2 18 0 6 2 10 1 45 1 93 0 55 0 41 0 14 0 10 0 13 0 43 2 51
70 2 50 0 32 1 51 1 72 1 29 2 20 2 85 2 34 0 88 0 84 1 27 2 27 2 73 0 3 0 55 0 80 2 76 0 34 1 70 2 39 0 85 1 92 0 55 1 34 2 99 1 27 1 4 0 18 2 45 0 35 0 17 0 89 0 52 0 68 0 47 2 32 1 75 0 73 0 76 0 67 1 78 1 48 0 93 2 28 1 61 1 67 2 9 0 26 0 76 0 23 1 71 2 80 1 35 1 71 2 70 2 42 0 91 0 53 1 65 0 66 2 10 0 46 2 57 2 56 2 24 2 45 2 31 1 99 1 8 0 42
61 1 66 1 34 0 75 0 24 0 67 1 43 2 2 2 32 0 7 0 63 2 34 1 13 2 73 1 72 2 22 1 2 0 69 0 63 0 66 0 61 2 64 1 25 0 42 0 50 0 47 2 11 1 65 2 24 0 90 0 4 2 86 1 38 1 44 0 67 0 90 0 22 0 87 1 38 0 26 0 58 0 35 2 94 0 90 2 71 1 55 0 77 1 43 2 75 2 51 1 65 0 100 2 79 2 90 2 25 2 64 0 84 0 35 1 12 1 42 0 96 2 67
80 0 85 1 23 1 83 2 74 2 55 0 74 0 94 1 76 2 98 0 70 0 42 0 72 1 59 2 99 0 85 2 71 1 74 0 75 0 84 2 6 2 19 2 94 0 3 1 64 2 59 1 41 1 42 0 32 0 17 2 14 2 97 2 31 0 3 2 93 2 45 1 49 0 100 2 4 2 46 0 39 1 15 1 17 2 32 1 77 1 73 2 75 2 69 0 74 2 76 1 100 0 49 1 13 2 31 0 96 1 12 1 72 2 7 0 62 0 89 1 88 0 5 2 1 2 37 2 80 2 84 2 42 2 90 0 26 2 37 2 95 1 3 2 42 0 4 2 34 0 23 2 55 1 26 1 27 2 17 1 12
11 2 43 2 62 2 21 2 5 2 35 1 58 2 33 1 26 1 97 0 5 2 36
28 2 85 1 3 0 9 0 7 1 55 2 90 1 46 0 87 1 53 0 14 2 19 2 16 0 84 1 71 2 73 1 22 1 74 0 48 1 3 0 34 1 17 2 87 1 66 1 27 0 70 1 74 0 44 2 46
46 0 51 2 2 0 37 1 42 1 4 0 22 1 29 2 48 0 39 2 81 2 74 2 1 1 65 0 57 2 50 0 42 1 64 1 86 1 54 0 43 1 86 1 59 1 29 2 31 2 89 0 37 1 37 0 48 1 36 0 86 1 95 1 46 2 21 1 16 2 27 2 53 2 35 2 80 0 23 0 38 1 43 0 89 0 14 0 10 2 42 2 31
23 0 37 2 50 0 82 2 84 1 1 2 58 0 88 1 37 0 65 0 73 2 12 2 41 0 30 1 29 2 20 0 63 2 7 2 84 0 26 1 70 2 71 0 80 2 80
33 1 79 0 44 2 1 2 45 2 4 0 71 1 100 2 57 0 61 0 72 2 40 0 33 2 56 0 57 2 91 0 81 1 34 1 89 0 30 1 69 0 1 1 45 1 82 2 63 1 43 1 64 2 10 2 59 1 30 1 41 0 17 2 74 0 44
84 1 90 1 3 1 47 1 4 1 52 2 72 0 46 1 39 0 67 0 97 1 88 0 80 0 64 2 28 2 9 0 83 1 36 1 68 0 27 2 90 2 20 2 96 2 100 2 67 1 3 2 69 2 23 0 58 1 65 2 45 2 55 1 13 0 71 0 21 1 42 0 43 2 76 1 35 0 4 2 87 1 15 2 77 1 52 0 24 2 40 0 19 2 79 2 47 2 62 1 18 0 70 1 2 1 64 0 23 0 79 2 33 2 24 0 69 0 80 2 60 0 7 1 31 2 22 1 71 2 59 1 11 0 35 1 81 0 83 0 52 0 69 2 77 2 86 1 14 2 24 0 37 0 76 0 56 1 4 2 12 2 41 2 45 0 23 1 92
22 0 28 1 61 2 85 2 8 2 70 1 56 2 62 0 99 0 92 1 36 1 90 2 24 2 18 0 86 2 86 0 28 1 60 1 60 2 22 0 26 2 50 2 2
2 1 99 0 89
61 2 21 0 10 0 9 2 93 1 44 1 65 1 70 2 52 0 41 0 54 2 10 2 28 0 43 2 99 0 56 1 74 1 48 1 36 1 50 0 50 1 72 0 50 2 32 1 48 2 75 0 60 2 8 1 27 2 36 1 90 2 23 2 71 2 10 2 81 0 6 0 71 2 35 0 7 0 15 1 53 0 57 1 45 1 92 0 31 1 58 0 2 1 72 1 67 0 11 0 64 0 81 2 18 0 53 2 84 2 22 0 46 1 59 1 80 1 94 1 75 1 52
41 0 63 0 16 1 20 0 8 1 36 1 13 1 51 1 64 1 61 1 77 2 86 0 28 1 51 2 75 2 83 2 18 1 45 0 99 1 90 0 53 0 30 1 27 1 30 1 34 1 91 2 6 0 62 2 77 2 34 1 68 2 50 0 44 1 23 0 82 1 8 0 100 0 37 1 38 2 24 1 21 1 51
98 2 69 1 43 2 52 0 60 0 97 0 62 0 90 2 81 0 20 2 73 2 30 2 96 2 47 2 96 2 70 0 99 1 99 0 4 2 62 2 75 2 59 2 69 1 71 0 19 2 52 1 91 0 35 1 67 1 8 2 77 0 87 0 59 1 18 2 16 0 28 1 61 1 16 0 30 2 61 1 63 0 22 2 52 0 22 1 83 0 70 0 31 1 32 1 22 0 100 2 53 0 49 1 52 0 85 1 5 1 62 2 45 2 77 2 78 2 37 0 10 1 97 1 67 0 5 0 28 2 85 1 28 0 61 0 68 2 58 0 78 2 32 2 88 1 91 2 65 1 18 0 84 1 83 2 1 0 75 0 10 2 13 1 54 2 55 0 77 0 49 0 28 1 56 0 46 2 81 0 79 2 43 2 83 0 16 2 54 0 29 0 64 0 34 1 78
86 2 50 1 13 0 71 0 19 0 89 0 43 1 57 0 28 2 86 2 59 1 58 2 59 1 22 2 37 2 40 1 41 0 74 0 82 2 6 1 35 0 52 1 92 1 73 1 41 0 57 0 98 2 36 1 97 1 91 2 38 2 54 1 7 0 58 0 81 1 83 0 21 0 58 0 52 2 49 0 56 1 6 0 52 2 69 0 97 2 68 0 20 0 69 1 97 1 64 2 9 2 45 2 30 1 82 1 62 0 33 1 7 1 88 1 61 0 46 2 18 1 9 2 86 1 90 1 46 2 47 1 62 1 4 2 41 1 76 2 4 2 95 1 33 1 53 1 49 1 20 2 22 2 96 1 100 0 58 0 16 0 95 1 33 1 94 1 3 1 33 1 39
97 2 34 2 95 1 60 0 88 0 63 0 48 1 22 0 10 2 83 2 85 0 97 1 13 0 15 1 50 2 24 2 16 0 31 1 19 2 66 0 57 0 83 1 34 1 5 2 69 1 53 2 26 2 5 2 13 2 45 2 73 2 5 0 3 0 21 2 91 2 63 1 71 1 56 2 70 2 79 2 48 1 83 1 46 0 34 0 29 1 31 1 93 2 93 2 80 1 100 2 92 1 23 1 87 1 14 0 3 2 44 1 57 0 12 0 35 1 13 1 71 0 76 2 74 2 48 0 93 2 75 0 26 1 27 0 97 2 71 1 76 0 25 1 51 2 71 2 4 2 51 2 95 2 9 2 58 1 37 1 25 0 51 2 88 1 38 2 57 0 87 2 95 1 76 1 11 0 73 2 43 2 62 0 97 2 84 0 25 1 46 0 44 0 80
49 1 4 0 98 1 5 2 1 2 4 0 28 2 8 2 52 0 56 1 44 0 57 2 46 1 32 1 42 2 29 0 84 1 93 0 61 2 57 1 58 0 46 1 75 1 37 1 57 1 20 1 72 0 68 1 21 0 59 0 11 2 26 0 97 1 45 1 73 0 42 0 43 1 35 1 96 1 37 2 36 1 95 2 46 1 13 0 7 0 10 2 65 2 59 1 74 0 85
13 2 98 2 18 0 28 2 8 0 65 0 68 1 90 1 28 0 99 0 5 0 17 0 92 2 99
40 1 81 0 44 2 30 2 7 1 77 0 19 0 13 1 31 1 8 1 72 2 18 1 87 2 12 2 82 2 55 0 13 0 14 1 66 0 88 1 66 0 46 2 94 1 7 0 70 0 67 1 34 2 81 1 35 1 9 1 14 0 35 2 60 1 40 2 7 2 52 2 49 1 17 2 28 1 1 0 14
5 1 86 2 57 2 47 2 72 1 7
74 1 66 1 15 0 78 2 79 1 95 1 92 0 45 2 12 0 17 1 93 0 20 0 29 1 40 1 38 1 61 0 29 0 6 1 12 1 58 0 42 2 34 2 11 2 38 0 6 2 55 0 19 2 7 1 35 2 64 2 33 0 93 0 92 0 79 1 43 0 24 2 77 0 20 0 70 0 76 0 38 1 13 2 17 1 62 1 78 1 73 2 13 0 56 0 37 0 30 2 23 1 5 0 98 2 28 2 74 0 10 0 22 0 18 2 56 0 50 0 96 2 44 2 11 2 27 1 10 2 16 0 14 0 85 0 7 1 47 0 75 1 79 0 53 1 52 1 54
69 1 42 2 2 1 26 1 77 0 57 0 36 1 60 1 48 0 81 0 54 0 93 0 44 2 7 2 2 0 6 1 42 2 14 2 9 2 7 1 51 0 38 1 78 1 18 0 81 2 24 1 41 1 41 2 45 0 27 0 63 0 24 1 96 2 67 0 17 2 99 2 77 0 80 1 87 2 79 2 99 0 91 0 70 1 41 1 44 0 24 0 8 0 81 1 18 2 25 2 17 2 8 2 15 1 3 2 60 2 60 2 77 2 81 1 40 0 75 0 24 1 12 1 89 2 17 1 3 1 64 0 38 1 33 1 98 2 21
72 1 36 1 53 1 96 1 34 0 62 0 49 2 72 0 99 0 2 2 83 2 49 2 92 0 59 1 11 2 97 1 45 1 23 0 48 2 85 0 50 2 36 0 8 0 58 0 49 0 28 2 79 0 87 0 91 1 21 0 95 1 40 0 47 2 72 2 73 2 52 1 9 2 46 0 62 2 40 1 78 1 30 1 39 0 1 0 17 0 100 1 17 2 96 1 68 2 88 2 22 1 48 1 47 2 66 0 18 2 4 0 36 2 80 1 62 1 25 0 42 2 38 0 67 0 40 0 13 0 70 0 39 2 96 2 16 1 87 2 58 2 81 0 71
56 1 19 2 59 0 72 2 42 1 75 2 80 0 46 1 32 2 82 1 37 2 99 0 69 1 43 1 21 0 100 2 5 2 57 1 70 1 9 1 83 2 96 0 38 1 97 1 45 1 32 1 93 2 38 2 14 1 52 0 16 1 55 1 71 1 82 1 79 1 18 0 28 0 37 1 89 0 9 0 28 1 78 2 36 0 41 0 28 0 1 0 57 1 10 0 89 0 44 0 14 2 82 2 97 1 2 2 24 1 34 0 57
