100 100 1000 2 549
6336 7437 8599 6425 8722 5904 8626 4813 6612 6813 4459 4938 3678 9026 1510 9673 3454 4451 5299 8126 8310 5760 5320 6112 4535 9331 8525 1639 4036 1784 6834 1181 4314 8494 9615 8004 2263 8830 8831 9808 5262 8193 8209 5153 5684 8025 7110 2064 7486 6759 6238 2290 5836 9502 7828 5697 1953 4732 5262 3381 2677 7968 7633 5105 2949 6116 2217 1169 3917 6559 2347 6509 3001 6553 4478 9494 9124 7137 5050 4235 6518 4933 9122 7279 1893 1542 9729 7001 6878 7036 2538 2893 4223 2160 7756 3839 6471 4273 3925 6132
1345 4947 6709 9896 9631 1918 6875 2880 6716 2451 9958 6878 6237 3279 4729 5197 5272 3200 6612 2430 4042 1993 7073 6907 3855 2243 8005 2769 9547 4318 6963 8389 1122 1874 6606 8542 7063 1864 9748 9789 8904 5218 5587 9791 1501 6444 5060 7654 1179 1352 4975 3545 9817 2081 4235 3665 5328 2068 7198 3862 8925 4728 9265 1577 2951 7232 6087 6099 8786 3388 5581 5709 9251 1845 9291 6184 1748 9364 3499 3867 1084 7007 8581 2186 6825 7447 8573 3604 3382 2648 4580 6279 5975 1180 2484 8461 4328 1042 2318 7101
6127 3430 7334 7617 3596 9660 4900 3239 7805 6185 4565 6328 9065 6150 6750 3007 9024 9575 7121 5024 5043 8618 9808 7296 2045 3677 7903 8325 4706 4568 7079 8930 3248 6232 3819 8936 9689 7233 6296 7528 6937 5512 5799 9605 3075 6796 4554 4815 6569 6458 5274 1172 5231 3714 7445 6942 3592 3610 4451 6562 7743 4859 8906 2219 1925 3684 1831 6130 4186 6318 5966 6169 1302 6879 9721 6869 3889 4883 2991 9069 2271 4308 1875 4923 9857 9028 3343 8256 5833 7335 5031 1902 1896 9276 4171 7428 5223 9990 8571 2345
9142 8814 1338 2462 5575 6540 2501 2114 8012 8632 8785 8266 4702 6122 2259 4665 1299 1622 9844 7277 4359 5082 4781 7499 1455 8798 4289 9780 1149 8703 3076 1105 7884 4240 9498 7570 7750 2544 4054 5689 5406 1489 4051 2800 2615 1166 2539 8144 5171 3015 8872 4108 9498 9353 6474 7340 6370 1286 8053 2482 5500 6593 1453 6195 7292 3141 9932 9408 3405 6526 7112 5821 8779 6309 7758 7571 9681 3807 5988 4584 2911 2888 3002 2675 2968 9500 6126 7656 5069 5414 9733 3046 7125 3289 1767 1522 1507 4910 5391 3806
8929 7267 9788 4400 6559 2616 5883 1222 8692 1605 7695 7115 5307 5083 7094 5829 6464 9070 7432 9914 5225 2952 5104 6968 9158 3370 2235 1185 3063 7826 8935 3880 9140 4451 6812 6295 3922 8480 5677 6661 1000 8854 3807 3462 4829 8183 8968 2670 7119 9576 5105 7188 5351 2939 8099 9527 3065 7578 8923 3285 3823 2920 9618 5664 5246 1230 7404 2867 2383 4822 7574 4367 6817 5172 2934 3498 2678 6281 8269 8775 7724 2057 7074 5656 3492 2188 2574 7452 7340 4564 5168 6089 8564 2649 2843 2303 2484 5392 2123 4200
7499 9464 1274 7888 7723 7738 1833 9134 2957 1750 7744 5970 7585 6260 1410 9658 2882 3629 3582 3167 7096 1902 1567 1147 6001 9366 1083 7029 8498 8067 9859 3535 7332 6278 2634 1575 5612 5371 6224 9798 8088 8889 6458 4043 2965 9655 5096 3085 8910 9544 5430 9473 7440 8193 5375 6674 7377 8869 5483 3637 8601 8641 2749 6561 7960 1119 9769 4125 8761 2333 8024 9837 9866 5305 7782 5477 1036 6755 3425 4317 4694 2232 4854 8399 3680 2708 4610 5602 2086 3019 9827 1880 4655 8760 6123 9757 4092 9648 8100 9159
4702 7967 4233 3998 4595 1729 3716 4665 7977 3090 9336 2192 3928 1480 9576 7531 1125 1102 5801 7936 3741 2322 8946 1715 3255 1806 7097 7049 8294 3208 4889 4785 7769 6016 8467 8745 4411 7544 1869 3433 3305 2183 6328 1498 5288 3714 5391 3359 5127 5105 5721 7150 4978 7261 8674 3551 4901 4419 8442 2630 5584 8097 1777 1511 6941 7273 2859 8009 8626 7997 7132 3335 2605 4364 1628 6288 1087 3455 9029 4338 2201 2773 8013 5139 9327 1401 7437 8198 5417 1692 5225 5670 8945 3761 5396 6198 4731 9635 2567 6810
5278 1318 8053 4874 6008 5590 2438 5826 2294 7133 6845 3498 5853 2159 3931 4534 2323 9608 2438 2684 2164 9136 6210 5894 1830 5112 9195 8939 1746 5127 8204 7518 8895 4591 1841 9137 4837 7210 5259 7297 6222 3949 7446 7811 1243 6725 7583 3160 7903 2445 1087 8168 3774 9633 3096 5123 5531 6319 9584 8720 6020 5115 1877 9567 6595 6182 8768 8387 2418 9180 9932 8340 1765 2434 1850 6660 6703 4586 9544 1564 9431 4816 5026 3328 7550 8642 7680 1299 3763 9631 2078 4198 4995 4210 4526 1146 5787 2667 8609 4611
5827 9364 7123 1896 6483 9508 1886 8826 1828 5087 1503 3940 1778 3094 3134 6530 8556 1297 5701 1140 5618 4859 6849 1612 5901 3267 1292 2990 6221 3278 7940 2179 4386 1108 5419 2039 9835 6566 3202 9769 4369 9914 1410 4681 3790 2466 8484 6749 8264 5413 6760 9905 4313 1587 3815 8049 8217 3595 1634 3173 7152 6963 4426 3214 6706 6993 9342 5656 8686 4817 5479 5992 4850 3583 8403 7359 7644 4734 5024 4245 9721 8458 4268 9325 4578 1414 7648 3093 5042 4137 9436 8335 3315 9870 4436 9721 7274 9145 9074 3669
2089 9929 3174 3245 3054 1953 5406 9559 9024 3101 4223 7208 4467 1525 9251 7577 2024 8936 6680 3452 2195 4411 4368 4369 3919 7739 7121 3140 8160 2546 5535 5044 3666 3740 8974 8553 4167 3139 7646 5522 5998 9484 2813 6706 5937 8806 5677 9462 4139 7757 1221 7296 2339 9712 2186 9950 7371 5066 7382 1637 6506 3635 7047 2371 5028 4757 7265 2181 4405 6437 1900 4445 9643 9059 1651 9711 1173 5922 9817 3473 2336 6330 3328 9071 2939 4661 6219 5969 9782 3445 3457 5099 9731 4615 1229 3235 8993 5553 7378 3793
3500 4357 9054 5725 1238 7756 6631 4001 3966 9318 9705 8761 2517 1438 9114 3283 3969 5015 9003 1941 5612 4136 5596 7661 4481 7125 5771 6602 9503 7395 9036 2844 7094 4075 6751 7086 5935 8914 3454 5893 2334 3544 8707 1272 6716 7393 3697 1070 5142 4354 1220 5775 6023 9299 4250 1805 5524 4653 2382 1218 4829 4083 9156 6600 1076 3511 9720 2887 7218 2041 1894 6194 3608 7258 5852 7048 7518 9540 4500 1024 3043 6825 5094 6404 9749 6299 8505 9665 9234 1151 7006 7269 4966 8323 7166 5588 6838 4006 1261 8118
9276 1875 5882 4978 9921 5680 4448 7246 8260 1818 5149 3050 8442 4693 5852 6610 8986 8983 8921 6570 3955 2201 4640 9826 5902 8846 6595 5524 4414 9302 5879 5872 2088 9310 7126 8469 3584 9715 1386 9278 2045 1324 1957 2573 3848 4502 3219 9570 6065 3700 9158 2444 6221 8977 6382 5018 3142 9171 6228 2442 2312 6950 4021 4962 6630 1688 4252 7268 9199 3226 8907 1356 4907 1539 5659 1549 5272 9170 2659 7659 4913 9083 2688 7053 7437 5760 5707 3740 3885 9982 1027 4260 6376 5236 6842 4404 1046 9816 9732 2572
6975 3952 3638 7123 2803 1568 9332 6465 3783 5299 4629 3556 6698 3145 9016 5631 4893 4311 9354 5109 6329 4037 4886 9735 6335 2201 4190 1871 6913 4090 6871 6319 8396 6933 4625 4575 1338 9994 9862 4167 5033 7493 9439 6738 7049 8318 3400 9787 6077 9009 9613 7881 2021 7284 3450 4019 1738 2329 7888 1563 1195 3177 2235 4890 3345 5698 8840 7958 2614 9629 4899 2056 3926 1963 6251 6307 9429 7709 9467 8634 1472 9423 6366 9851 9027 4598 8029 4423 2904 2330 7885 7165 2701 6911 9089 8759 1080 1875 1812 5480
6573 6230 4442 3174 1869 2521 9865 8737 9070 1526 3440 5236 5259 2042 5318 5113 5576 9820 9706 4813 1899 8714 1356 2055 5353 3441 5124 4634 3117 4598 1529 7043 2114 4102 8711 7424 4597 6753 4432 4592 1197 4886 4373 6531 6955 1630 6628 8402 9226 6881 7046 7537 3917 5832 3846 1994 8500 4645 7983 4648 3530 3889 7426 1269 6054 7636 4597 1988 5778 6457 1767 7329 6991 6713 1266 9633 9004 1929 7139 8805 9022 1262 1010 5814 9435 4638 9625 5718 8167 4286 9929 2715 4197 1172 8635 5663 7936 8585 7485 4359
6701 3005 3766 1724 5836 1767 3471 2992 1078 1900 1224 3385 2298 1595 5624 1590 3004 8707 4325 2459 1496 6037 9201 7961 8965 5108 9076 2380 3990 2796 7417 4897 4842 5754 3715 4145 1633 8034 4797 7759 4495 9345 2443 1260 4152 9062 1860 4533 8840 8906 7009 7217 2734 9887 9263 7834 6217 4281 5103 5510 6781 4387 3286 4284 5960 3348 2187 5464 2804 7136 5627 3496 1877 5719 8667 2056 4560 2438 3097 1421 6269 9737 7722 1034 6481 2607 6211 6516 2531 1732 7177 8937 9792 7477 6477 9698 3955 5569 8225 3703
8528 5946 4737 9378 4740 5687 9430 3405 7500 8897 1296 4347 4833 1012 1845 3229 9807 3864 6177 8729 6793 5126 4280 5001 7010 4025 6147 8926 7972 9506 9101 9928 4639 4391 9059 9696 1585 8127 7169 7081 3079 3204 5850 2948 7958 2494 7720 9305 7493 3646 5346 5078 2746 5446 2850 8004 5819 8598 4940 2251 9775 4842 3707 8586 1710 8363 7542 1921 9779 2407 8039 3738 3223 1678 1329 4822 4662 1968 8900 6114 4888 3219 3557 6368 9418 2057 7951 9783 6499 9393 1024 4526 9384 3179 7065 3253 3020 5351 1222 1359
1067 6757 9347 4675 7239 4397 7347 8285 6365 7382 5835 9589 5100 4167 6402 9078 6887 7930 4357 4217 7014 6595 5112 3597 1765 8870 3098 2011 1732 2912 3898 2647 6502 4627 4309 7707 7536 5742 7103 5389 2302 1004 2512 4829 1579 1572 3379 2874 4135 9392 1794 2938 6420 8725 7430 8226 2415 2432 4079 6452 7545 2041 6970 7551 8691 6737 5991 8308 1231 5314 1515 9234 1720 1444 5654 3636 7796 7436 1290 4763 5110 2556 8424 1965 7018 8356 5913 5258 6299 8941 9069 7600 6176 4687 4796 4361 7327 5641 4215 9002
9757 7636 8851 1046 2410 7248 7157 9276 1306 7394 8967 2593 8604 5352 5591 2262 2149 4231 6593 9435 3154 9310 6678 3545 7244 4057 1956 6402 5292 9669 6270 2330 3282 3312 2809 8862 6741 5427 7847 9091 4232 2669 7380 5794 6286 3936 8287 3849 2836 5022 8168 4898 3397 4216 3684 9235 9804 7586 1414 7548 2707 3609 5688 6199 4384 8013 3179 8161 7161 4101 7023 7938 9674 7623 8908 2273 9977 8794 4266 4972 1407 5378 3928 5035 5472 6111 2549 6591 1765 5484 5075 8801 9394 6650 7869 4613 3803 4750 8998 8298
7276 4134 5170 2903 3381 1534 6180 8885 2754 9267 7671 2081 9433 4010 6934 2578 7525 2043 2480 9099 7734 1511 5476 9825 1786 1868 4478 8772 7565 6099 6204 4311 3757 4081 9899 7817 6166 3831 9505 6916 6038 5656 6082 5365 1460 9111 1936 5992 6530 8442 7585 7530 3196 1347 9676 7958 7671 2952 3142 9129 6800 1386 4058 3997 7548 1897 6261 5280 7810 8381 3263 3683 9391 2358 9938 3972 2480 8325 5616 2263 8772 3046 4129 1619 3183 7352 7580 4557 9798 3797 5534 7468 4532 4024 4527 7550 8151 8337 7355 2959
3870 9765 9772 2461 9025 3617 7309 2618 4967 4109 2865 5321 6985 5700 7785 8683 6437 9005 5461 2981 2062 6606 8063 2003 5424 5131 8687 3901 2213 3848 9686 5343 5421 7569 1651 1622 3521 8913 9124 7614 4006 2588 9731 9453 4997 5557 4303 9999 8108 2775 5204 5814 1680 3612 8460 3737 8114 6320 5635 9296 1087 8248 2227 7516 7408 6033 6318 9301 7301 5431 4248 8865 6665 8506 4913 2924 4724 7941 4735 1109 1288 3905 1549 3066 8644 5562 7260 7632 3073 1879 2063 5634 1366 9446 5317 3058 6292 7094 9082 6336
9283 1090 4296 5282 9378 7379 5912 1395 6167 8916 2607 5681 2042 1275 3199 3019 2118 9584 3009 6241 5858 1967 8815 3588 8155 5110 1291 1188 7287 4704 1421 5405 9983 3193 8057 6298 3082 7779 5411 3122 7697 6585 8559 6757 3059 9537 2205 8005 9380 8635 7037 5414 8887 2668 3091 9963 2158 2164 4153 5243 3274 1612 1654 9495 6800 9685 3261 7475 5052 4150 3594 3289 9291 3387 5052 2145 8919 5732 1396 2276 5822 3850 5075 6640 3935 7548 3702 1218 3401 4871 2795 6869 5434 8680 4106 5278 3975 9723 1595 3390
1124 1121 9205 5354 4724 3305 7094 8414 5072 3095 2805 3795 9366 8121 2104 7437 5332 6023 1825 7345 3063 4768 7169 1047 5738 1102 5951 5601 8490 1749 1547 1459 9144 9690 6861 8731 6768 2368 1271 1005 9191 9475 1251 3505 2669 2673 9064 7224 2140 1980 4582 3382 7841 9776 6067 6755 7575 5686 2735 4581 4708 7971 5485 2268 3192 9707 9982 8750 7040 6559 8954 1386 4537 7308 9324 9220 3264 5721 2421 4188 8082 2082 9758 7794 1558 8966 1900 1902 3861 7831 5734 1153 7339 9704 9600 6536 2060 5972 4207 3663
3396 9364 8267 3393 2472 8454 8892 9866 7964 8051 8955 5671 9723 1594 6161 5252 5126 4944 5365 2825 9060 4812 2878 4220 4378 2473 6770 4972 7445 3365 1507 5699 9804 1316 3983 9156 2854 8348 3764 5973 9863 8667 7017 9662 3207 1994 2810 6678 1674 9982 4269 9892 8414 6430 3479 2152 4316 6249 7853 1018 7264 2790 4712 9606 2479 3974 9044 6746 6176 3528 3311 9531 3131 7557 5035 3967 4628 8126 1619 1973 9489 4531 8083 2991 5469 7154 3942 1922 2633 4573 2496 3490 3164 5557 2984 4149 7388 7358 7927 1221
4271 6706 2434 3075 6803 3418 3995 8203 9391 9601 8098 3849 9890 8442 8987 1936 1047 6706 1543 7760 9084 2403 2070 4834 6360 9035 4193 1932 1303 1162 1745 6315 7893 4920 8582 8189 4269 9312 3221 3692 5442 4496 2370 5376 6553 6293 7656 9855 7336 7276 9389 4506 6416 3374 6357 9502 7633 2220 7532 7483 3512 9329 8176 6982 9140 4807 8015 2791 8645 4307 8639 7362 3228 6846 8444 9352 7471 8802 3910 8346 7072 9203 7059 3487 8222 4326 1000 4419 6825 6044 7056 7014 6197 3580 7997 1175 2291 4593 3712 3777
7803 9480 4086 8995 6433 8743 6593 6877 3687 4098 5148 5940 7163 8337 7963 1887 6825 8210 4472 1370 1284 8348 9109 8268 1084 1459 1921 6645 8050 5522 1548 2528 8973 2335 9083 7960 1503 6109 9559 9847 5630 9841 1006 9935 5710 2067 4425 9445 9869 3201 3345 5124 5019 7817 1852 2832 8890 6097 1337 2672 7941 1942 3505 2049 2252 4219 7313 1041 6621 4824 1320 6978 4493 4615 6001 1772 4208 1564 6686 3503 5163 2523 6817 9686 6486 2361 2808 8249 4040 6275 3729 6124 9824 5609 3195 9746 3072 4274 1517 8092
9536 5998 5284 4561 9902 9600 7748 6385 1308 2070 8160 4758 9179 8035 7622 7244 3393 9247 2309 3334 2746 7824 9936 5139 5500 6163 9969 9596 6928 9814 9374 8755 6791 4232 3219 8990 3835 6748 9127 4870 9299 1321 6741 7931 1881 5519 3348 8076 2601 7732 6581 8142 2389 3706 4968 8207 5972 5940 3051 5260 3044 7076 3402 1192 9074 1920 6082 3629 2132 9847 2845 2257 9432 3975 4358 1459 4153 3981 5230 3883 4547 9522 4044 8607 4298 4445 8799 1222 7253 8480 1159 6945 9624 2371 8412 9965 9290 1902 3166 8804
7196 3648 9791 4918 2143 8159 7720 7098 3183 9441 5590 6590 3272 1880 6841 8960 7188 7923 1383 7407 5943 1483 6789 4566 6134 2507 3463 8397 2987 7305 2382 8948 7839 9700 8135 7973 5953 9949 5791 6533 4250 1334 1682 1128 9857 4079 8829 8412 2849 8796 4824 9648 6873 1586 5974 1401 3261 9220 3916 3745 8094 6022 2462 9842 1734 4604 5619 6993 2992 4608 3091 7914 5733 5749 5487 3137 9352 3442 5531 3322 2767 5791 1243 7329 1757 9544 4779 7247 5654 8031 6819 2520 5241 4366 6924 4724 1006 7178 1133 3663
8225 3729 6523 4203 7802 8293 4406 6198 6409 1677 5223 1704 7528 4341 1879 7900 2057 7198 8319 7372 1948 7905 9681 3584 7414 5934 5716 5890 8975 7657 8770 9612 7979 3502 8176 8140 8034 6940 6127 6222 7542 7974 5114 9497 8220 1330 7692 2326 8797 7807 9348 1754 1122 5645 5324 2978 9255 3468 2529 7317 1353 1271 4871 8860 4881 5000 5781 5522 5236 5860 7282 6810 5876 4104 5881 1910 7005 3865 5702 2513 1559 6005 8302 3862 3578 9623 9115 9692 6780 6581 7875 6558 3812 9869 2405 8986 6863 7886 4034 3822
4872 4290 8644 2811 1201 5384 8149 9914 9319 9210 5556 2065 2297 1226 4566 9088 2340 5835 2104 2801 9676 7063 3731 6798 3400 2098 7940 3336 5755 1540 8857 2888 9999 2190 1722 2739 2287 7169 9488 1445 2901 1916 1404 2207 8744 3849 1662 3689 9657 3295 7843 7755 4640 9983 1586 5806 7405 9498 6129 4569 2362 1960 6646 4679 6916 3665 9509 5441 5120 6914 5612 5149 9177 9417 3217 8963 3370 7318 9371 5407 4361 2185 7945 4573 4058 7340 2963 3564 3779 1935 5563 9172 2996 7382 7570 6538 1674 8133 5980 8521
6190 5351 3841 8931 1400 9248 5611 3444 1574 6468 8633 5739 9545 5842 3384 9439 1912 3747 3580 9851 2770 9120 1080 5128 9022 8357 8101 7922 3726 7101 6804 3878 9734 2768 8070 7044 7741 8587 6469 1146 4329 6785 6262 4986 2415 9083 1339 3893 4535 5268 2387 5633 2374 2264 5318 7416 2592 8475 2799 1521 6176 3622 5114 1342 7463 9609 5167 7005 3766 9678 6723 5783 5344 8219 9799 4370 3230 4184 7076 4404 9887 6921 9334 4235 3273 9104 7475 9850 4479 1273 7836 2742 2131 2010 9758 1381 2345 3049 7296 5021
4109 8533 2682 2996 4518 5446 9743 9367 2033 7005 1297 8183 8165 5959 8380 9825 5372 6298 9649 1409 6650 2782 6319 4643 8497 6412 1010 7948 2770 4718 3584 7391 5021 8109 2114 3855 8738 9814 7441 6847 7939 8929 1820 6004 5513 7675 2077 7935 3466 9175 9285 2353 7954 6025 7949 4855 7778 9309 4642 1945 1782 9844 9378 8879 7250 1664 8004 5419 8125 7458 8410 7644 4441 9159 9413 8199 5226 3798 2943 5486 5632 7316 6796 2246 3875 2746 1961 5329 5112 3684 5390 8763 7943 6277 1651 4138 7034 8640 2332 8244
7130 9986 4078 8626 8606 4730 5107 2147 3103 8566 7863 1537 9808 4152 6703 9278 2209 9647 2839 6765 4417 7198 5469 1382 1181 5630 5335 5922 5274 4061 4923 1617 3778 3060 9613 4222 6994 4916 8089 6318 5640 7502 4295 3859 4341 3960 3460 1177 5923 1367 8688 3320 1352 7662 7762 6655 8054 7928 4552 7921 7694 8709 4503 7483 3838 9812 3119 9090 8234 6281 1261 6294 3152 1308 3712 9987 6469 2184 4832 7663 6968 8389 2287 4357 4091 2771 5764 1888 6603 7738 3426 5074 3350 7424 1417 9239 8405 2319 1251 9273
4246 4705 2619 3747 5516 9488 9826 9916 4789 2790 6271 6912 6321 1958 1513 6858 7490 8446 7988 7161 7604 4756 2320 4447 5085 4538 4574 6308 4472 8934 1614 9362 8113 1481 1044 2634 2469 2010 7272 2740 3047 4119 8624 5559 6415 6665 7780 7590 3032 9011 7763 9902 8525 6966 5878 8609 1246 8003 3970 3768 6320 8882 9443 1384 2957 1003 1393 3463 6364 5159 5869 6745 4658 1916 9583 7057 1758 8217 9560 2668 1314 4736 5851 5680 9511 5066 5156 8199 1992 9645 9719 8191 5064 1702 8341 8245 7134 1599 4652 3123
9842 2378 6914 2777 7818 5755 1195 7045 6483 5233 9507 9638 3178 3162 3252 7869 8652 8832 9508 6059 4342 5106 7082 6366 9241 4859 1856 5997 5364 4752 8027 4604 6837 7258 2138 1835 8741 2499 6563 8661 9556 7940 6416 3533 8332 4395 9887 9335 8087 8363 5422 6529 6296 2993 6159 1398 1445 4881 4468 7054 4800 8457 2166 8675 1371 1295 1042 3197 4211 4052 3183 2698 5999 8227 9316 7907 1351 5652 4917 9847 7009 2296 1757 9097 6508 2048 4322 2468 7888 7266 3228 1986 2111 6093 1963 4782 5453 7557 6059 9106
2969 7929 5957 8648 7461 1296 3248 3792 1091 5639 8480 4744 8593 3081 4399 3771 9445 9509 8442 3647 3856 4185 6384 1033 4637 8606 2051 2393 4712 2837 8593 3297 5708 8962 6476 2858 4239 8178 2582 8273 6130 9344 5966 2040 9606 2955 1084 7686 9084 2764 9333 3577 3165 2500 1411 2554 8640 5334 2520 1987 4572 3895 5079 4839 3925 1220 4839 4495 3801 1847 5727 5442 1360 8432 6319 8366 2376 1724 9788 6411 6811 8512 1071 3141 1351 7858 3427 9017 7876 8255 1830 1965 6959 1081 5964 2725 4929 3434 2596 6546
1294 4458 5611 7331 5632 4178 1134 2389 6783 3814 4252 8959 5332 9627 5132 2867 7279 8097 5556 3460 4330 8985 2768 2490 1268 6994 3035 1757 6596 9766 3323 7306 7108 8577 9439 6100 3309 5291 7965 6597 6906 5759 4596 5224 7357 7835 3517 2603 3694 2540 4604 4887 4813 3887 5971 1667 4450 8601 8700 7945 6697 5895 9226 9814 4296 1653 9863 7900 7402 3397 7914 4317 6203 2973 8913 8102 1881 2298 8019 8560 6869 6954 8569 1531 8913 8299 5184 6650 9662 9145 8326 7739 8822 6050 1115 8529 9528 3502 3292 5923
6672 3642 5109 9714 6506 3035 6229 1141 7942 3933 5964 5523 6040 1255 6326 6033 2965 8869 7152 7343 9848 6607 9335 9604 3114 9625 9799 8419 8472 6470 9700 5390 9773 1119 5192 6456 6640 9902 3396 8363 2877 4065 5036 2368 3255 8057 8674 7696 1526 9704 3602 8874 2599 6001 1887 1911 5588 5351 8694 3823 4921 5612 3387 3715 8940 8757 9291 8599 5552 3839 6923 6396 1553 4872 4072 9182 4507 2686 5549 7280 8638 9734 8286 2577 1088 2817 2398 7244 4394 8013 5608 5415 6463 6487 2299 2914 7267 5290 9017 2008
3013 3893 5859 3563 9908 5002 6797 9372 1839 2631 7960 4612 5571 6540 2008 9519 5636 2198 7797 9261 2054 1729 4206 5327 1741 5091 2363 2886 1472 4127 3035 5087 5088 8787 8123 9596 7177 5670 6288 8831 9880 6474 5173 4142 9237 2747 4030 4718 4838 5705 4575 1400 6371 2312 9389 6402 7910 3025 8506 8536 8129 3942 9568 1943 2028 1751 8330 9435 7051 2062 1294 2268 4590 8764 3866 3288 1928 6994 3788 8351 2011 6465 1034 9618 8989 7380 2411 2014 5391 6026 1498 7464 8307 8218 7805 1236 8378 7470 7434 8431
8654 7722 3676 5611 3453 5122 1379 5945 9744 7342 3754 9307 3047 6553 1614 8991 4868 7312 8278 1615 3876 5507 8024 3578 7965 3566 9429 4203 3311 3832 6266 6208 9365 7153 3113 3419 2213 2167 4424 1529 9194 6182 7746 2675 1337 1083 7960 9350 5066 5834 6997 1832 7395 8587 5977 9849 7270 5037 6718 1382 7132 2058 1935 4435 7817 8970 5419 2332 2699 8416 3804 1134 6585 5116 9676 6800 2692 1543 9058 6533 6821 9500 5477 2442 4332 7567 2385 6482 2085 2666 2178 1055 3053 1083 8674 5789 3206 9485 4208 6799
9388 7429 5323 5445 6329 6237 8459 2137 2285 8892 5804 7847 1889 9984 5885 3679 6350 3043 5915 2126 4278 9678 8636 8028 3787 2497 7876 5974 5036 4724 8249 2363 8124 2458 8388 9672 7218 3744 7822 9473 8018 1680 7762 5147 4529 2166 2777 1043 9732 5984 3307 2025 9824 7498 1919 7283 8443 2587 2903 9476 8479 7490 1622 3682 8801 7383 4765 7588 9324 4080 6781 4380 5647 4232 6105 6550 5828 9104 2231 2558 7044 8877 2608 1248 8544 6943 1566 4730 9590 8122 2340 7491 2399 5321 1630 6795 2348 5516 6166 8304
4212 5285 9405 5708 4297 3254 9336 6445 1527 3726 2979 6196 8584 2527 2473 2435 3342 4753 4341 4841 6258 3413 4531 2184 3413 1352 5382 1227 5787 3444 9662 5157 7084 7536 2729 5274 7852 9137 9831 1317 2356 2626 2460 4046 2032 6198 3617 8675 7264 4152 3995 3412 1859 1557 6669 8392 7977 4417 4645 6144 7002 9852 6301 1014 6793 2309 4797 8012 5294 8246 8335 7924 6284 5833 1848 9810 1268 4566 5601 6418 5902 1570 8346 4689 7574 7503 3028 3148 8143 9495 6662 7181 3099 3588 5643 7921 3160 1748 7496 9773
3717 1443 5471 9402 9084 3275 9887 7821 9622 1000 7934 3288 2225 7742 5211 5791 9715 2034 4177 4543 2435 4380 2722 6114 5944 7012 1195 8568 7933 5475 4533 4528 3010 2295 3624 8244 8229 7421 1334 4678 7942 5666 7861 6987 1733 2483 8480 1244 2548 3857 2228 6360 2497 5379 1024 7233 5801 8378 4321 5396 2289 2208 8819 8656 5556 6175 4138 7660 5795 7342 8283 9714 2538 3658 8791 7348 6269 4291 6540 4559 6297 3075 2992 4096 2662 9535 5296 3633 4207 3214 3167 6248 6232 3322 8706 5260 6012 8508 9159 3073
7451 4840 9104 6495 2815 5911 6286 9773 4192 7124 7694 7660 5049 9703 4710 4730 2286 4198 4191 1394 7010 2658 5579 3134 5672 2651 6834 7793 3482 5823 2986 7009 9710 8384 2240 3077 1729 3933 7333 7375 6824 4535 4339 1263 1691 4915 3516 9175 1560 4681 9903 3990 7259 9906 4887 6800 9278 4294 6089 1918 7402 8091 5561 7373 8439 9298 9843 2955 4709 2034 2325 7517 4617 2830 8180 2585 1001 3878 9592 8352 6963 5856 3796 1412 5408 5175 3376 7156 4923 5845 6744 6152 7067 3023 3905 8630 1206 6053 4395 7419
4378 9837 4708 4854 9692 8930 9731 1065 2338 1300 9221 6313 9807 3803 3310 3234 7669 3501 2579 3865 5248 7561 6465 6123 2616 8102 5925 8472 7650 8587 7007 4732 6677 4791 2084 9337 9608 6956 2268 1724 6510 5880 2165 4204 5857 9887 8807 1122 6673 6510 9178 7513 6927 3600 5099 9763 5202 8736 2904 9241 9585 1173 3798 6129 4599 3652 1268 8642 4492 6696 2050 5850 2723 2031 8106 5862 5250 6687 8540 9604 3905 6266 4449 9707 8490 9655 1608 6852 8384 5553 2848 5194 6895 9014 5796 1254 8104 2024 7899 1918
6179 7813 6226 4057 7609 6742 6495 6434 6031 4472 5479 5784 9618 6806 2991 9469 4934 6181 4769 6529 6279 1610 7154 9570 3005 5753 6057 8212 9284 1452 3109 4788 1997 3313 3513 3403 5975 8123 5072 6615 4963 4958 6888 1095 9249 9685 2672 9659 4137 2958 4466 1372 2380 5772 9015 9563 9392 9194 9993 6262 3135 3732 1645 3969 2335 9082 8388 5426 9368 2180 4203 3236 9663 3491 8173 2112 4181 5167 8659 9245 6769 7019 5018 1652 5067 1049 9660 3486 3637 4264 7027 7991 8238 9704 4468 4488 5179 7180 6781 9955
6290 7711 7599 6726 8701 1702 5876 3909 9635 9221 3530 2809 1600 8593 4459 7267 9677 4297 7876 5763 2772 5885 9818 7427 7322 5649 8193 2197 1484 7961 7504 4656 5353 9668 8155 3551 7445 3367 2587 4001 9269 6151 6199 9054 4471 2586 3049 3517 8052 6235 9737 5089 7620 5026 6489 8387 9553 9315 7404 5332 5108 7186 3895 8210 2698 5665 8864 3649 7506 6743 9803 6266 1676 9114 3832 1471 4658 9192 9663 5810 6317 1141 7121 4102 3438 7519 3317 5396 4085 9822 1756 4803 9456 3940 4646 8395 2804 5931 4094 7141
2762 8252 3302 7043 7819 4802 3142 2123 7290 6222 6340 9077 2305 4770 7874 9197 8676 5532 9604 6588 9631 8497 7358 6081 3622 1818 1341 9829 4512 3212 7598 7395 9466 5546 2021 5309 5880 3195 5273 7500 1411 2015 6856 9915 8854 8609 5157 5811 5709 4821 2600 3578 2090 5514 6525 8915 7448 3475 3587 5505 5495 3111 9623 4034 1299 2712 3122 9915 1927 6144 8398 7596 9931 1884 2437 4295 7767 9034 3586 1760 3959 2489 9369 6629 7413 6605 8309 8544 5093 9420 3945 2278 2244 3334 6629 4847 7119 1008 9374 1628
2126 3038 7634 5330 5919 3263 5116 8891 7777 3918 6466 9322 1924 9774 4772 5049 9962 3044 7908 3625 7863 7987 9300 3460 7565 4425 8632 5307 4610 6176 4601 9965 9614 3090 7818 4181 5242 3366 5406 4250 1149 1907 3067 4238 5242 8991 3644 3687 9837 4347 2039 9501 5550 7556 1089 5651 3452 7995 3020 2108 6446 5180 8985 2064 6098 3102 6797 2276 3519 4256 3780 4435 5491 9526 6117 3377 5917 5252 3340 8303 2313 8341 4315 7753 8057 3590 6365 5455 2637 2676 3099 2695 9138 4923 4566 7648 8684 5739 9798 8981
4221 8479 1116 1284 7550 6116 5369 6483 8987 9655 2523 1209 3189 5780 5245 2843 2222 1483 4243 6287 1140 7954 8216 7974 1906 1272 6363 4662 3360 1400 1270 3230 1987 2736 7293 2936 9020 4052 1492 3497 3533 9661 4586 4172 9809 9048 4984 2629 8424 7874 3530 1552 5214 5165 8433 1049 7919 8293 3147 9555 3274 1316 5936 9405 9443 7965 2079 4230 7949 9180 7639 3666 8657 4684 9003 1870 8951 6913 9109 1266 9827 5364 3992 7149 9362 8391 9529 2349 6834 7787 6981 7472 4227 6036 7708 6262 6423 1821 8077 6404
2381 4434 8332 8809 7511 3818 5914 6189 3337 4839 1879 8887 5363 3285 2301 1709 7856 7738 9321 4716 8383 6302 3974 1237 2314 9569 1071 8899 6973 6615 2688 1153 7449 4402 6179 9810 5230 7132 7908 2449 9830 5145 2157 9701 5955 5812 3819 1221 1251 6578 1264 3441 6199 1889 1746 4626 1395 6027 2556 1153 5139 6031 5507 5601 9238 8145 4777 4812 1970 5981 3078 7678 9509 9075 6356 4420 4198 6415 9035 7252 3705 1389 8930 8207 2090 4397 9445 7032 9440 5245 4107 7321 1157 7519 4177 2724 2627 6960 3394 8662
6631 3120 4988 7824 7627 6705 6733 9597 3705 3342 3915 2388 8184 3809 5790 3321 2146 7812 6281 7598 2241 7027 8819 2947 2163 8757 7025 9610 9072 5784 1883 6845 5772 5506 9623 3552 3501 3575 3529 3821 5230 2717 9530 9118 8209 8726 3440 5155 3084 4305 2787 9452 4867 3001 8271 5982 2370 1490 6554 2721 5251 6436 6817 6960 4631 6229 7839 8827 3889 9941 7500 7875 9637 5186 6213 8506 6711 2083 5723 7150 5374 5665 2517 2602 7188 9757 6456 4046 5976 6539 3758 8908 4550 5560 4899 2036 6918 8369 7533 4179
3816 9848 6533 8955 4333 8681 5367 4206 1737 7814 6208 9877 9068 5737 9581 5237 4012 1132 2531 7302 9790 8727 8171 3227 3638 3835 1040 5506 3378 1648 9595 1806 5268 4790 3649 3351 4081 4654 3063 5089 6088 9787 2954 9499 7263 2257 5255 8944 2431 1721 9896 5569 4579 2475 4505 4293 4986 7690 2958 4820 9666 8263 4820 7470 6276 9486 4053 5807 5325 8220 9137 3906 2508 4112 8141 4604 5159 4698 3312 1929 7178 5672 3199 1871 2380 9008 3971 1556 3636 5047 7574 3562 7894 2393 1952 8055 7911 7435 3309 2313
3039 6695 7352 8133 8864 7960 6465 1830 9453 7170 6989 7444 8692 8760 5686 5572 8972 5150 2036 9687 4477 8169 3604 6029 2343 3975 2344 8607 4986 5099 4982 1834 9197 5094 9470 8848 1171 5034 3332 1129 1076 6503 8933 9963 5789 8356 2450 6555 8475 9230 1645 8323 8683 5488 1145 6321 5094 7582 4186 8618 6841 1523 5952 7974 4184 5027 9875 6947 4864 7882 5362 5856 6659 2426 1892 4686 8933 1691 6094 7204 7081 9584 9304 8158 6781 4508 1645 6259 1752 3738 6114 5869 2050 3706 1386 7645 4453 3334 9804 9677
5947 6958 8964 1619 5076 1097 9376 9974 1269 2984 7475 3813 9599 2875 5226 9353 3284 6868 6864 5539 4438 6019 4047 3861 4216 6528 4705 4776 5058 2793 2500 6910 7087 4364 8562 8066 7609 4738 4776 5574 2495 8087 7407 5031 1473 9696 5518 8138 9549 8438 4163 9586 7603 4500 9413 6221 2045 7243 6482 7061 6068 9577 5442 3595 5600 3622 4589 9262 2221 8194 2891 2830 1507 6130 8480 7712 1136 4177 3044 4909 8582 6179 9245 5204 3911 7778 7145 1053 1238 4912 9448 4038 2906 6483 2350 7984 1825 1685 7020 2422
3990 6986 5742 7646 9845 6294 2125 9846 6123 5495 3622 2226 6046 7177 8828 6419 7061 6314 9469 5913 7690 9452 5593 2162 2248 1658 1933 2387 3876 3205 4201 6337 8387 6512 5532 3093 5687 5403 9975 5339 6706 5078 6248 8232 8455 5245 2368 7826 8748 2498 3391 5788 3625 8417 7095 2599 2090 5184 2615 6482 9731 2663 6642 7811 3286 1711 9098 9518 4146 5214 2392 4025 9823 2051 2042 4893 6157 6938 7751 1850 9383 3756 1990 8525 5750 6816 2192 2857 7949 2448 2838 9141 3040 3583 9987 2615 8607 10000 6855 3783
6765 2122 6383 5156 9569 4909 8729 9342 6497 2207 2229 1820 4319 1836 9654 9139 2093 5044 1892 2355 1278 6345 6602 5839 3837 2785 9125 6427 9741 4062 3382 3145 8798 5594 4282 3625 3282 2999 6372 8918 9214 2402 2216 3525 3256 4475 1333 3463 3720 2896 7410 7941 1924 3961 3692 2012 5977 5868 8120 2129 9903 4218 4835 8937 5696 4322 8857 6693 5217 5632 2924 2239 9006 6842 7564 8705 4392 1839 5389 7783 2816 7212 1409 8800 3909 1936 6707 3751 3544 7249 9868 1198 1911 7607 6806 8722 5916 5080 1028 4909
8564 3506 4667 1045 5628 2676 7529 9819 7511 8806 8176 3398 2029 9674 9689 4309 8832 3678 8967 2375 6860 9115 3604 9883 7337 3947 7959 7331 3063 4018 8698 1945 5416 4534 3095 5964 9698 2107 9304 8365 7449 5476 5864 3109 4304 6335 8941 8140 7962 3948 7905 7313 5562 4851 1368 9677 6024 7939 8632 4207 5565 1159 7677 6918 5255 2781 6037 2097 1415 9386 3793 10000 9084 3429 3779 3716 5082 2485 6127 5119 7889 8793 3233 7314 1654 8617 8738 3056 7428 7574 7943 9267 2537 3533 5252 7216 5104 4606 5530 3612
9265 9727 9926 4138 1284 1970 2659 4497 8565 5029 1788 7770 9780 9550 7340 8354 1102 9379 7282 5276 3777 7474 5513 3781 2257 1626 6432 4289 2920 7281 3545 3471 7265 8753 2789 8117 3599 2746 1782 3977 6404 8428 3159 3195 8934 3984 6322 4087 2996 8210 1065 1333 2050 1664 3075 6206 5973 4574 2737 6696 7145 3398 1799 9187 4597 7849 3129 1609 8226 8055 2151 9727 2085 9482 8034 7620 4166 2112 8085 6185 6982 3558 1793 9732 9740 7458 9375 6497 8217 7256 8546 4942 6585 4355 9281 9423 4742 3987 9041 1372
5124 4607 8036 8113 5280 6836 7275 9660 4894 1955 4431 9204 6868 4320 8036 5266 1733 4856 3377 2048 6298 3230 3645 7681 6229 1207 9941 2205 8966 1226 6199 8717 1614 6556 8406 2529 9565 7919 2150 9702 6571 9411 2334 9294 2001 1070 4302 6301 3276 3309 7624 6082 3036 3862 8617 2383 3165 5000 6935 5456 2572 9908 6237 1381 5534 3710 6143 8667 4464 6937 9373 8440 3794 6943 9174 7836 7724 5436 4297 2844 5127 8290 8856 6110 2624 2255 2388 8244 6106 9628 9836 4115 5499 3641 6537 1736 6632 6981 7210 9631
7064 2224 8878 5366 4897 1884 9523 1307 8004 6981 3468 8810 3604 4038 4587 8882 9738 2053 1210 3141 1722 9115 4914 5577 6370 6474 9462 1342 8150 2155 1343 1502 1874 9145 2389 2213 8170 8647 3977 4159 8191 8206 1042 4285 6046 3409 6665 1843 5648 3526 8394 5243 4383 8358 6472 5073 2035 9743 7899 5875 2140 1224 7812 4738 3854 7200 1131 3108 5041 7288 7441 5533 9111 1231 7863 7969 5944 6043 4212 1742 6025 5277 8966 3585 8762 8918 1087 3564 7062 9476 2378 5915 8234 3912 8605 8322 8772 7277 3615 4726
6846 6667 1868 8008 9770 8664 4685 8348 5905 2494 5535 8456 6724 1527 1703 2801 1809 6606 1699 2032 2656 6430 4624 3772 4571 4865 3802 3836 7914 1631 8601 5507 1839 9673 2158 6506 1164 3700 2224 9606 4273 4503 6490 7278 5316 6707 9752 9577 1092 9232 7100 2332 2602 1771 4851 8287 7568 9145 1519 5437 1742 7217 7879 1628 4659 2978 8963 2344 5177 6411 7185 2778 7576 1538 5522 3720 8865 7095 6481 6201 2476 3976 5154 8502 1465 3486 9946 3345 1514 6040 3481 5304 7068 5014 3303 2402 8480 5542 3563 3331
6272 4530 8312 7602 8329 9432 9049 7965 9740 4651 7625 6337 6305 7719 8235 4728 3103 4242 4528 2217 9194 7627 9906 8547 9701 3849 4318 8052 2574 6492 3573 8057 1464 4702 1070 7728 1320 4676 7044 1798 2303 5955 5291 5089 4789 3276 9254 9029 9440 4446 8437 1352 8038 4439 8539 4821 9371 8755 6096 8193 5028 2799 8529 8552 4904 3231 3570 4077 5430 1691 4252 1498 6214 7128 5510 9311 5802 5437 1373 8597 3143 8144 3978 6982 1919 9805 6387 8220 2521 3473 2304 8101 5387 7234 4933 4596 6734 1691 9731 2929
1364 8175 5427 3236 8336 9981 4132 7246 4674 5295 2012 6134 5753 6498 1458 9721 3719 2455 7007 3451 7749 7387 3410 3158 5862 8842 5712 4119 7581 2627 4506 1428 3942 6360 2076 8428 4968 3464 3884 9258 2763 7820 2466 1551 3968 6154 8124 6107 8062 2821 9808 4011 4777 5124 8985 1432 9404 2348 4261 2476 5396 4413 4055 7726 1966 8482 4619 2465 9671 7767 8401 7037 7857 9017 1908 9720 1097 2120 2259 1726 4500 8198 9290 2459 2200 2751 6152 8939 5822 9451 2447 3866 8134 8580 1313 8730 1708 6449 8613 6095
4115 6183 9857 3711 3127 6570 9105 3192 6164 2598 4540 4716 7924 7352 8559 6593 3813 9684 5292 6818 7081 2271 7283 2451 3703 1837 1834 2720 4520 6382 4102 8545 1806 9045 4539 4600 6140 6027 9968 8283 7813 3808 3975 6361 4742 2566 2063 5289 8242 2557 6092 5162 5259 4571 5092 4899 3093 3193 3464 2224 3912 3481 1016 3156 5873 7609 9910 7453 3954 6260 5299 1822 8919 6096 5811 1713 6357 1163 4223 4173 5279 3165 5668 6352 7862 9358 8857 7479 6973 7907 5049 9558 8604 6707 3007 6200 4162 6417 3595 8793
4842 4493 7701 8158 2509 6870 8964 3741 6035 1123 4800 2889 2181 7300 6524 6217 3858 3471 7577 4909 9787 6951 2677 2143 1331 4890 2823 4750 6082 5883 2179 5697 4339 4309 2753 7865 7556 1605 1029 1319 1361 4782 7585 9071 9718 3498 6315 2550 1667 9354 8177 2514 1241 4373 2800 7561 5267 3348 6387 3068 4621 4579 6745 8087 5701 9199 9166 1281 9995 2486 7572 9628 1784 6335 3969 5963 5695 8322 3360 1358 8864 1124 2768 9708 2840 8457 9145 7727 7024 2401 6550 5289 7361 9436 2938 9403 6277 1083 7204 7773
3307 1056 8563 9859 5990 4753 5521 9762 8754 4310 2686 3638 1173 3846 7935 7576 2992 2797 2021 8777 3280 6315 2416 9730 3385 9884 1801 2666 5331 9603 7248 1418 9158 1250 7709 9495 1978 9662 5816 2325 1713 4982 6155 5447 5755 8743 1058 6651 7785 7971 6773 5366 5084 6836 9271 7619 5073 7641 5150 1015 2464 1899 6984 4273 2516 1550 3787 4447 7293 4506 3754 9283 6426 6104 9791 7357 1388 8985 4548 4979 9098 1017 6309 3568 9476 8328 9555 9117 8447 4163 4131 3646 1240 9321 9585 4160 2836 6870 3183 3523
6993 1881 7320 5511 9632 9310 6358 6568 4963 2879 2119 7142 8717 7916 1398 3887 8670 6033 4027 7138 9173 2443 8656 9677 7291 5061 1192 9817 7225 2706 6056 5354 3269 2492 6192 1091 8646 3141 2896 4629 4057 4880 1794 8979 8006 6721 1894 4910 9208 9892 5598 6528 3459 3904 1630 7222 8360 5461 4530 8931 8964 9069 7485 4306 1757 6061 7949 3392 8404 6640 1901 9932 7032 8494 2989 4298 4018 1858 2263 9701 1394 4506 8718 3640 9396 3847 7496 5409 2479 9611 1008 9880 4271 3665 5908 4163 4753 5606 7008 1073
3505 2573 3609 9425 1054 1264 6774 1908 8614 4786 9247 7583 6285 3420 2725 3753 4693 3749 4219 8854 1515 3035 1126 6062 3795 10000 7384 7556 6859 4027 7888 7889 8878 9586 9540 4362 8183 7372 1365 1682 9718 9058 3832 1866 8955 4356 2209 5883 6901 3372 3891 6844 8147 5990 2156 7455 5572 4187 9839 5914 7531 8310 2143 8297 6924 7428 7043 5877 8432 7060 3670 1782 2321 5242 8621 8742 4284 6466 4953 9476 9639 3359 5126 1866 1734 6640 6949 1818 7451 8040 5205 3310 7327 5849 4565 8303 9106 8093 7936 5464
3514 9783 5249 5479 7500 3509 5808 3722 5679 7693 8583 4934 6874 4769 9465 1184 3444 3747 1897 8744 2674 8232 2708 7719 5988 1208 5607 1242 6346 3803 2809 5270 3153 9188 1512 4462 1227 3597 4199 6140 7717 9233 7301 7648 6988 8710 1193 2639 9537 2131 4063 5897 4907 7277 8212 9595 1823 4344 2591 4119 3930 5643 8591 7165 7172 6094 4225 7508 9401 4423 8054 8760 1094 2646 5053 3843 4826 7963 3120 4021 3536 7014 7146 3590 3164 2684 7663 3706 5225 8983 1716 5148 4659 3028 8124 3893 2163 1024 5524 7803
2677 3031 9338 6381 5937 1226 2487 8511 6031 2687 9628 1042 8468 3710 4061 9285 7693 3363 7178 5531 7735 4665 5351 3648 9272 9347 4353 8101 9663 7857 2101 5735 9393 8424 7861 5126 9597 5187 5983 5444 9431 3132 2526 9313 1269 3329 7306 2783 8772 3194 9072 8356 1553 7917 4179 4844 4999 1124 9336 9782 3636 2192 7196 8663 2979 8036 6515 9443 2018 7961 7791 3982 1400 3087 9986 4399 8213 2827 6514 7476 7917 8439 1027 6818 4855 2675 6343 1336 9786 6224 4293 5164 9735 2797 5640 4313 1624 5873 6549 6696
8399 5290 8985 9743 5760 1416 5003 6924 6743 9186 1561 3129 9476 2923 3159 7860 6646 5377 6432 9930 7495 6302 8682 9311 3274 1109 2862 2391 7716 7160 2678 4748 9605 8524 2775 4860 5738 7417 6907 6096 2536 2079 4473 7462 8012 7358 3701 2041 4098 6057 2837 4021 7827 5130 3155 4805 3437 1943 5418 2422 2726 1781 3066 2732 9336 8672 8219 1220 3417 4884 7292 8209 4278 1902 4825 3049 7353 7547 8249 6828 3372 6067 2563 2544 4959 8151 3264 2272 8235 2213 2520 8156 3941 4323 2738 3813 1298 3508 6256 3925
8021 4065 8360 7268 7196 3162 7865 3928 4992 7986 2028 9219 3448 6516 6047 1946 9369 5874 7120 6650 2663 3826 5181 8452 8537 8039 1871 6178 1712 2305 9438 7277 8861 9059 4858 3251 7517 9629 8059 7942 3973 3703 4926 6552 8746 3770 1120 1895 4045 8418 9737 6992 5124 6526 4649 2279 1292 4396 7560 8890 9470 2469 7280 1431 6917 2720 9389 3251 2386 8053 1936 6833 7171 1156 1662 1155 9180 6102 7164 6700 7981 2128 9082 6494 1743 3163 4033 4030 5988 4679 8685 2045 6004 9668 6167 9764 6158 5005 6992 3317
7517 9628 7175 8363 2243 7518 9916 5156 8669 4695 5254 8014 6791 5677 3405 6945 8470 6096 6409 7410 3363 1847 8568 4398 1886 2503 3296 3178 4037 2807 2117 5530 5179 1170 7892 9676 4665 5671 7254 1473 2746 7139 8444 3420 2534 1961 7311 8473 3534 2781 8354 1942 9682 1512 7994 7557 1485 6898 1354 1073 1189 2993 9417 7342 2610 2369 8689 6191 7601 2918 7084 5043 1423 8807 6129 3723 9760 7174 6819 4944 3602 1865 7909 4246 5367 8572 2052 9758 8886 8606 8241 2460 1240 4109 1366 8481 2698 5985 8768 7986
2751 8000 9296 1639 5598 4082 3585 5311 2125 9507 6220 9084 9069 4807 6583 1861 4909 4641 6625 5823 7613 9140 3152 3654 3430 3780 9032 6645 8027 5547 7538 2763 7036 2302 5674 5405 4262 8015 4526 8010 1714 9783 8976 4444 1189 4528 8603 1016 5100 8470 2658 6820 6607 7930 5618 5236 6766 9282 4292 1262 8187 2037 4854 4384 4496 1766 6638 1791 8525 6102 1789 2945 4937 6639 5257 9365 5788 8415 3934 3236 2652 1807 3056 9552 3220 9951 4727 4370 5984 5146 3986 2308 8431 7392 5283 4796 3752 8227 4111 6196
9904 1385 6954 4014 4687 8278 9072 7193 7882 6693 8782 7053 2450 6445 8222 6770 5321 6584 1613 5801 1828 7820 6161 4325 4498 5277 1637 4613 4927 2883 8130 3897 2935 1495 7503 3930 4837 4515 3958 1840 4760 2984 6723 3246 4446 3047 5801 4152 1673 2304 6976 7584 2301 4084 2520 2101 7269 6342 9919 2617 9133 1522 5117 2469 3725 4780 5005 7242 6038 6774 3376 1046 7495 8140 1216 4021 9484 7118 7534 1294 8858 4544 4047 1176 9388 8347 9912 2682 2615 7071 6169 3493 8801 2218 1438 9373 7983 6355 1314 9016
6893 3759 1861 8469 1904 9476 3588 4557 4363 9138 5555 4016 1608 3921 4525 9962 9617 9572 5300 3057 9779 8535 9514 4082 3454 9814 8330 8649 4119 9145 6810 6163 3933 3647 2770 2777 6212 5751 8657 7044 9614 7676 3362 2533 7116 5823 8429 4925 2905 2874 5608 5977 9150 3483 8784 5816 1101 2801 6618 9100 6719 4043 9920 6493 7197 2097 5858 6670 2639 3448 3376 9609 8379 4547 1626 6467 1127 2942 6502 8754 7085 8239 8432 3210 5772 9200 8582 1361 8427 7773 4507 5121 1817 8519 7867 5189 9687 1590 8906 3039
6700 9950 1864 4007 6330 2442 1141 8253 6328 1405 8504 1597 7673 3677 6541 1426 2085 9962 2555 7220 8606 5676 6323 8247 5697 6963 2873 2559 4820 2976 6228 8810 6653 4032 7331 5029 7735 4520 6588 1468 2400 7341 5881 5861 1673 7085 6317 3504 9815 4662 3405 2734 4526 4777 3453 6882 6030 9503 1394 6971 9946 5726 8171 4747 6556 1950 8314 5294 2992 2396 8726 6240 9853 7572 6720 9519 6065 3671 5062 4572 6784 2646 6907 8902 5998 8417 7860 7975 4187 1515 8301 6011 6718 3115 4110 2077 2613 8035 5335 2904
5087 5507 3651 5735 6323 2919 1048 5430 3938 1475 6842 1000 1232 8923 6189 4740 4388 9167 7820 5467 2911 4880 8395 3663 2861 1735 6458 3787 2782 6476 5925 7865 5263 5867 3015 7825 6253 2419 2987 6249 5580 8944 8712 2961 8776 3049 6826 7736 5188 8309 7025 3232 8293 3984 8124 6686 5936 4586 3766 6616 6921 5468 1170 7963 9719 8613 3967 8775 4758 6504 5931 6513 7458 5047 2456 1248 4383 3692 3870 1573 1503 4940 5085 8646 1791 6371 8940 7080 5767 2692 8361 3357 6360 2468 9422 8585 1735 3523 7588 6061
7145 2270 8157 2116 6156 4128 3713 3973 3812 3960 8989 6409 4190 3844 8327 7919 7893 1816 5591 3923 9209 7023 3707 6426 1058 2075 7820 4955 7883 3783 2762 6687 8341 2168 8731 7035 6914 5174 5676 3474 6656 7727 6732 2691 8641 2370 3064 1138 9253 8752 9549 5431 2980 5650 1947 2032 7063 1970 2016 4004 3241 5646 2477 7308 8725 5493 9181 8484 3820 4396 3985 1252 5178 4835 2224 1765 8029 3898 5798 9867 3670 8717 5337 3128 6335 4384 4097 4880 3413 7875 2313 1301 7134 1347 4980 2054 1791 6655 6474 4731
2049 8641 2201 3556 6822 5403 8744 7361 7539 5907 9878 3851 3205 2373 8435 5865 6371 2279 7787 9454 5320 5859 2122 2574 8293 7486 4126 1932 2461 7945 5800 5116 5754 2194 3348 1334 7749 9941 4224 3469 5777 9571 5910 5517 9503 5527 9816 1819 7206 9557 1007 7596 8205 5669 8994 2082 9841 2581 1175 4889 8737 4260 8800 6023 2734 1687 8546 1363 1420 5600 1624 1256 6339 1536 9687 4387 5235 1556 4400 4469 5477 3175 9894 2690 6975 4642 5946 2079 8130 4147 5267 4914 5506 8470 7969 9396 5294 3775 2162 3634
1300 6099 6789 2236 1952 4147 8993 1479 5531 4411 1140 2027 3440 6056 6249 6774 3966 9884 4427 2756 9041 2865 6841 9527 3231 8782 8864 6545 8566 8573 6754 2887 3195 8867 8302 8806 4833 3233 3519 5575 2942 9368 3271 7113 5111 6945 6551 6038 9124 3419 8451 9806 2840 5028 9042 3803 4102 7557 5663 6469 3974 4080 8335 3734 1993 2930 9310 1706 2963 6632 3320 5551 2581 3113 2041 1496 6228 1170 4952 7647 8352 2694 4034 3400 8022 1127 6277 2355 7189 8870 5235 3178 3492 9586 1066 2479 3286 3279 6141 8810
5787 4839 9686 3410 7401 7236 2435 1461 9925 9016 4109 8574 6310 1772 2121 8188 7392 9651 9373 5429 3707 6113 8286 7118 9775 3400 3833 6847 2359 5274 9684 4650 6618 9126 2464 8181 6233 9412 4861 8530 1570 1376 9038 6459 8519 7279 2854 6984 8510 3447 8095 4831 7674 1351 3154 1846 1337 6045 8363 6242 8084 2811 2751 5034 3376 5249 3195 1102 5713 2282 7549 6619 3509 9936 2631 6854 7463 2082 9440 8393 4278 4884 5350 1753 9225 6399 7953 3052 2574 4751 2846 3864 1482 6786 3432 4879 5260 1935 3738 2941
5242 5504 6544 8103 9378 1087 9312 6512 6601 2043 4295 6437 3321 8532 6463 3056 6825 5460 3412 7967 1527 2580 4182 2373 9591 9146 3021 7252 3792 7629 3635 8596 7313 5855 7615 5396 4999 6006 9216 7453 7527 4518 8992 1856 8669 2220 7954 9766 3888 1465 2231 7405 7060 9494 7302 2163 7777 7501 8296 3722 4596 3132 4359 8674 3842 9185 4898 4123 8847 6694 1017 2583 5951 8108 3013 8932 6163 3868 1776 6877 1762 8888 2710 1138 9866 8702 6813 6149 4879 4726 3714 5704 6228 8417 5079 7499 5160 5511 4463 5389
3171 9094 1760 3091 7176 1861 2595 7108 4829 7320 6285 6116 2321 3363 6376 3663 4259 6554 3300 3456 5937 5497 9902 3989 7918 5594 3567 3064 5514 2782 4655 7606 5729 4471 7224 3093 8090 8726 9603 4615 3655 2042 3918 7373 1201 3520 3697 6087 9476 6613 8501 9664 2070 2720 9682 3557 8992 9390 8723 7465 9316 5044 5806 7613 9739 4720 1235 4690 6062 2407 4358 5698 6077 3364 9086 6702 5044 4587 3047 8684 4229 7943 5012 2331 5094 6320 4040 7424 5164 5630 4119 2025 3705 5529 8751 4896 8607 3932 3556 6243
9029 3924 4813 3120 4105 7623 2929 2920 7399 8248 1262 9813 6408 4971 1251 8312 3631 2515 9758 8176 6327 9663 3637 5653 3595 3301 2128 2447 3977 9250 5053 3921 7424 5473 6100 4901 1376 4917 4114 7888 1459 9417 9449 6731 4829 9615 6390 2714 7573 6076 1032 7170 1950 7435 5826 7803 6411 3998 7519 8940 2032 2185 4215 3507 7721 5218 3152 6328 9708 3657 9771 9171 5370 5067 2172 1903 1167 8372 2064 9690 4388 4117 4043 5992 7956 6248 6128 8215 4949 2366 2270 8572 2304 7495 7851 1314 9449 6102 3312 1252
5758 5468 8379 6395 8262 6714 6786 9342 1386 3673 2421 8601 8565 5070 8308 7003 7000 8272 6195 7517 3401 8160 6970 6725 1966 8207 9584 9182 6166 9140 1661 3951 8739 9748 6088 1519 3030 6548 1409 5457 9862 3074 5457 5816 3016 1593 6184 5983 2739 8691 3365 2268 9324 3928 3738 6680 5757 4234 3636 4735 4752 4046 6315 5344 7858 4359 1072 2298 2925 2789 8228 1713 3382 5209 2011 8609 3988 1815 7119 6929 6870 4782 8642 8843 9467 4270 7057 7250 8742 4592 3364 5878 4983 7975 3861 9711 7924 2214 7733 5762
4612 2190 6998 1274 1117 7732 9160 9850 4805 6359 9157 1651 1409 1555 1752 3831 5499 4428 2999 1034 7572 8584 7146 5217 6676 9962 8569 8958 8620 5507 3436 6644 2987 3831 7097 3730 1983 2171 2820 5909 9010 1735 6782 5022 2768 3895 7163 8115 2680 4433 6740 9114 2952 2705 7423 9375 9840 6340 5423 2082 6957 5519 9994 3411 4613 7742 8303 6862 1919 1564 1105 4758 9692 8985 6469 4670 4328 7693 5109 2020 1949 8803 1256 5522 7809 9529 5823 5836 9092 7923 6505 9750 5214 7564 6368 6196 6772 4300 4037 1382
6677 4893 4054 4712 9171 8408 3004 2703 3193 7684 7662 1338 7997 8978 5633 7012 7163 4802 4016 3389 3081 2659 6782 6271 5726 4692 9026 7687 5390 9161 1980 3661 8118 6849 4332 4804 3261 1384 5862 6539 1946 4273 1477 1123 6563 5250 1346 1825 6430 6654 3332 5738 9690 5503 5635 9432 7965 8924 4962 7426 9466 6198 1185 3271 9119 1073 1907 2076 1229 3882 8534 2770 5610 6130 1039 5815 1883 4508 2204 8205 4416 7581 9345 7191 4550 5524 6703 1391 9872 4852 3857 5493 7232 5031 8835 1040 3078 6872 1970 3316
5577 1401 9467 5531 8832 9285 2954 1264 9506 1123 4610 6290 8696 5887 1961 1141 4713 1927 5890 8528 6402 5074 9049 2119 3886 2403 2194 6503 5255 3958 1810 1231 8591 6724 5755 1291 3061 1992 2176 2429 6320 2289 7765 7854 4483 1841 8026 2337 7069 5023 1447 2260 7477 7723 6173 5390 9265 8917 1842 1343 2576 8697 6979 2384 8681 9331 2876 3934 9536 5597 8987 1213 1889 7562 9507 2924 3172 9250 6638 6956 7255 3552 3974 3348 1557 2534 7098 8217 2096 4946 1278 3492 7723 9576 1997 8220 8301 6277 9902 8222
4633 2081 6814 7050 9370 3917 9252 7188 3815 9655 1244 8024 3590 6090 2673 7710 4203 5215 3557 3519 8588 1365 5720 7095 2164 2283 4472 5134 6994 7001 8947 9022 5151 6484 9264 2959 8167 5266 1682 7009 8316 2758 1823 7590 9237 7875 7461 5703 3097 8730 2521 3022 5137 5840 6847 9048 2832 7338 9614 8262 2340 2999 8741 6155 3353 3916 1410 6930 6435 5704 4919 6630 3740 6559 3882 7628 7108 8190 5244 1556 5466 9536 1468 4658 7297 2531 5637 9298 8160 8056 5888 4783 3329 6399 2136 3036 5607 4718 9590 4608
2636 7787 6388 4885 6186 7794 3488 8111 8180 4470 7274 4961 5599 5686 6613 1031 6821 2755 9639 8625 2824 7849 5944 1694 8587 6714 2075 1186 9912 5808 7837 2453 3237 8681 9773 6533 3056 1575 8767 6771 3219 9030 8367 7604 3940 2036 9966 6986 8335 6496 3292 6682 7851 8157 6164 3740 3092 4199 2043 2816 4997 5115 2501 4689 8580 1757 3897 3183 2426 2079 7493 5991 3186 2685 7166 3930 4595 8354 4502 6147 1934 5676 1011 9500 9517 4936 1076 8953 7674 6201 7143 4648 4802 4114 5868 9131 4888 6087 7158 3265
7491 5675 3534 3248 8645 3166 5678 2162 8603 7204 9389 8030 5480 3912 7859 4684 5924 8138 4790 1146 4523 3995 6251 3768 4436 5891 8156 9054 2866 1364 3442 8585 5842 6014 3703 6289 7380 9613 5800 2154 1782 3490 7814 3070 2976 5220 9494 6219 4937 7551 7655 1477 8070 4835 6478 9319 3165 5163 2293 8359 7562 2007 3237 3607 3497 7619 6804 6592 9871 4988 5731 7020 4065 7939 1309 9078 8347 4963 7077 6784 7687 4433 2158 9344 6431 5326 2191 4695 1923 9456 7654 1017 8215 3988 5929 8544 2266 5063 7744 4135
1963 6290 6255 4642 7606 3965 7422 3394 7406 3817 1338 9318 9121 9638 5340 1889 2249 7619 5485 6920 5471 6679 7388 1295 3162 3461 3402 7715 1703 5462 2021 1215 4764 5739 5838 8631 9098 8906 7346 9088 9919 5746 6342 5203 9451 3199 8695 8795 1249 8199 8166 8773 3009 3033 9535 1881 2077 7286 2849 9219 3730 9250 1027 5758 1123 6779 6745 2008 1503 3477 1911 5840 4902 8927 7832 5357 4170 6334 8978 1499 2596 9682 3020 5432 1394 2442 8257 4051 7906 5620 9351 2246 8714 2770 1054 9243 6711 8853 2920 2100
1508 3511 9820 6720 3661 3338 4944 1018 5258 7311 9754 2737 5464 3924 7536 3555 3435 2371 6037 2221 5605 2304 1818 9708 8748 7542 2382 9461 4903 6144 9185 3979 6424 2475 4466 5350 8118 5441 1595 7998 7844 5756 8782 2753 7998 8328 3578 2331 4063 5760 8534 1382 3035 4323 5841 7047 6030 2248 8311 5724 1145 5850 10000 9185 2261 5200 4204 1705 7037 2313 1175 3480 5459 8191 1119 3296 3287 6485 9276 1705 3777 2819 9483 6572 4493 1883 6110 7440 7666 5042 8502 3516 1414 8865 4218 7059 1576 1577 9754 7032
3419 2785 4759 9283 4744 2383 4122 6550 2156 3181 3163 9480 6561 3920 8148 6307 8586 2165 3158 5314 2715 6480 5157 7937 5316 6014 4278 7333 4145 8732 7585 3687 9814 4061 1115 1266 1994 5988 3159 9744 8960 7625 8874 9934 4662 5089 4607 7728 4996 2451 1340 4798 8788 6793 7349 5053 3894 1267 1216 3851 2634 7085 3904 4557 3664 5036 8977 8706 8155 3424 2736 6544 9149 8612 5933 8265 3729 3148 2171 1459 9476 3491 1592 2587 3356 1249 8550 3739 3511 5687 5328 6853 8059 4401 6319 2838 7419 6124 3809 7772
2786 7255 6431 8713 2504 3375 5851 5527 8581 5396 6407 3894 6745 7178 3483 2208 9912 8247 3647 1329 4217 4494 4473 6466 9550 4819 6496 6901 1544 1349 4408 8805 2320 1698 2247 3590 6353 3640 4168 1106 5865 1846 6586 8667 5390 7983 2938 7642 1832 7204 3703 1670 5847 3688 3514 1059 4526 1544 9152 1341 1237 2790 1744 1506 8381 1151 2675 3204 8490 8190 6624 1506 1984 9861 4008 6918 9655 8802 2589 6946 4721 7992 3766 3707 5588 3316 4909 6980 9387 6068 8435 5551 6223 2595 4004 3076 7760 5948 6306 4689
2462 9663 3808 5975 6115 4885 7300 9556 3884 1824 9192 3446 4674 4117 2342 8682 2911 7898 2789 3742 3104 8853 4453 1563 5184 5441 5881 6892 9443 3810 6130 1622 2616 3314 5098 5354 2519 3863 9200 4741 2515 1838 6495 1128 6202 8899 6608 1703 1527 3635 3604 6977 4183 8601 9309 3891 6477 6869 8271 5249 5464 1459 4576 4675 5352 1268 8085 9678 1819 7860 9584 4053 6432 3112 2676 4603 1393 3845 2152 4337 1964 9269 4624 4641 7228 7673 3251 2411 4465 5803 6078 5444 8321 6321 6469 7119 2667 8750 3197 3069
4343 4434 5383 1514 8958 6618 3220 9413 9350 4566 7961 9746 3875 6381 9702 2901 4319 5766 7115 6761 9429 6997 8103 6743 8979 2706 2455 2875 6792 3173 1719 7597 9820 5494 7285 7041 1938 8195 8137 6077 5161 5240 1715 4623 8240 5826 1317 2346 8158 8078 6168 9215 1024 8312 5008 8397 6495 8465 2846 2581 3125 9963 1582 6915 7028 4788 2750 8993 8750 6241 7827 9943 1836 7769 6019 4307 4712 7683 8009 7571 6960 3817 1703 8958 9835 2267 3312 4287 3300 6727 3743 5312 9785 7104 8234 9977 1774 1702 4762 7831
8698 8357 4143 3540 3623 3296 6755 4972 4309 4545 2454 5570 5349 2904 8306 5444 8601 8315 6541 8946 9993 7001 9863 3593 3148 8860 7939 4791 2655 3086 4703 2211 1089 9655 2813 1791 3012 5768 9890 2819 1374 8815 9513 2750 8544 7629 1202 2486 2230 9443 6661 6970 4157 4736 4072 9663 7268 5716 9953 4457 3994 2462 9308 7490 7556 6367 8623 3006 5580 3249 5800 2983 5918 5463 6086 1425 2300 3603 2863 7630 2383 6591 2718 8368 6985 7704 2858 1191 8906 6126 2075 4946 9899 4252 1012 9932 8595 6913 1017 3259
8070 5796 7549 1857 7251 7708 4158 4129 6644 2520 6395 2461 7656 1137 7390 8001 3234 7559 7387 5365 3812 3753 4469 4524 3590 8957 7653 2091 8512 1266 3238 2941 5627 5686 7351 1069 8421 1938 7546 7281 1892 5033 7157 9538 9149 9197 4978 3488 7684 4399 9658 9264 7246 6213 3607 4327 5069 8204 5218 9321 8642 7062 9715 3078 6339 8374 1692 4785 9546 7283 9947 5377 4560 9468 8433 1615 4905 2402 7259 2751 1376 2989 9017 3119 1403 2375 2980 7236 6110 2963 8944 3119 3452 2776 1803 4588 8287 9628 4234 4301
74 4 290
29 68 486
19 47 433
6 89 715
23 57 535
35 10 641
35 18 961
23 60 163
78 18 434
76 67 241
93 71 510
11 27 163
78 30 997
14 75 131
0 71 181
27 10 799
80 51 103
28 23 866
63 36 287
84 0 474
79 4 176
79 50 972
57 97 903
57 26 878
2 38 550
28 7 875
80 78 815
31 88 430
7 33 925
59 19 959
34 89 960
73 56 774
54 7 381
38 27 418
28 28 321
50 59 900
75 52 637
88 65 103
97 61 602
64 72 615
46 64 910
53 29 568
95 39 500
7 4 173
91 62 993
17 85 876
81 86 773
20 96 353
72 83 883
62 88 439
2 25 637
10 8 528
90 4 763
2 78 836
57 23 883
36 48 636
13 81 812
71 63 608
69 65 592
69 61 426
27 12 927
79 53 351
69 16 284
69 67 530
8 26 317
61 61 330
97 85 679
48 57 405
6 39 880
20 14 496
86 33 227
56 86 859
31 22 627
63 75 938
29 67 874
12 96 847
39 96 504
56 79 573
77 7 409
9 58 741
19 50 892
54 91 402
44 90 941
15 65 513
48 26 685
11 31 947
90 33 895
11 17 419
55 49 392
91 60 255
63 14 620
59 73 525
89 80 762
25 82 687
33 25 447
7 28 213
7 5 560
53 90 210
78 66 1000
14 57 373
75 54 340
77 72 917
32 92 290
49 80 707
94 78 262
72 93 299
83 3 311
39 28 643
0 52 336
70 39 694
10 86 486
68 89 571
46 1 782
56 83 784
91 37 583
84 39 122
17 83 866
58 46 272
66 24 103
57 71 970
86 1 947
30 6 548
92 34 253
93 36 168
65 3 459
51 20 377
35 91 853
39 51 101
36 85 681
54 77 622
76 42 205
14 12 1000
87 40 923
26 98 631
96 97 866
30 46 649
75 48 478
51 77 395
55 43 429
69 35 313
91 40 760
28 48 557
94 31 611
13 96 910
46 34 115
55 69 108
94 44 135
85 2 613
60 92 819
41 23 486
40 87 468
47 25 659
88 76 218
28 95 856
41 78 904
80 76 504
36 42 753
12 67 296
81 58 436
17 6 439
97 89 221
99 80 235
66 33 145
68 18 176
32 39 676
54 14 438
83 26 663
79 86 663
91 4 768
99 0 336
14 1 683
19 6 925
30 27 505
79 91 720
61 94 203
34 25 718
33 32 434
73 77 723
61 88 648
70 65 101
82 11 573
99 11 832
13 67 363
11 79 926
62 32 312
0 20 117
66 89 374
74 69 639
87 69 159
56 38 709
71 34 718
69 54 276
78 48 417
75 94 855
16 23 373
49 25 663
13 3 583
35 30 302
90 6 656
77 29 971
16 81 108
38 37 294
37 73 728
62 57 711
79 66 726
89 80 526
6 91 497
15 89 751
52 25 623
0 6 188
54 1 554
25 65 958
0 91 113
79 59 284
39 98 204
56 60 298
90 16 651
94 79 599
42 66 353
54 93 415
91 10 120
26 74 498
31 5 901
76 17 133
50 36 925
65 95 311
84 10 620
82 86 796
98 11 516
66 29 912
75 49 226
45 12 310
34 52 938
27 80 796
31 39 724
5 97 126
5 66 440
30 12 140
20 98 330
4 65 454
75 84 437
43 0 233
41 76 934
22 3 249
15 41 295
70 78 665
29 32 302
22 81 873
58 57 477
8 34 801
95 30 439
83 44 403
95 16 499
6 77 888
11 86 643
75 85 858
23 12 905
92 27 572
59 98 945
10 78 528
91 25 947
55 20 152
98 73 104
45 44 235
72 6 871
79 71 176
41 80 624
62 68 574
87 51 461
27 50 709
41 96 678
0 66 657
66 49 613
48 5 886
48 77 284
89 28 693
77 23 176
90 21 847
73 34 273
12 8 226
39 78 304
86 20 254
10 87 631
3 86 927
95 10 354
9 89 419
91 69 574
96 53 295
18 98 506
38 48 921
20 94 586
7 46 974
78 36 267
47 95 674
78 29 870
4 94 449
96 13 763
1 21 720
99 98 169
56 9 114
49 76 902
21 5 230
96 62 411
62 35 432
81 52 974
33 41 849
75 80 789
13 24 374
36 65 593
98 92 152
85 48 843
24 83 441
91 44 911
6 74 317
73 37 295
27 48 150
64 96 568
25 88 459
64 91 543
29 94 416
15 33 817
35 88 761
21 6 962
80 26 156
22 15 552
5 86 441
16 59 604
35 35 408
47 72 481
10 12 682
6 86 548
98 74 900
28 90 580
14 80 228
80 93 783
47 98 835
92 97 986
48 48 649
86 77 843
78 25 126
31 73 956
27 6 790
52 34 232
73 41 584
93 92 250
2 57 820
56 13 457
92 49 468
25 54 481
9 16 699
68 45 964
48 37 279
63 89 788
17 91 272
8 64 957
36 45 406
77 38 408
64 51 568
9 9 632
14 47 745
62 28 895
28 38 700
69 50 399
67 6 840
59 39 256
84 22 484
37 94 336
59 49 922
60 59 338
52 58 198
55 70 910
10 47 268
59 59 804
14 36 716
80 40 594
95 80 328
82 6 592
0 69 248
75 3 245
48 94 898
48 65 398
75 2 161
35 69 287
20 74 993
87 17 476
45 6 877
87 63 612
49 29 882
81 1 251
26 91 666
88 44 837
87 77 302
39 27 528
92 66 819
53 88 290
74 39 148
56 30 661
0 4 624
71 39 129
62 26 495
78 15 512
23 48 776
56 13 157
26 42 121
90 34 732
18 45 448
22 74 583
57 3 529
40 6 653
44 63 237
5 5 175
19 45 473
98 81 303
93 1 920
80 52 476
23 93 522
12 85 851
77 19 326
33 61 572
2 16 579
53 7 484
18 75 154
29 17 402
81 34 365
11 44 308
53 61 806
59 18 142
64 0 678
22 86 315
42 43 121
63 98 358
43 2 613
69 61 809
12 20 295
81 64 821
17 19 979
44 88 439
91 97 806
69 67 122
45 30 215
3 38 524
47 83 447
63 23 909
66 42 541
43 40 757
1 86 264
80 96 169
53 66 734
98 8 711
88 0 858
29 10 632
41 11 104
89 66 865
41 3 220
10 60 525
45 9 355
45 73 319
85 22 986
69 90 872
61 78 464
86 51 789
74 73 253
22 35 693
71 24 208
49 52 125
5 39 912
97 17 468
97 85 830
73 90 225
70 7 657
39 68 515
58 56 586
49 87 913
4 11 800
91 30 261
91 99 386
48 89 472
46 44 676
5 15 398
91 91 763
20 37 127
41 15 618
0 7 246
57 99 252
48 61 494
89 5 988
97 24 818
46 5 830
80 23 331
17 82 542
4 99 656
42 77 658
93 23 455
38 24 784
11 51 617
73 24 513
2 61 501
84 47 765
21 96 772
1 94 796
50 94 419
49 62 513
7 41 962
26 83 269
78 11 556
16 86 638
1 19 259
66 13 599
21 1 699
83 57 550
59 0 450
54 98 152
41 77 146
19 9 800
46 35 387
75 44 585
66 64 864
52 76 488
35 56 535
80 98 834
24 87 466
96 11 277
91 57 922
41 40 344
34 11 666
31 75 676
47 87 415
28 59 451
81 72 599
69 87 373
63 30 481
97 10 329
62 75 390
28 54 537
63 39 645
46 60 798
81 86 983
57 81 825
52 49 446
95 84 812
7 60 146
24 47 897
66 7 423
96 60 145
16 83 300
52 0 984
82 49 406
72 68 484
15 13 557
78 1 273
95 4 165
16 64 973
71 36 182
97 50 843
26 96 606
97 95 937
20 83 883
86 16 571
87 61 519
84 38 773
23 48 267
32 85 568
41 96 935
85 51 586
46 95 681
88 81 957
12 51 669
26 50 765
73 15 818
17 68 610
10 53 564
75 88 453
85 37 908
57 5 248
53 73 372
10 88 204
61 41 943
39 17 369
82 2 291
33 75 724
33 81 244
66 56 272
96 79 355
42 33 218
61 63 362
64 95 170
12 81 525
79 84 862
28 4 199
70 28 317
49 75 904
61 20 280
68 45 962
90 35 452
20 13 215
24 33 667
42 9 673
50 15 628
10 68 671
75 93 932
18 64 360
22 88 714
75 9 910
21 87 606
60 54 689
68 45 741
45 92 328
78 78 698
0 79 633
88 36 791
6 96 366
44 86 615
76 80 242
71 90 827
9 65 413
17 53 910
77 91 584
31 47 727
72 67 684
63 53 422
51 50 851
14 23 352
35 9 705
95 9 674
90 41 369
12 38 668
17 18 399
77 78 121
85 87 600
31 68 773
76 42 859
73 84 299
66 48 571
40 45 149
94 76 785
74 12 238
99 85 613
90 52 691
78 38 680
59 3 571
22 39 871
16 43 863
68 14 495
95 20 195
40 45 728
53 84 847
12 27 851
23 12 686
84 16 684
40 47 293
33 50 156
72 38 763
96 39 537
93 84 767
81 69 636
90 56 197
80 63 360
14 47 340
82 28 647
87 59 675
40 88 914
59 23 442
8 59 644
40 52 789
99 27 117
46 35 582
96 9 565
79 10 872
46 77 358
84 79 200
82 44 583
65 36 761
47 92 755
5 27 518
92 99 208
80 0 567
40 75 131
2 3 355
87 3 997
38 25 342
1 74 258
44 32 271
34 73 881
50 69 436
61 47 344
25 36 315
85 55 617
41 79 270
8 75 405
78 58 966
7 27 270
27 35 503
78 37 523
81 15 710
56 96 811
1 0 437
13 1 794
14 38 613
47 57 750
92 40 549
20 52 899
47 36 652
75 95 319
5 80 751
81 81 444
61 9 698
44 66 274
45 11 786
96 47 393
8 23 231
63 84 303
34 51 184
25 25 135
61 72 405
6 73 936
62 90 534
69 13 797
88 26 302
59 94 377
49 12 796
34 62 682
10 50 748
73 19 102
11 29 923
3 64 787
41 98 756
85 68 577
18 3 196
19 48 216
92 19 699
3 36 448
21 75 471
89 71 198
37 38 333
61 16 588
51 56 642
12 36 353
33 81 372
62 29 716
66 66 578
88 14 935
60 60 618
58 66 137
93 68 576
75 66 400
83 6 109
89 89 522
60 9 414
91 37 752
44 60 812
14 8 263
61 36 412
75 39 289
62 99 558
85 45 234
26 82 412
98 13 269
17 92 279
86 91 347
51 18 279
68 1 994
30 62 774
27 35 137
38 2 665
31 35 341
0 73 939
79 97 479
68 4 479
41 23 941
5 67 673
84 58 345
73 21 522
47 92 412
20 59 527
66 27 559
16 27 869
95 52 160
60 2 509
21 76 181
98 68 936
28 19 267
42 44 659
44 97 335
86 72 176
78 6 567
6 5 161
82 49 582
50 53 985
81 61 787
68 5 459
32 19 505
37 14 629
8 64 734
12 78 488
14 22 737
1 22 243
15 19 966
38 9 213
67 46 397
74 14 291
55 90 424
99 14 645
18 82 726
46 84 592
45 47 436
29 58 396
50 92 846
34 79 139
77 44 180
9 25 391
58 71 725
45 62 458
37 48 240
62 89 781
94 54 596
62 53 764
50 82 556
1 87 299
86 71 710
63 21 305
44 41 605
66 96 665
1 81 588
50 7 687
60 75 560
94 76 605
80 80 801
25 20 200
28 29 342
85 11 357
70 78 245
17 55 128
46 42 111
26 31 786
35 49 218
20 22 826
6 29 681
88 43 929
35 25 749
79 98 179
80 4 667
45 63 916
79 45 161
37 27 927
84 5 796
1 98 998
79 74 565
70 27 800
76 64 316
96 71 336
83 30 628
77 26 338
81 7 474
23 77 720
22 21 728
26 64 712
70 4 546
42 57 694
99 90 132
40 45 418
14 41 680
23 24 568
73 59 740
79 60 371
92 32 683
78 87 637
65 52 924
70 3 795
34 54 400
0 73 729
67 71 305
91 87 489
92 48 559
33 61 572
93 29 826
2 25 795
86 32 718
63 35 309
55 92 482
73 74 299
57 77 250
67 36 536
95 32 252
39 0 545
66 66 493
86 10 121
2 76 908
35 28 624
27 18 483
53 39 476
39 70 942
92 36 619
48 58 522
72 80 924
30 52 133
9 22 400
21 41 335
77 41 197
71 99 110
90 81 286
16 80 279
82 79 376
9 10 515
47 20 877
41 33 527
82 36 594
81 53 992
7 15 996
76 78 225
25 9 356
23 70 628
86 55 161
26 33 201
4 31 371
98 88 417
39 51 994
7 54 692
86 58 769
7 85 613
44 60 924
9 88 397
8 94 635
32 62 704
45 23 348
76 14 716
73 89 959
89 60 294
31 5 306
93 1 455
90 3 457
25 63 464
94 10 364
46 20 893
16 64 679
9 85 686
9 53 476
55 8 730
29 16 962
0 29 256
46 14 971
45 0 989
15 52 187
98 91 378
24 95 936
14 87 557
93 18 818
21 23 198
71 25 741
27 12 322
59 12 426
86 53 250
70 59 712
88 52 803
0 92 830
94 46 934
14 23 848
24 50 710
69 47 826
45 60 814
71 90 388
38 94 247
85 70 266
59 90 496
58 52 589
29 70 192
55 63 329
82 90 932
39 73 807
90 64 718
81 72 140
89 73 191
85 48 483
26 61 764
45 28 801
48 37 373
37 20 172
53 43 929
5 91 718
96 57 157
79 5 308
43 24 380
67 33 214
6 7 868
43 69 377
64 69 193
50 60 117
17 48 346
89 43 667
36 23 257
87 10 399
51 43 904
17 13 995
96 3 532
84 69 188
15 47 871
50 48 906
85 63 394
10 33 548
1 64 702
31 37 206
1000 9 84 48 85 258 63 26 72 34 450 38 56 48 96 684 28 51 55 73 200 86 34 88 42 700 54 18 79 69 624 3 22 6 55 415 4 98 7 98 310 74 48 88 84 281 75 76 85 83 756 16 72 32 89 189 14 75 38 88 534 64 80 96 88 169 95 41 98 81 314 34 55 77 71 360 90 17 90 61 229 1 9 39 82 686 18 26 78 79 562 48 82 62 99 432 15 6 27 51 637 40 3 67 82 103 37 2 62 14 573 30 33 37 53 768 20 85 77 93 769 62 60 98 69 552 68 86 73 96 879 54 44 77 70 30 20 29 69 45 986 28 58 75 85 517 28 40 51 79 197 17 50 36 57 482 61 69 79 72 625 83 7 95 89 643 37 43 50 89 501 37 92 49 97 198 33 90 53 95 662 23 8 40 41 480 47 55 87 95 326 25 78 74 95 727 1 87 19 98 654 56 49 70 50 290 35 68 75 93 992 40 20 83 32 95 36 12 71 48 665 71 35 97 49 673 0 17 18 51 101 27 23 31 47 826 7 34 44 68 168 57 57 96 73 101 63 96 91 97 85 51 37 99 98 176 0 72 45 91 469 22 81 97 86 37 76 65 76 95 491 39 31 66 86 66 39 26 43 79 709 97 1 98 34 149 49 9 86 25 314 10 10 84 84 384 0 39 87 90 107 73 12 87 26 500 14 68 82 86 811 18 16 28 25 406 56 48 86 52 560 53 2 98 77 699 70 14 91 62 208 79 6 86 99 429 47 0 85 86 97 46 49 59 74 198 12 42 42 54 892 88 68 90 91 403 86 13 90 23 790 23 9 23 61 599 52 22 72 55 210 80 42 88 90 766 72 70 84 95 968 39 77 84 78 564 74 51 92 64 50 50 91 52 95 116 23 47 57 62 834 89 24 99 93 879 6 4 14 82 600 45 50 47 83 118 4 78 28 88 704 58 34 58 54 38 81 42 96 71 745 15 62 46 98 4 2 13 16 15 460 87 27 87 48 561 97 57 97 57 26 60 92 93 93 578 4 18 48 63 882 69 30 90 95 613 85 37 89 44 436 7 91 63 92 363 6 0 23 14 226 69 17 92 19 583 71 59 75 70 456 48 11 96 43 385 39 60 94 74 706 44 89 87 94 393 16 43 50 59 594 81 53 86 95 731 58 91 68 97 953 86 17 87 56 403 87 2 96 53 536 98 68 99 82 862 39 97 77 97 738 42 92 73 98 731 95 50 95 59 990 49 19 85 25 754 65 41 88 76 974 98 76 98 85 111 59 13 83 83 766 63 57 76 73 53 67 9 74 61 350 56 7 80 82 682 7 84 34 92 926 46 55 93 64 790 98 50 99 53 69 28 22 89 72 619 19 5 62 76 166 46 66 46 84 655 95 18 95 25 531 26 30 43 72 730 20 83 94 92 438 33 42 83 87 763 89 27 94 29 772 84 14 85 35 443 68 42 97 64 118 36 13 87 97 56 9 83 12 97 532 74 22 90 45 707 61 66 74 89 996 55 22 69 89 975 86 58 92 69 998 62 27 89 33 915 56 80 56 92 475 87 82 95 89 143 20 29 40 39 914 10 65 64 70 191 45 91 78 96 506 25 77 66 77 709 27 46 68 94 539 56 10 80 25 211 74 8 87 78 640 52 80 72 91 782 31 39 67 74 131 11 26 98 74 165 4 16 4 52 888 25 95 72 99 13 21 52 80 91 457 94 7 98 80 188 80 66 94 89 997 48 98 87 98 774 78 69 92 76 727 91 98 91 99 972 38 52 96 83 876 82 69 84 98 897 45 0 84 92 5 40 56 99 87 231 37 65 91 94 486 2 27 4 67 34 89 0 96 21 951 79 44 83 80 356 62 4 71 33 745 7 6 33 60 576 17 26 32 72 980 64 38 84 70 448 65 25 82 36 726 45 2 78 68 115 32 21 91 35 144 22 3 31 8 421 51 31 61 73 754 89 5 95 27 182 82 11 82 69 788 81 11 87 86 511 77 77 82 77 402 68 45 84 66 727 20 86 38 92 691 84 15 84 38 631 6 97 26 97 38 71 69 77 81 974 37 43 67 81 262 50 35 54 73 797 22 24 58 45 575 3 13 56 39 538 54 18 72 77 716 4 22 79 58 994 81 15 83 41 895 28 44 67 70 101 62 49 82 94 824 44 18 81 28 830 26 66 99 76 99 32 52 77 89 168 82 4 99 6 996 36 54 84 65 729 51 44 87 59 477 5 26 6 86 13 82 56 91 95 602 84 50 86 89 342 87 23 87 53 974 35 34 65 60 982 36 77 90 98 737 0 17 51 50 866 0 70 80 79 237 68 8 85 68 710 21 47 64 97 162 98 78 99 99 512 10 81 85 98 490 86 5 93 54 996 47 28 94 97 341 30 74 70 77 69 38 87 71 94 182 39 19 42 38 730 73 42 98 87 128 77 54 96 60 445 5 8 8 63 429 68 42 81 80 856 38 88 52 99 97 85 56 97 65 731 37 39 38 51 250 30 64 38 68 661 65 6 95 40 870 16 15 38 54 828 88 59 96 67 867 28 38 34 68 52 88 47 93 76 671 59 42 89 83 196 60 51 77 77 550 19 59 61 95 734 67 10 90 76 970 48 6 63 23 224 31 39 96 63 229 27 55 75 60 379 26 12 46 63 709 17 10 26 78 926 30 40 81 76 367 8 42 37 49 707 10 35 58 84 638 56 9 67 21 972 3 32 18 61 223 15 68 31 70 782 68 86 80 94 143 94 97 98 98 445 29 33 32 33 315 92 60 98 69 838 56 22 68 90 45 24 40 96 61 776 24 54 64 72 390 25 94 55 97 513 35 33 48 34 666 14 91 27 96 921 82 42 94 80 948 53 40 62 86 177 50 84 52 88 14 74 42 89 80 230 85 60 85 75 942 40 87 84 98 343 63 84 80 98 804 48 20 78 43 968 17 35 99 61 193 26 69 40 83 212 3 49 10 62 930 41 73 95 87 796 20 88 20 95 773 42 30 90 44 304 17 67 84 72 621 58 63 74 97 375 88 45 96 96 962 7 22 35 23 186 91 60 93 74 974 36 22 65 43 234 90 93 98 99 98 6 56 53 62 176 7 98 63 99 79 93 46 98 79 644 92 94 99 96 608 39 49 48 82 794 91 91 99 97 34 29 95 66 99 322 7 18 81 72 663 71 89 89 94 31 49 90 91 93 484 60 52 92 63 556 32 84 51 90 46 35 57 74 93 342 76 20 81 43 587 36 48 63 90 327 34 17 36 68 888 59 66 66 72 358 20 69 51 94 477 38 32 69 67 397 88 92 95 99 370 94 85 95 95 220 58 96 79 98 88 25 58 26 74 449 54 95 59 96 787 41 50 63 91 552 20 60 95 90 579 89 7 94 36 973 97 62 98 62 420 62 90 74 93 624 73 46 76 94 698 42 48 59 70 37 22 2 99 88 124 55 20 74 50 757 12 70 94 96 911 86 43 91 71 599 6 91 84 91 781 7 38 69 67 692 65 28 81 65 274 0 29 28 65 602 98 37 98 67 56 92 92 92 94 508 3 57 10 85 172 73 62 76 75 924 90 40 97 69 321 65 97 83 98 423 1 66 46 88 911 22 29 55 94 20 60 45 83 93 366 63 94 96 96 8 62 76 86 94 644 38 30 60 90 919 58 53 74 74 323 33 11 76 65 785 77 89 86 89 916 76 12 94 54 583 63 23 84 75 890 36 67 55 94 367 65 38 77 82 273 84 34 89 60 136 81 58 94 78 827 56 91 63 98 435 95 79 99 85 321 45 38 54 73 862 68 54 82 68 788 19 62 59 84 27 14 52 28 83 314 9 95 36 95 760 95 43 97 77 436 89 83 91 97 473 13 25 83 30 511 98 31 99 38 900 58 50 90 89 886 23 96 58 96 420 39 3 41 82 636 4 87 25 95 644 38 8 85 45 997 92 0 96 82 520 32 12 82 40 238 69 19 74 84 501 75 48 95 57 758 45 9 45 89 78 37 47 50 93 568 1 34 79 80 290 68 91 95 99 994 22 79 28 81 447 75 21 89 24 564 60 33 73 43 503 17 36 21 91 806 74 73 93 96 247 69 10 74 20 736 53 55 91 59 890 89 32 98 62 628 4 41 13 55 570 9 80 82 90 967 64 1 90 48 831 10 49 47 63 581 13 42 74 42 768 97 32 99 59 773 68 39 96 81 629 70 88 80 98 40 72 61 88 97 245 74 7 79 36 556 84 38 94 71 441 71 73 85 91 913 78 68 98 79 431 60 85 78 85 793 70 0 81 58 582 2 48 97 78 508 60 27 71 35 278 33 12 75 62 973 5 9 96 28 312 27 17 82 52 79 68 88 70 90 200 71 67 93 95 894 35 20 46 77 410 34 17 59 97 509 37 12 71 43 210 93 89 94 94 316 58 79 95 84 167 16 15 32 21 986 92 40 95 63 296 74 25 75 89 170 97 71 98 80 801 69 62 69 78 591 72 53 96 59 583 11 72 93 92 506 6 4 68 18 680 66 53 82 67 598 28 45 71 95 843 81 26 99 82 940 49 72 67 73 761 98 49 98 97 61 53 98 63 99 144 45 7 46 48 429 63 18 73 76 275 0 77 53 99 44 50 70 97 98 65 4 55 13 95 516 50 97 75 98 580 60 37 90 69 928 13 17 76 92 17 62 21 92 95 296 44 49 76 59 745 84 14 87 99 549 41 41 41 43 796 40 7 87 50 529 23 30 35 61 219 76 66 92 86 111 6 52 74 61 543 96 8 98 45 82 65 24 71 29 680 36 26 88 82 67 2 16 61 38 972 61 17 99 90 823 60 19 83 76 650 55 98 77 98 909 16 58 67 63 811 16 4 93 89 81 15 13 62 69 767 22 65 86 91 417 29 47 90 53 258 2 70 76 73 74 92 63 94 82 128 51 12 65 81 757 77 39 92 48 978 5 96 37 98 609 83 21 96 79 78 10 62 52 77 537 48 81 59 83 30 0 89 53 99 151 73 56 93 57 834 48 30 68 87 157 66 46 92 71 854 6 88 69 88 914 45 60 97 85 577 74 70 98 80 983 9 48 61 97 428 35 2 82 11 937 45 1 72 92 497 87 29 89 69 410 48 12 60 77 631 76 75 97 76 442 18 62 76 94 403 9 57 19 79 818 16 43 67 88 115 0 79 11 89 369 6 39 98 89 451 50 69 95 73 425 14 6 27 49 153 40 13 72 98 640 34 5 46 63 425 13 49 50 72 893 45 13 84 31 676 41 32 44 44 287 69 7 79 51 978 56 72 88 82 924 98 43 98 78 324 5 52 50 57 871 59 58 88 73 423 8 63 53 95 919 94 7 96 56 722 42 76 86 92 152 52 16 60 76 270 67 58 84 73 5 91 84 92 99 293 66 8 97 60 758 25 67 93 78 354 7 26 9 91 451 35 45 46 66 936 2 0 21 78 137 98 1 98 62 306 9 56 22 69 100 53 75 95 97 280 11 76 65 89 620 93 27 95 69 962 42 95 48 98 959 9 67 30 98 61 14 19 82 49 421 60 92 75 97 413 14 39 16 43 126 86 70 95 70 336 47 59 76 80 813 37 44 45 44 773 21 7 24 25 981 6 63 32 63 756 3 93 24 99 779 53 39 76 69 987 86 49 98 87 428 93 75 93 80 72 17 51 98 51 639 64 65 95 95 922 2 1 30 88 720 67 45 91 96 553 44 20 51 75 908 33 0 72 75 349 0 53 46 58 206 6 94 11 96 981 3 72 78 97 317 31 63 69 77 530 43 8 58 25 789 60 45 84 47 353 93 97 96 98 486 65 34 94 75 424 39 24 84 57 877 43 48 73 81 468 29 71 73 89 636 13 50 32 57 731 71 42 80 72 389 14 84 26 94 244 8 97 60 99 87 27 63 74 77 689 80 88 95 93 1000 25 29 47 41 189 18 90 67 96 335 86 89 98 89 672 75 82 87 84 638 52 58 79 80 72 69 33 85 96 923 40 54 50 96 125 79 13 96 74 898 14 20 88 47 532 89 53 90 67 491 81 10 84 23 793 58 97 74 98 424 46 50 98 83 175 49 57 66 80 193 41 45 54 65 223 80 66 80 82 571 4 61 43 99 646 87 71 93 82 289 53 1 73 24 32 83 50 99 77 702 51 59 93 83 779 64 38 64 65 370 41 32 63 98 778 0 88 73 99 406 47 6 64 39 891 12 82 15 89 684 21 2 56 3 858 42 92 49 96 447 93 36 96 42 951 63 73 87 91 645 47 85 74 85 93 2 49 53 51 467 38 98 97 98 947 38 91 89 92 624 50 7 62 12 552 52 12 71 64 736 38 62 66 62 729 1 81 84 91 165 92 56 94 97 998 95 68 99 70 889 10 89 25 89 858 84 78 90 90 43 19 52 75 57 843 7 50 50 84 315 11 87 76 91 987 81 24 81 79 950 92 5 93 29 584 2 78 96 81 52 14 34 40 77 609 31 59 31 71 241 79 70 84 81 134 81 39 95 87 586 58 9 78 98 613 51 87 63 93 603 13 69 63 83 598 63 28 66 41 875 38 67 70 92 595 11 38 57 50 693 86 51 92 55 847 6 83 63 92 797 76 98 88 99 847 22 51 53 54 107 50 40 93 90 455 38 78 41 78 166 93 66 98 89 118 19 67 84 71 281 79 55 80 68 193 68 54 80 71 762 35 47 57 80 72 91 15 94 49 551 49 18 50 74 884 21 49 75 50 924 54 93 87 98 296 53 80 92 95 458 87 37 94 81 371 20 33 25 34 367 1 33 5 41 285 84 77 94 79 26 36 53 68 60 312 50 25 88 42 414 88 59 91 81 550 57 17 77 59 168 81 23 86 91 23 73 52 99 89 55 84 31 93 97 322 43 72 77 99 570 52 13 54 76 880 5 47 56 49 553 79 19 87 79 588 88 16 99 54 27 23 30 45 94 39 5 97 30 98 534 89 73 92 79 624 29 50 42 98 444 29 49 93 94 964 76 78 93 87 573 82 32 86 36 714 25 72 39 88 228 96 22 97 55 396 37 16 58 75 882 66 20 71 33 61 7 83 93 96 195 43 56 86 72 625 54 89 83 89 841 27 50 84 66 812 17 93 67 99 133 8 84 62 84 939 83 31 86 62 488 40 72 99 93 490 39 47 69 98 30 97 34 97 51 652 38 88 56 94 160 51 93 86 96 826 63 91 97 91 573 76 12 85 81 61 76 69 85 71 540 79 42 83 55 116 75 65 93 95 648 69 45 82 70 667 29 26 47 86 849 1 85 63 85 655 71 92 80 96 920 70 23 95 48 288 73 64 75 91 709 19 66 87 76 575 70 55 97 71 804 9 51 71 57 372 88 51 93 99 408 27 54 36 63 140 33 36 82 94 564 34 75 37 94 703 74 72 77 94 651 51 47 79 50 551 82 44 85 74 13 60 63 60 69 985 6 42 93 76 149 18 51 78 68 403 4 38 34 77 351 2 48 27 84 889 98 73 99 91 943 42 52 58 80 820 13 68 62 87 261 0 27 20 58 241 64 2 86 40 307 76 2 84 25 511 44 40 94 51 611 84 86 99 94 791 43 37 61 89 971 84 47 87 66 272 89 33 97 81 589 24 56 57 77 31 9 44 71 52 376 14 1 36 72 745 12 42 82 80 260 90 58 96 81 550 17 52 53 81 820 88 96 97 96 690 14 24 67 56 3 41 75 99 89 12 66 80 87 90 600 91 10 96 31 272 45 9 63 66 784 81 66 81 76 264 94 63 97 96 847 39 89 46 91 649 39 16 42 91 148 87 58 87 79 754 43 33 83 33 266 52 41 90 96 228 56 51 85 52 746 20 44 40 68 106 46 83 92 92 364 78 87 82 87 283 25 70 92 77 933 70 20 92 37 94 74 73 83 73 206 76 22 78 45 47 82 52 90 75 128 76 36 81 56 929 7 81 83 88 732 94 43 95 82 252 33 28 95 72 501 19 11 90 53 607 35 93 37 99 350 49 96 65 97 899 71 95 75 99 170 72 29 82 30 583 47 92 98 97 282 29 66 66 94 970 93 27 93 82 846 83 8 91 36 22 73 93 82 97 57 78 73 95 88 706 46 49 68 51 629 96 90 98 94 751 38 24 60 29 200 17 82 47 86 26 54 37 89 41 26 62 49 73 69 680 7 58 83 69 403 39 36 82 79 605 43 18 64 66 563 43 35 92 83 10 75 86 93 95 791 44 53 84 91 145 26 51 93 88 403 90 52 97 59 306 3 71 11 93 3 42 76 76 94 7 41 26 76 89 151 70 83 95 93 899 34 52 90 92 711 9 41 43 62 760 19 7 33 78 452 95 36 96 39 872 30 47 39 53 803 8 47 44 56 623 15 85 84 91 557 47 49 94 71 120 73 95 87 98 120 25 6 66 31 115 96 88 96 99 538 44 91 81 91 15 18 64 68 83 14 38 91 79 91 417 5 38 23 74 611 87 93 88 96 740 52 12 73 43 537 82 26 94 77 333 70 76 85 76 860 87 65 92 82 989 83 60 92 68 77 88 79 94 96 95 4 39 77 96 981 16 78 30 86 638 71 54 79 55 658 15 51 93 83 45 40 49 49 91 422 73 47 78 82 197 28 79 74 85 234 27 75 88 93 242 11 27 63 76 89 55 95 63 96 151 2 46 51 79 122 50 64 65 90 9 85 67 98 94 310 68 35 93 98 11 42 12 65 89 926 59 18 65 56 354 48 34 86 90 436 4 85 65 95 32 92 6 94 62 813 85 11 96 82 826 84 21 90 34 701 68 95 86 95 226 61 0 62 7 339 94 13 96 59 567 59 75 99 81 967 95 87 98 94 710 87 76 91 77 201 10 52 70 77 116 90 70 90 73 856 17 60 56 97 489 73 27 82 54 635 55 36 69 94 345 1 51 55 90 508 65 18 70 53 210 29 10 76 79 754 79 76 92 85 396 18 80 42 92 535 31 60 55 91 121 71 22 76 76 744 16 11 35 92 203 68 21 71 82 837 40 67 61 90 923 48 27 79 30 429 70 56 82 90 435 19 41 89 67 307 82 14 91 68 313 51 9 65 60 629 6 70 55 78 83 11 59 56 75 283 1 32 51 65 427 72 20 72 64 479 11 12 32 87 925 25 1 55 8 48 53 14 93 14 591 35 21 87 65 576 74 83 88 85 485 67 32 91 75 345 34 11 39 77 710 51 21 74 23 838 60 48 80 63 975 74 9 81 48 277 49 20 59 28 711 79 32 93 94 384 8 71 30 98 213 46 10 72 25 530 44 26 88 44 448 48 80 74 96 290 23 57 93 90 411 68 81 72 96 643 83 0 83 39 843 45 45 88 68 881 73 71 92 93 613 92 58 95 70 280 74 36 92 63 253 31 67 51 89 983 15 98 79 99 717 80 78 94 95 683 19 14 65 25 338 87 72 87 83 680 41 79 80 94 890 14 12 69 19 124 98 45 98 81 472 36 83 69 99 947 26 30 51 42 689 89 84 94 88 497 1 94 77 95 501 78 14 90 28 691 50 46 55 66 786 14 43 98 65 728 8 45 37 72 541 0 19 2 41 808 27 4 72 78 166 70 29 90 88 545 17 34 40 98 861 90 23 94 59 176 27 23 52 24 890 86 53 91 84 486 95 52 99 90 161 60 8 62 70 378 68 45 96 84 857 77 41 77 43 599 95 2 95 83 849 23 53 48 60 233 77 85 92 89 889 73 71 89 99 863 50 19 99 60 206 82 98 92 99 13 78 25 87 76 54 60 26 95 36 926 58 79 63 82 16 36 84 97 98 484 38 33 82 97 955 69 74 90 87 413 4 9 35 98 170 8 39 69 80 52 29 1 61 1 486 93 66 96 73 603 53 13 65 55 642 51 45 58 51 459 93 87 98 94 413 18 81 96 85 893 91 91 95 98 237 55 33 89 63 620 44 0 93 11 687 10 62 59 93 696 76 92 86 99 89 59 72 82 73 69 14 76 38 82 265 90 12 92 22 697 63 11 74 54 448 14 47 86 95 615 35 96 64 96 683 84 67 95 98 388 51 1 53 73 55 9 72 82 92 799 4 21 16 97 148 78 7 91 85 735 97 46 97 51 104 63 55 78 92 979 15 6 44 21 192 89 22 94 30 194 41 30 49 35 442 62 38 96 57 571 38 63 79 73 119 70 57 97 63 47 33 21 77 94 551 79 19 80 47 233 14 36 75 56 911 5 16 21 67 283 47 15 66 85 531 51 11 61 58 848 65 75 97 84 875 83 17 93 17 624 61 10 88 46 856 7 43 44 46 60 29 19 85 55 602 61 64 68 87 83 50 86 85 87 127 56 81 90 88 168 28 63 80 90 439 70 7 71 78 642 98 15 98 40 852 91 10 91 28 862 0 54 19 55 661 74 28 96 30 458 1 78 31 98 241 56 38 96 60 417 12 80 41 95 771 71 6 82 26 469 21 20 27 42 847 67 83 77 92 725 50 61 50 74 258 16 87 42 95 366 32 63 37 65 945 85 53 94 90 54 93 24 96 35 983 57 87 81 95 365 20 75 35 76 251 81 67 97 71 186 15 93 19 98 942 88 76 97 83 68 57 24 63 88 453 4 25 72 40 682 90 43 90 75 216 25 85 69 98 689 74 38 91 47 531 93 42 99 67 70 72 5 82 39 161 93 87 95 91 229 42 96 84 96 53 67 26 70 48 633 65 14 86 37 859 43 29 86 33 556 63 17 95 79 82 63 51 63 72 66 36 9 77 31 355 27 73 76 74 651 41 86 67 97 865 78 19 90 65 107 46 68 73 77 251 77 52 85 52 135 63 59 85 95 382 17 96 41 98 265 38 77 79 80 858 43 13 64 49 770 80 43 88 57 555 7 17 52 28 250 63 67 63 74 940 53 22 82 27 901 8 89 50 96 695 21 92 25 95 753 5 35 89 42 199 82 70 91 85 950 32 57 37 97 597 54 21 61 68 964 61 8 84 24 162 98 46 99 80 841 0 46 71 66 343 26 35 29 37 48 64 32 90 47 426 66 15 71 25 910 18 95 99 97 447 5 65 21 89 268 13 86 42 98 856 95 40 96 77 176 63 51 80 67 760 39 66 66 68 61 89 32 91 82 310 47 87 87 92 673 64 93 84 97 828 55 23 62 59 922 51 98 73 99 248 9 38 19 55 365 91 68 98 94 506 17 18 68 96 160 75 11 85 52 572 85 53 94 54 682 28 38 59 54 383 92 78 95 86 514 90 7 95 13 464 75 84 98 84 637
1000 91 89 95 97 441 12 13 17 33 943 30 15 52 68 52 23 23 62 79 488 7 71 26 94 170 98 84 98 95 437 22 37 83 39 493 23 4 65 56 877 44 31 79 79 453 93 93 94 97 109 16 97 74 97 442 27 79 90 85 276 77 17 82 81 20 71 12 74 28 502 7 88 87 93 542 21 35 75 74 228 77 89 95 93 561 48 68 84 76 360 20 93 43 94 688 95 26 96 34 781 49 80 85 92 122 80 48 91 93 603 38 13 90 90 239 15 22 57 56 319 66 28 88 40 937 54 45 92 74 497 74 35 76 95 174 13 90 54 94 762 2 88 43 99 118 11 77 59 89 212 18 17 49 88 797 36 68 42 69 219 3 37 46 77 549 61 56 97 61 316 78 39 92 56 789 11 24 96 98 97 55 46 67 76 475 69 10 77 10 517 8 38 30 44 685 11 38 46 39 4 44 2 87 7 747 75 86 97 92 905 31 0 94 65 267 28 6 33 7 104 77 6 82 57 733 30 40 41 77 146 24 83 48 83 986 49 36 52 82 146 50 46 82 57 231 63 54 77 88 785 18 65 85 99 554 35 14 63 24 669 0 41 36 55 571 0 15 27 78 865 3 58 83 58 956 78 40 78 90 954 97 50 99 95 16 87 5 98 30 376 95 18 95 46 895 13 57 85 75 569 82 24 92 86 503 45 60 45 96 154 90 41 90 45 287 63 23 70 89 595 47 0 84 14 729 32 21 37 76 984 73 22 74 92 820 67 22 98 62 911 32 86 47 94 130 95 14 95 72 455 49 77 84 88 647 98 6 99 41 207 89 80 98 97 2 53 4 99 71 536 0 76 4 83 379 23 41 83 62 193 83 28 84 54 581 61 34 74 86 321 79 43 80 68 428 2 28 33 70 470 96 23 97 59 99 56 83 92 91 775 54 25 79 34 771 0 14 39 42 856 57 15 91 39 752 53 74 80 99 548 62 0 86 77 64 89 1 91 85 134 63 76 96 93 13 78 82 98 82 45 92 53 99 90 963 49 7 77 66 567 22 1 39 90 577 20 97 22 97 634 11 55 74 60 76 98 1 98 86 266 82 10 90 58 353 16 81 28 90 728 90 6 98 73 58 6 86 43 94 125 60 97 80 97 113 36 58 49 84 544 29 91 73 95 866 73 8 82 81 283 75 9 83 97 881 37 80 92 80 620 48 67 68 82 332 32 57 64 95 767 73 90 92 94 574 52 12 87 70 960 58 65 77 94 660 40 75 50 89 705 59 24 82 91 350 7 62 51 96 437 87 85 92 99 495 94 98 94 98 991 85 66 85 74 418 37 57 92 86 917 55 12 79 24 273 4 19 41 45 346 66 66 85 71 197 78 26 90 69 112 58 88 88 98 125 74 93 86 96 611 36 19 71 80 710 68 96 93 99 938 27 87 84 98 613 42 66 87 76 970 70 26 74 82 225 24 5 45 60 428 7 43 82 82 476 10 82 85 96 137 35 2 83 41 10 76 48 84 54 851 16 65 90 89 897 51 72 79 86 164 55 87 63 92 306 43 6 81 37 889 78 73 89 84 953 45 58 60 98 59 26 93 46 93 300 26 41 96 69 578 19 84 36 95 117 4 0 18 1 118 28 47 82 90 120 71 54 77 58 417 6 69 27 96 222 90 59 95 82 417 1 64 2 87 651 96 76 97 91 538 40 45 71 84 640 33 5 35 65 557 93 27 98 81 469 17 89 87 93 761 94 37 95 47 348 84 35 89 61 105 31 50 68 52 250 15 10 26 98 499 70 32 88 81 498 10 36 37 60 299 13 73 63 96 220 48 80 77 86 797 19 86 36 96 675 25 56 30 78 211 46 61 72 82 550 50 82 53 88 411 92 2 92 66 931 24 42 77 82 533 83 5 83 18 509 90 18 98 23 816 78 56 78 71 583 94 46 99 98 18 92 11 93 59 367 68 37 82 86 183 30 41 61 53 635 79 60 90 98 409 82 14 89 58 974 56 12 84 45 706 73 4 86 40 124 36 13 46 27 323 69 4 79 48 184 50 91 74 97 142 6 10 88 78 968 74 44 81 99 681 96 93 97 98 923 29 96 38 98 52 62 49 75 72 747 74 89 93 95 70 96 96 96 97 699 37 9 73 13 39 20 70 32 75 278 90 49 92 88 414 74 22 84 72 363 37 70 52 88 844 35 69 99 83 600 28 5 90 30 420 82 46 82 56 612 82 25 91 67 657 93 41 93 42 372 29 37 30 82 30 34 97 36 97 895 44 72 90 86 422 28 24 68 55 532 81 82 81 96 489 44 19 79 23 465 77 19 77 58 415 80 54 88 61 815 89 57 93 81 183 94 60 99 85 550 38 78 39 82 662 78 23 99 34 221 81 79 90 84 448 19 74 28 86 437 60 54 76 67 888 31 55 39 95 974 88 68 97 70 549 67 64 88 71 864 90 69 98 69 788 59 2 59 21 320 90 29 98 35 847 4 40 21 55 829 88 24 92 39 299 95 29 95 91 297 17 80 86 92 478 6 25 93 68 279 27 38 64 73 614 57 57 68 92 772 61 33 69 83 295 14 39 50 85 26 89 36 89 37 994 78 48 83 54 782 55 78 75 79 50 51 57 56 97 978 46 72 58 75 671 50 26 99 93 815 47 72 88 96 50 95 72 98 76 497 21 28 89 44 124 21 29 56 55 433 90 89 91 96 617 5 20 10 43 633 44 4 74 91 176 8 58 13 83 729 40 46 52 56 334 34 9 73 76 58 1 78 33 78 925 43 18 79 60 880 14 41 95 65 821 41 30 97 82 593 56 28 65 55 135 34 24 46 71 513 94 52 98 57 904 37 19 74 93 428 8 81 94 99 142 24 35 40 57 291 32 85 82 99 840 43 56 91 80 337 25 87 92 90 565 33 40 90 73 410 10 77 20 98 928 4 21 69 42 229 55 10 76 40 556 41 36 55 61 331 16 28 57 54 423 23 93 62 93 269 60 60 98 70 98 73 71 88 96 868 32 94 70 98 90 1 33 56 49 675 67 54 68 96 484 6 54 44 96 583 91 53 91 77 582 40 39 65 71 589 64 48 73 88 762 27 91 29 98 875 74 85 87 87 486 3 73 42 93 527 1 19 4 54 478 17 85 64 88 460 14 8 94 31 892 72 26 95 88 279 74 48 99 54 164 79 88 82 88 641 66 64 88 72 916 43 22 47 35 412 50 18 97 98 279 54 78 62 85 790 25 56 76 85 772 88 1 96 58 200 52 94 70 99 786 49 35 81 70 734 42 81 67 84 486 48 15 82 83 989 28 18 65 29 274 6 85 14 97 854 94 3 96 81 887 11 85 32 93 593 14 80 74 97 945 87 81 87 82 80 2 45 47 81 914 89 71 89 99 361 62 89 95 97 813 81 53 85 57 684 12 58 83 85 370 35 59 62 70 883 88 32 98 79 956 45 91 66 96 535 59 45 98 48 373 11 62 72 78 775 34 60 95 77 570 70 46 92 48 878 15 38 60 50 995 21 45 72 79 531 84 74 98 75 367 38 16 80 97 742 52 37 94 38 299 14 8 14 88 58 41 69 66 81 984 61 40 75 74 659 72 90 78 95 270 17 73 85 94 225 19 1 44 34 9 71 38 80 93 991 39 50 85 53 58 30 58 51 98 549 97 8 98 95 15 41 83 97 95 941 2 26 76 47 720 62 9 76 57 331 54 64 95 72 444 20 55 43 79 597 51 18 92 25 947 52 90 81 91 260 85 75 89 76 13 70 52 82 56 406 49 46 86 98 846 78 31 82 88 177 5 73 63 81 350 78 54 89 62 584 22 22 87 48 798 25 84 87 91 369 65 85 81 99 250 43 0 90 91 956 69 30 93 74 75 85 87 90 88 564 83 16 96 98 739 48 68 71 74 530 65 53 68 89 860 68 19 96 54 766 89 4 97 26 39 67 48 94 75 486 82 71 92 86 66 39 41 57 79 54 97 15 98 40 985 43 54 77 75 147 41 65 75 69 429 68 37 97 98 223 48 31 88 45 507 6 22 32 95 505 87 25 88 87 885 0 19 59 65 207 92 60 96 94 212 39 26 67 76 972 73 38 88 75 282 30 18 85 71 410 22 83 34 92 132 8 73 37 92 249 91 63 93 93 590 95 91 99 93 481 44 36 98 58 955 95 50 98 72 390 93 67 97 75 247 35 51 79 79 257 54 24 72 36 147 39 85 65 86 958 13 26 25 29 40 49 84 53 98 278 12 56 52 66 394 39 12 95 88 61 85 43 96 79 167 57 26 85 40 46 82 24 90 26 151 65 0 79 27 584 96 46 96 98 912 13 5 59 68 435 34 42 64 47 222 54 33 88 53 658 70 22 96 39 410 83 80 98 80 839 77 5 89 30 834 37 22 42 51 442 69 46 95 68 479 83 83 91 92 748 98 71 99 77 386 58 94 60 98 499 52 11 99 11 695 37 19 97 28 684 25 34 80 81 551 55 39 84 85 119 2 46 81 88 749 38 17 97 49 599 3 93 4 96 997 20 48 40 67 581 19 82 84 85 706 53 0 69 77 829 11 75 95 76 333 21 44 68 44 843 81 61 86 97 557 46 91 86 92 338 85 7 92 77 925 31 81 61 89 265 8 30 10 84 875 4 46 8 81 628 87 4 90 66 896 15 2 54 29 609 80 21 97 69 945 9 29 58 84 607 97 0 98 99 253 9 3 49 76 156 13 4 46 52 310 59 41 68 94 671 42 75 94 97 806 51 28 77 50 439 36 53 74 54 675 57 96 84 99 999 60 27 61 94 546 86 39 92 72 791 3 53 99 58 57 6 26 30 31 299 54 47 70 69 376 22 78 73 97 979 16 60 39 62 473 35 11 54 45 159 29 13 94 32 199 56 71 67 77 970 61 10 83 32 459 34 80 39 84 816 47 28 99 57 184 97 53 99 66 300 12 1 86 8 578 62 57 86 80 436 18 18 64 63 92 87 67 98 68 187 18 16 42 38 279 29 80 38 85 749 7 58 13 86 150 10 39 34 51 291 23 11 37 54 299 28 49 65 98 61 78 69 81 95 803 58 70 63 97 603 43 11 92 22 699 62 27 65 55 79 83 27 96 32 246 86 82 94 99 438 86 44 91 88 542 67 83 79 95 724 70 96 78 96 611 91 5 92 33 851 20 87 50 98 739 80 25 84 38 61 83 23 98 70 447 74 24 85 43 965 41 96 88 99 562 51 57 54 99 532 7 44 51 67 480 83 54 89 61 99 16 95 50 99 607 80 29 98 64 213 97 44 97 44 466 64 46 91 83 710 26 21 85 27 401 77 9 79 66 687 2 86 72 97 13 18 59 93 94 821 69 31 88 48 432 79 33 88 57 510 37 2 70 84 144 82 87 94 95 568 37 77 98 78 873 57 60 68 74 800 36 76 40 82 343 48 24 97 70 3 71 81 79 94 547 51 77 73 91 10 73 75 78 80 636 79 27 88 43 694 26 3 53 42 471 72 22 98 49 222 88 25 89 74 216 20 6 48 72 658 52 17 74 56 35 69 95 81 99 143 81 89 97 89 778 69 13 84 97 856 92 2 97 41 293 54 0 74 48 813 58 68 99 95 133 28 8 77 47 154 74 97 82 99 663 23 88 57 97 382 10 30 50 94 38 74 16 93 80 924 17 60 63 62 615 18 15 40 92 182 5 4 92 39 114 19 89 50 93 368 78 28 86 78 734 41 84 73 92 486 39 2 63 36 57 82 1 97 74 30 41 86 49 87 872 61 63 99 80 985 35 71 57 90 372 21 87 76 91 793 1 48 15 89 347 83 16 90 85 963 98 67 98 81 486 30 4 44 22 546 22 62 52 76 827 73 39 92 84 446 52 61 83 78 198 7 3 76 26 873 10 26 73 75 570 17 78 29 86 239 25 59 89 72 566 15 46 26 94 866 34 2 60 42 258 39 13 84 62 567 91 66 96 94 664 74 84 78 95 542 37 41 87 94 124 43 86 95 93 61 54 12 96 15 683 68 7 81 30 953 70 40 72 57 262 57 26 92 78 726 5 69 37 70 427 51 7 83 49 979 52 61 98 80 874 59 92 90 94 249 14 74 68 85 202 3 58 15 66 625 6 22 48 93 637 76 9 99 59 11 43 85 57 98 172 95 23 97 92 439 3 41 17 69 519 66 67 93 80 80 23 26 44 80 650 45 70 57 99 459 69 81 82 84 246 90 52 95 86 434 11 18 16 40 225 34 41 85 80 484 0 83 53 97 291 97 33 99 62 36 45 25 67 43 88 8 15 25 56 689 38 13 99 73 770 22 57 97 80 824 4 37 68 88 566 43 51 95 88 629 77 24 81 28 185 27 65 84 76 734 45 67 47 98 423 76 93 98 97 593 81 21 92 53 586 46 96 58 97 115 78 89 83 93 102 82 17 98 45 852 45 19 93 57 593 35 63 76 77 458 66 77 79 79 609 9 53 52 67 511 8 83 19 95 575 59 7 90 49 70 89 36 95 84 977 41 28 98 74 439 92 32 94 96 534 78 83 91 88 623 0 41 99 58 407 51 10 70 76 419 32 98 43 99 119 89 69 96 99 772 38 21 85 83 655 31 41 56 43 331 40 3 41 62 953 94 40 94 74 910 93 25 97 30 173 16 94 57 95 405 12 23 43 60 435 22 96 35 98 643 79 66 95 74 403 6 7 94 18 647 98 66 99 80 346 42 82 74 98 34 91 65 98 93 187 88 78 97 79 446 79 70 91 91 735 37 54 72 81 681 3 69 6 76 813 48 28 66 86 795 69 4 86 99 105 15 6 51 42 69 91 19 93 25 423 84 63 84 81 46 2 92 70 99 919 44 59 55 82 637 82 19 96 45 187 83 41 84 89 762 72 48 95 76 130 81 43 89 83 106 72 63 74 95 712 12 61 12 74 697 30 24 32 24 392 31 30 89 60 668 70 36 74 45 480 12 78 99 83 870 85 92 98 96 113 95 11 97 68 42 51 22 95 26 802 68 49 79 52 37 9 96 49 98 305 70 93 77 97 464 26 68 52 76 81 12 24 15 48 115 63 29 69 45 678 56 11 66 90 124 62 48 83 50 188 71 73 84 79 858 79 95 95 99 940 62 77 71 85 621 50 30 81 62 268 87 79 93 85 533 12 72 17 96 661 56 26 80 89 462 76 74 78 86 556 81 95 89 99 761 86 57 89 66 726 78 33 86 88 228 10 26 71 77 645 55 25 77 72 973 90 52 96 53 185 69 30 85 54 246 30 96 77 96 951 76 49 81 89 79 93 79 95 94 47 66 74 95 93 2 30 76 48 89 704 30 15 64 86 475 85 87 93 91 219 93 93 93 94 911 30 58 60 92 521 57 45 58 45 156 85 90 85 98 882 96 81 97 98 78 31 94 43 95 55 21 68 39 73 352 16 56 35 78 279 6 21 28 68 262 50 65 82 98 643 73 84 91 84 143 55 88 72 91 790 14 22 16 69 182 26 84 43 88 328 28 6 71 76 716 87 97 87 99 653 60 55 62 95 233 67 48 80 65 579 36 12 39 26 733 22 37 59 91 267 90 9 94 56 588 69 39 71 71 729 24 2 76 70 483 94 49 96 62 66 74 27 91 37 870 49 76 58 97 997 74 41 99 63 68 6 91 62 91 125 54 25 90 47 288 9 49 84 81 111 66 47 96 62 694 23 18 40 22 670 60 78 84 86 907 31 18 81 86 270 57 86 86 90 193 5 62 49 85 300 65 46 78 61 297 97 5 99 17 618 26 89 43 92 348 78 3 94 61 356 73 71 85 73 380 23 37 39 82 626 23 19 55 41 162 26 56 95 67 948 42 82 77 90 905 48 69 67 88 461 49 14 57 37 888 18 78 90 94 690 45 13 59 50 30 32 30 33 48 740 89 43 93 63 821 18 1 58 98 272 30 50 53 62 531 28 50 58 52 611 35 83 41 87 277 32 17 75 19 995 74 22 91 39 693 81 81 96 96 330 70 1 70 43 561 53 75 88 90 661 35 66 46 93 887 76 39 87 52 105 92 80 92 92 54 3 85 79 93 394 18 31 41 66 829 66 92 97 96 27 38 30 77 32 715 83 88 94 91 271 95 76 95 91 674 65 55 91 61 161 72 59 72 80 157 33 40 81 45 435 91 46 91 57 911 73 40 73 63 498 14 53 89 65 374 16 46 45 97 106 5 71 72 87 399 4 91 95 99 772 88 96 89 98 528 93 11 98 13 309 41 74 41 77 414 50 18 95 83 525 84 93 87 95 267 51 1 78 37 961 82 70 96 87 362 6 2 26 36 124 85 50 87 99 739 82 22 90 90 515 31 4 92 84 550 37 71 38 95 925 93 43 94 81 41 53 32 90 93 963 94 61 99 65 32 58 78 59 91 345 66 7 82 33 129 88 23 90 83 783 63 39 84 61 967 83 32 90 33 983 58 19 77 90 174 26 83 67 90 120 22 4 45 39 847 17 95 57 95 243 86 3 90 72 368 33 59 44 88 948 76 48 80 77 314 95 47 95 56 183 21 70 49 86 300 41 63 47 90 584 78 43 87 81 119 29 92 57 94 309 3 19 42 60 916 82 24 82 96 486 62 74 97 90 745 98 55 98 60 162 26 31 70 31 307 51 94 82 96 419 48 41 70 92 174 60 82 70 97 320 26 19 85 40 847 66 31 87 92 262 88 53 96 93 751 26 45 27 74 277 19 93 92 93 525 12 63 27 99 707 96 96 99 98 247 8 66 50 84 784 27 17 57 41 806 66 72 76 74 729 13 78 13 96 59 54 77 71 93 619 19 18 20 34 793 81 29 96 60 407 14 46 23 69 471 44 25 56 65 219 44 82 47 94 653 96 92 96 97 924 78 75 83 88 701 64 98 94 98 528 11 64 74 99 799 71 37 73 85 717 16 96 55 97 596 4 9 73 61 310 24 90 95 91 671 37 13 38 74 439 80 18 82 66 6 73 8 80 36 134 30 11 81 33 450 82 0 89 46 193 71 28 72 53 535 20 35 63 53 570 12 77 38 92 313 24 77 35 82 904 35 81 89 81 897 2 28 49 34 839 98 91 98 92 527 80 90 88 95 652 7 31 86 39 438 70 24 79 72 30 18 95 97 97 190 9 93 82 96 849 73 29 87 77 865 11 11 45 70 222 97 24 98 97 466 3 3 56 67 637 95 33 95 49 3 78 28 81 61 651 19 98 81 99 248 41 15 81 89 589 25 64 96 75 278 49 10 52 58 232 47 39 66 48 430 15 75 30 95 552 10 44 42 78 654 97 1 98 58 226 20 26 59 40 774 76 70 87 88 114 8 86 21 91 402 60 94 98 97 584 78 50 99 95 70 88 47 93 84 683 79 67 90 76 368 16 29 63 91 37 51 81 59 95 796 70 29 97 51 958 2 46 32 82 742 96 82 99 98 655 73 43 99 85 134 5 2 7 74 754 48 12 62 83 453 39 31 97 77 64 29 49 32 62 774 10 0 58 12 7 43 20 75 56 586 34 69 90 76 286 43 31 90 93 207 16 38 68 60 396 75 6 83 80 898 98 97 98 97 599 35 82 46 96 238 50 60 64 83 252 32 86 69 87 302 58 63 78 88 492 43 79 94 82 116 97 28 97 48 827 17 16 81 79 251 66 19 93 70 1000 48 67 92 84 209 69 57 92 85 461 26 22 38 39 519 2 60 76 82 350 56 75 77 78 206 66 67 67 83 594 83 2 96 70 539 78 37 87 69 357 91 22 95 88 537 46 51 86 98 620 88 14 92 28 478 25 30 89 33 324 94 88 95 95 622 70 86 78 90 49 83 44 89 79 734 33 11 96 41 639 55 98 77 99 914 50 70 58 83 650 18 14 73 48 224 48 43 73 87 248 90 2 92 56 663 44 35 47 89 518 35 11 91 99 354 73 48 82 48 840 96 10 99 89 191 65 57 67 96 438 98 59 98 84 742 72 32 90 88 644 60 81 86 81 614 95 55 97 86 285 8 48 21 96 615 90 25 98 62 224 67 28 79 87 865 64 14 72 97 870 82 89 99 95 11 97 19 98 89 859 85 30 96 96 533 35 77 41 88 156 60 62 92 90 742 5 37 49 47 785 8 52 18 72 334 17 83 26 84 334 32 28 91 54 565 7 5 28 64 516 39 98 81 98 840 40 71 57 79 558 17 85 76 95 862 98 16 99 94 844 61 4 68 76 192 60 61 89 67 978 79 21 93 49 336 54 42 69 55 865 1 53 80 53 398 90 63 95 73 687 73 50 74 80 708 97 79 98 79 698 19 85 93 86 5 57 10 76 13 993 92 92 94 93 184 9 52 50 92 20 94 49 95 86 69 87 73 99 76 917 24 90 60 93 252 38 56 88 72 468 76 14 79 53 42 36 63 41 81 351 51 94 66 99 801 95 23 97 89 106 20 22 75 36 714 18 53 90 96 205 90 37 91 42 373 3 25 94 67 763 83 43 89 52 517 97 4 98 6 545 36 7 84 32 215 25 36 35 45 895 7 19 66 21 716 97 9 99 94 723 18 83 59 85 460 7 14 87 76 359 66 31 98 78 112 74 62 89 95 96 81 36 97 36 20 9 6 75 82 273 85 15 99 98 980 81 11 93 49 326 36 16 53 84 821 91 62 98 99 253 69 8 89 54 892 76 15 99 84 916 20 3 37 5 438 62 39 66 80 608 0 0 82 74 219 38 30 84 87 693 75 47 86 73 503 8 22 67 34 641 39 80 87 80 371 18 67 72 81 552 29 41 61 42 787 82 11 87 83 365 59 45 95 74 98 23 48 61 97 926 21 19 60 63 91 96 80 97 96 906 13 3 67 53 283 0 49 27 79 917 30 41 59 68 769 39 47 84 57 399 32 50 50 53 161 70 77 86 86 974 60 86 93 90 395 36 35 78 73 459 47 54 53 98 521 8 97 62 97 678 30 21 57 67 597 76 69 82 87 978 76 12 84 53 895 72 73 84 95 515 98 47 98 49 932 31 29 36 84 761 74 47 96 68 755 75 97 91 98 414 95 13 95 54 454 19 10 52 86 881 96 27 96 58 646 3 24 89 66 80 50 62 77 98 188 90 44 90 82 271 41 10 78 46 521 44 63 53 79 775 97 34 99 60 727 29 10 49 73 420 5 40 92 70 445 70 94 73 99 94 75 15 86 23 514 16 93 18 96 828 20 79 45 79 571 32 65 74 83 154 1 16 51 21 434 15 26 70 91 630 80 26 86 45 46 41 82 69 94 918
