100 100 1000 2 603
7098 7847 3880 7780 7890 6942 4984 7379 6305 7115 6907 4916 3926 5365 5506 7190 1909 7591 8624 8599 9572 4989 9117 1763 1402 8552 8676 9986 8579 5307 2176 5813 7489 8916 1484 9584 8307 3284 8219 2146 9709 2745 4905 3740 5472 8758 4880 7650 5593 6321 8339 7525 8816 8263 1138 5592 7014 1603 6618 8634 6507 4997 7747 6410 7597 3135 1966 7663 7393 8635 8462 1196 1110 8516 3877 7090 2801 6738 1169 6529 8819 4099 5839 5095 7633 8504 2958 3440 2122 7200 2403 4357 8614 9096 3326 2202 6559 1098 4190 2809
4964 9533 8697 5779 7609 7128 4021 1035 9075 7125 3842 7034 7752 2674 8109 2720 4247 7683 5720 3494 5135 3377 6621 1715 7569 8444 9210 6693 6255 1182 9122 1532 9937 4047 5912 3755 3269 8873 6783 6125 7563 1842 6835 1849 1501 6774 2697 4379 3147 9467 3205 2437 9452 8655 7012 2638 3089 3799 2490 7388 1434 1081 3547 6183 4030 2616 3526 8553 7479 6655 6103 6726 1929 5058 6844 5518 3795 9736 7672 7402 5401 6424 2268 8321 2646 7561 5963 2021 3560 9895 4439 2049 8070 7878 6004 8712 8896 5677 7193 1375
2384 7649 1896 2846 6790 1942 5820 4245 7609 8281 5991 7612 9889 9563 9835 3720 3449 9068 8127 5745 7895 3721 8565 9623 4783 1823 9351 6637 4391 1131 7420 6545 6422 7597 4275 8931 3051 1749 7168 1763 9121 3154 4586 1467 1868 6795 3525 8785 4606 2087 4663 2745 6739 9102 2036 8087 2013 9307 2562 2241 2491 7008 2582 4010 1047 7179 3468 2342 6091 2771 9930 2834 4700 5746 8615 4421 2885 7037 9458 6364 1153 1385 1244 8671 4258 8731 8878 8323 6102 8554 1316 1259 8564 7954 2459 4464 4384 1995 1768 9989
9381 6924 1056 8326 8906 2504 2515 3241 2820 4660 2986 5522 2281 4957 2288 3358 8845 1094 4754 1356 4264 6956 3209 7129 9145 5777 6265 2407 4107 4589 2779 9210 9217 5582 2843 5920 1588 9348 6675 9730 3494 7169 2601 5152 6446 3577 5107 4271 2413 4396 6170 4199 7005 6554 7244 3251 3269 3362 5670 4519 4037 3395 9341 9073 5331 1277 6135 6884 5783 8382 9983 4613 9064 2523 9887 2921 3163 7964 5341 4278 5075 7495 7314 9439 7503 5731 4765 1015 5740 3972 5191 6810 7891 1224 5450 9967 7103 7042 8408 4443
7105 5707 4277 9735 5306 7473 5196 8143 9634 4171 4922 3327 9223 7181 9187 5879 7719 8037 2818 7228 4826 2783 6805 6824 3311 7673 2443 5091 5340 8394 6399 5926 6826 9394 6504 8603 3623 6677 4134 4972 4446 7921 2841 3916 2862 3307 5127 2119 2155 3008 1989 5181 5549 9017 1428 5267 4622 2839 7738 3642 9769 8159 5499 7725 3314 9558 6652 1068 2304 2756 9375 8772 7796 8361 2356 2593 1879 8932 9337 3088 9605 1688 3262 7509 2546 1462 7207 8729 9944 8042 3320 1319 4248 9899 4239 6061 5189 1663 3361 9788
6030 8924 8485 9827 4603 9110 3521 6008 9411 9069 5948 3119 3094 8916 4124 4642 5508 3812 1800 9829 1304 3080 7397 8599 7678 4015 5233 1948 8779 1297 6296 7286 7817 1774 9424 5460 8114 4467 3795 8013 2070 5009 1357 7077 4515 6289 1067 2800 7641 9325 5066 2071 7590 5209 5480 5436 1134 5682 8850 7082 9285 1166 6410 2171 7293 5119 1546 3255 7262 1898 1756 6267 3887 6579 3687 3271 8573 7983 5166 9546 1564 1681 3180 9100 4999 8730 9528 4501 3172 4601 7979 6431 2574 7608 6781 3072 3030 3351 7948 6817
5883 6612 9034 4972 1961 7528 2703 2524 7897 9330 4024 6893 1625 2969 7328 8669 2221 2994 2072 8230 5526 8870 4708 2320 2566 2606 7035 5666 4739 9427 7167 6167 4445 5831 8433 9990 6167 8038 8307 6923 6634 5236 4255 4989 4490 4508 8267 2571 1263 1408 2558 5260 6666 8168 7691 6315 8672 2722 7939 7582 9834 9190 9279 8622 4788 2783 8097 4800 3664 3069 9359 4981 9975 9825 7611 5308 4011 9957 9667 1922 1368 2566 4690 2149 5590 4672 5632 7640 3024 8563 4620 5655 7401 8704 7999 9602 7465 1040 1150 2494
7080 2629 3170 9924 6812 9092 4421 1946 6162 9924 3022 2608 7097 3912 9124 9016 4011 1196 1573 3888 9455 5153 5941 1657 8486 7155 9516 1905 8874 9674 5683 9063 9796 1449 4940 1354 3247 8878 8814 1786 8939 2440 1534 6700 7631 2886 4016 4051 8741 7666 3186 3209 6223 2048 2172 8219 8950 1317 2224 3455 6831 3920 3030 3496 7810 9049 2657 2059 7825 1474 5554 2044 7378 1939 5685 1252 6009 3389 6440 7964 3055 1299 6182 8507 3374 5195 3695 9226 5491 5258 3054 6355 6571 8903 3696 1792 2674 9179 9089 5232
4922 5328 9487 6582 4732 8873 1095 7473 2793 7305 8518 2079 4242 6069 8618 5990 4494 5597 3670 1293 8207 7902 1650 3913 8884 4930 4779 8933 3958 9382 2979 1103 6350 8554 9532 7851 4172 9625 3076 9610 3229 9678 1819 8240 3130 9741 6798 2313 7421 6106 4749 8194 9493 2704 2502 4105 7442 2208 4646 6592 3154 2867 2752 7863 2508 7158 9801 7691 4505 6307 6473 1053 4891 2023 8299 3326 7828 7828 1420 7140 6772 2458 9720 5663 8654 1173 3661 4834 6499 7925 5053 2260 6261 5950 6056 7829 7599 7244 3887 2617
4891 9475 6212 8192 1072 2657 3445 8036 5375 3319 2624 9147 7472 8647 1947 6735 7506 6886 8400 1658 7171 4022 9256 8991 7405 3807 2990 3690 8398 5139 3189 2681 8484 8875 6300 8053 5614 2174 6211 3894 4542 2331 3434 4481 5144 6881 2242 3345 6577 7875 5922 9687 7058 6501 6745 3988 9316 7596 5654 3376 1112 8969 8923 7862 2088 4781 7563 7587 2777 1003 2109 8047 9593 7668 1321 4403 1271 1617 5035 4872 6271 1013 2589 2213 7522 3306 9453 1338 5486 6464 2095 9088 8592 4664 9487 7284 8496 2062 6082 9421
8558 8770 4392 8810 5497 9588 1731 9723 3917 9197 9241 9627 8681 3487 6348 7210 9149 8515 4842 9597 9439 2901 9513 8655 6130 4350 1451 6462 8962 4131 9203 8186 9488 1244 5248 4645 3621 4252 1787 6793 8914 2692 7507 6953 8217 3743 7922 1101 8357 9898 1999 8065 4044 9866 8328 9540 7609 5303 7901 3685 7837 9049 1602 1179 8435 2864 1773 5935 8402 2760 3854 4404 2909 6347 2763 8987 1695 8482 5484 8094 8062 6472 6854 7984 9929 2467 7940 8523 7555 3765 4702 2507 2087 4513 4418 1847 8737 8828 4022 4068
2102 2419 5782 9220 6467 1907 2064 8215 7897 8137 5571 8835 6284 3348 1345 9801 2942 5014 4964 5850 1936 3155 7569 8839 2951 4362 4251 9487 1300 1806 3278 6574 8642 3856 5802 6874 7589 9789 2868 3016 2765 9700 6255 1607 2728 9577 2779 7228 1893 1091 7836 7666 1793 2974 9001 7641 8835 4064 2451 9626 9707 6392 4068 7550 9001 2773 1650 6987 2294 6750 4973 9234 1429 1958 3425 5091 6390 6061 2184 6192 2120 8706 4611 3339 1928 4605 6876 2555 8114 6367 5265 8845 1587 5297 6511 1806 3158 2673 4420 3172
2735 4232 6764 9038 8371 4106 8727 1388 7947 3879 5920 7759 6002 2697 2827 5541 1136 6382 6033 8659 7279 8918 4564 3672 6786 9212 3925 7882 4176 4054 4413 8851 8618 1000 2832 2339 9711 5036 3342 1834 5416 2045 3310 4941 5297 7673 4593 2340 4373 8869 3695 6855 1197 9165 8269 9812 5059 3509 3338 6466 2694 7746 2421 8144 9542 9118 6370 1128 3362 4188 3351 5279 9942 5237 6802 4025 2469 9697 8172 1508 4932 8059 7020 3478 6290 4447 2284 2266 2109 6690 7798 3319 3157 3450 7415 6193 1207 3640 9783 9882
5504 9852 4858 7209 8155 2414 4691 5819 7185 1482 1216 4927 9259 1619 5933 4566 7558 8652 9476 1352 4783 7618 1938 7108 1303 9646 5259 3492 6178 4688 4167 4261 5392 2508 2140 6551 2457 8756 9132 9367 2593 7402 5836 5609 3953 7670 9543 8840 1878 2547 3072 7658 3693 9930 4251 4434 1868 9859 2392 2948 8791 3454 5327 3506 2439 6433 9255 8500 7513 9965 3286 8255 8889 4343 7642 2443 9953 9012 1709 7090 6576 2281 3342 3992 2373 6553 3609 5114 7542 4055 6659 5364 3823 7879 1941 8504 2114 5750 6492 2261
5276 8503 4338 5144 1870 9092 5440 8857 3382 2353 8863 4197 7246 3761 4757 9581 9276 6092 6032 9841 8463 4282 6340 8964 9490 9204 1799 9382 8002 4255 1373 3769 1965 1654 8273 6601 7536 1638 6353 6055 9248 3916 4559 1505 1049 9501 1644 8593 7516 7917 3334 8485 6267 4715 4957 3159 3089 2537 7691 7293 1274 8062 7180 2130 7743 9613 1751 6397 3515 7690 9316 2833 5172 7497 6249 1065 7965 6360 8698 8272 1927 1445 5794 4332 2858 2326 7244 7228 9499 7090 1421 4490 6811 4548 6776 4887 4732 9617 6644 3579
4509 7830 9883 8265 5319 5142 8424 6998 9368 7423 7671 6117 7076 3741 7335 5796 2163 2633 3449 6179 5117 8599 4815 2297 2464 4727 3905 3556 7434 3413 1486 4029 6697 2836 4290 5382 9419 1797 3608 8922 9721 6449 8675 9139 2897 2383 9074 7970 3796 8998 4981 3884 4905 8456 2469 9248 5598 7308 1468 3981 9723 6352 4795 6105 8504 6292 3768 5587 3584 5684 6436 2535 7949 7088 3956 4175 7628 6429 1952 3688 1661 7343 1807 6376 3541 7521 5693 7739 3699 7538 3705 8853 5526 9658 1375 5211 8486 3448 6119 5521
2062 1766 9799 4058 3593 3829 3093 6345 8808 3953 7739 7090 5440 5407 8903 9062 5170 2109 1238 1091 7497 5248 3373 3351 3910 4818 9368 9851 6597 9389 7875 4273 5802 7194 6314 4007 7901 4705 9517 1525 7389 2158 1253 7902 4213 9762 7963 7932 1300 9250 8920 3791 7053 4367 3134 1514 4927 1517 1261 9577 1634 2941 5952 3039 3042 3416 2610 3790 9518 5444 6877 4629 1389 1461 3666 3624 2646 5272 9624 8526 3756 9788 6479 2161 5678 3763 9164 1382 1045 2569 3934 7476 2569 8399 8036 1676 4501 7612 8533 4786
5754 4584 9551 9880 4983 4299 4151 1904 7629 2685 2650 6641 6766 7609 1536 6528 7530 7805 7968 5519 2188 6707 8952 1023 1817 1214 7708 4013 9235 3406 6806 4714 6104 5677 7479 2708 2994 8914 3717 4959 8502 5421 1814 1786 6286 3223 8970 8141 1738 5384 2530 3315 1931 1774 1958 8481 8222 8327 6631 4678 3013 2587 4877 5079 6191 3581 7287 5580 4227 4774 4237 5953 4526 6805 2463 3274 1377 4916 6582 5872 5141 2405 3546 4987 5036 3926 1854 7818 4474 4304 6561 2786 9381 2967 5485 4530 3210 5719 5003 5630
2934 4998 9173 7341 9377 4692 1471 2179 7727 2310 4953 7067 8431 6741 6312 7288 3812 2775 1229 4834 8922 2750 6352 3775 3682 3088 2032 1272 5995 5337 7311 5313 6590 4487 1148 1877 9013 5217 4916 6157 1649 3526 7401 9662 5251 4076 4469 2057 5968 2901 3941 9177 3145 5583 9169 9970 8241 9812 3996 5530 3613 6722 7802 4206 7951 8032 1054 5535 8661 6081 5023 6919 1870 6327 6587 3925 3887 3226 9362 2575 8234 7966 2511 2540 7963 5313 3279 3968 3588 3722 9855 3140 2034 1172 7702 5197 7705 3038 2884 7595
8941 9976 1802 6648 7452 6128 1003 8080 7398 1506 6567 4732 4410 4294 6851 9975 6998 7288 6510 7369 2814 4380 3771 8394 8871 4168 8520 1393 4028 3981 9897 4182 9523 7637 7410 9023 2853 5940 3082 2525 5294 1192 1673 7902 9083 5904 4674 5714 4213 7128 5080 3911 9307 9012 9199 2038 3308 2811 5942 8291 4894 8365 1413 1363 5721 6436 7908 7190 7956 2618 7606 4624 2830 6759 1658 1661 2521 6007 1089 4997 7802 4410 2841 3455 4919 7803 1833 6816 5845 6249 4676 7841 3458 1579 9551 3053 3794 5092 7027 5724
9674 5958 7282 5612 7187 4393 8051 1356 6850 8799 4682 4135 3106 6500 9611 6679 6812 7349 1062 6274 4384 7323 1370 8884 8716 9852 2987 7824 5852 7748 2805 9020 6746 6087 6867 8495 7883 7479 5732 6782 8493 9769 7858 1002 5651 5617 8672 6016 2104 2825 2262 6430 9909 3056 2177 3623 6676 9752 6751 5522 4484 2090 4921 8307 5653 1761 5290 7630 6674 3717 1571 8611 3066 1982 6102 5452 6064 1655 3174 8755 1836 9406 2886 7372 5767 8788 4439 2424 3662 5106 1435 6208 1473 9674 8314 6317 5948 5013 9401 9268
3211 7157 2249 9314 1270 1617 6342 1717 6342 8572 2937 8449 4677 2182 2077 6056 2327 3906 6680 3655 3839 2404 3720 4131 6401 8551 3220 8881 1144 6325 3749 4714 8866 2310 8882 2337 9268 9670 2739 9027 7029 9625 5430 5856 3368 9897 6793 7267 6490 7380 2303 9046 7849 7877 9196 7672 3781 1594 1892 8294 4271 2992 8642 7062 5160 9695 7876 7596 6268 6535 9782 2371 6014 3514 8045 8583 4462 9594 5042 3603 3432 4280 3283 5899 5977 3053 7041 6795 1322 2390 1352 2732 1250 7868 5799 2417 6249 5442 5942 8597
5356 5052 6045 1215 3709 2237 9230 3777 8659 4761 5507 1244 6504 10000 6488 8896 3167 3463 2434 3861 9010 9768 4522 2891 9179 7498 7241 3734 7585 5710 2644 9297 8990 2237 8146 5658 1526 8464 9097 1302 5909 8046 7269 8433 8438 6033 3073 5129 4089 8255 8261 6469 4341 5872 6886 5274 8369 8025 7974 6074 6443 1622 9320 6631 3680 1320 4857 3681 7954 2234 7857 2590 6937 5491 2130 2638 6206 6278 9694 1941 3375 9874 1620 6365 1132 6263 6431 4991 1469 4934 9326 7118 8958 1614 9111 4669 6834 5481 1279 4345
6057 8722 1697 5066 1739 8898 1501 8782 2093 7632 5760 2245 6102 1313 7992 3717 8049 5503 3684 7288 5002 5031 5577 8796 1047 4250 8896 2759 5482 1325 6212 7455 3087 5664 7985 7224 4253 5463 7159 3065 5642 7387 8599 3175 5785 5448 8593 8409 3968 8830 4151 4703 7377 3754 7224 1533 2000 9043 3781 7886 2158 4594 3099 4896 4349 1659 9823 8308 4341 6290 5024 6194 1687 7441 4341 8677 3724 1041 4294 1926 2066 6106 6912 4474 1699 2598 7267 8857 3123 9604 7272 2414 5037 8677 9644 3128 4508 9701 8362 9632
9453 6117 1336 7354 6397 7274 3339 6961 3108 6823 5603 3275 9468 6103 1557 7723 9633 9576 8260 3452 9102 7791 1453 2800 3706 9910 2100 4800 4614 7648 2562 2985 1622 6108 6823 7755 5806 7763 8938 7326 2404 3853 4131 4926 6245 2140 1728 5949 9031 4755 9694 1260 5844 2919 8452 2116 5425 1760 1861 1330 4617 5870 5730 8389 7591 8261 2217 1378 4962 2688 7261 2014 6696 3312 1756 3590 4028 2640 1430 7293 2346 4565 2881 1479 4737 4725 5508 8364 8406 3496 8000 4438 5500 1412 3785 1584 2196 9035 8951 1363
5106 6026 6566 1451 7260 9633 7705 2272 8411 1980 5415 8973 4899 3482 7776 4496 4252 8301 1491 5609 8344 5170 6879 7600 5132 8079 9823 3025 7086 7115 2205 9678 4157 9206 5815 5060 8132 2012 8672 5214 6322 7589 1695 3483 4375 1802 4042 9437 8922 2340 2381 1745 3372 5792 1425 4463 5193 8893 2453 4138 9789 3410 4883 7729 9154 1601 2823 8910 6144 8848 7670 9014 8153 8310 6990 7188 9992 1843 7447 4916 6506 2580 8874 6843 7464 3505 2172 9635 7921 9235 2356 3467 2338 2063 3614 8213 7719 5479 6259 9240
4114 9764 8209 6639 1846 9501 3675 9718 8635 9709 4262 1145 3936 1983 5816 1107 9178 3983 9659 3979 1713 6059 9537 9659 9647 7209 4144 4895 1162 5514 4175 1981 7934 8071 2102 6703 3202 4323 2076 6524 1307 9294 8539 3776 6371 9583 8891 2979 2110 6583 7121 6273 6175 5995 8540 4399 5323 1303 3587 5151 5574 5210 5295 2275 7175 7050 9498 4573 4299 8269 6137 8759 4197 3624 6020 2866 9214 7714 3966 9358 9392 4571 7918 2675 7540 3511 8252 3946 5895 2662 2851 4956 9908 2518 3549 7531 3549 2381 5749 7689
4701 4233 1781 2808 5127 4314 4056 8751 9233 4776 9048 1365 6451 6280 7415 8618 6293 7986 3079 4187 7809 2482 3444 9573 4291 6535 8586 3704 4285 4477 1433 1418 1214 1846 7581 1168 1407 2826 9962 1840 9936 2911 4776 6936 3228 6521 8269 4646 7573 9449 9461 9227 2955 5721 9530 7967 6387 1891 5975 5197 6619 6966 3439 9073 4339 1395 8960 2361 6925 8877 8778 9928 3583 4480 1660 8500 2216 9432 3325 8300 5448 5552 2725 8987 7107 5048 8004 6775 7418 1440 7551 7206 6132 5688 7701 5224 8963 9961 6752 9193
9491 5198 6040 9120 7007 6735 5283 9284 5959 3804 7791 7165 9986 5166 1428 2317 5922 8124 4684 3605 9366 1191 2394 5817 8414 2777 2173 9929 7956 9035 9035 7282 7719 6460 9545 3249 6403 3014 3528 3944 8807 2591 7748 7935 8546 1721 5762 6859 8581 9037 2036 8179 9277 5368 3033 7906 8070 9397 1008 2855 9368 4963 9565 5577 9426 7172 5939 9284 2594 4420 1677 2475 6600 6844 5801 6268 5250 5351 1921 5834 8872 5878 7551 8081 8870 3740 4511 6752 6547 5703 5315 2417 9849 5129 4510 7850 8341 4061 6308 3320
3832 2415 4706 7151 4171 9913 7885 5637 6999 4158 2046 6369 7965 2604 5152 6833 3939 4593 4365 3062 2170 6887 3811 4065 2559 1681 5118 9223 5751 4118 9911 6105 7920 9936 5760 1733 4369 6518 2431 1096 4414 7623 5901 3228 2600 8896 9100 3201 6752 3405 4645 1709 8149 1787 2211 3503 8540 7672 1170 7633 4556 5006 6029 9215 2511 6357 7029 5127 9650 9578 1728 1937 1083 1875 7375 2218 8141 5475 4746 4604 4113 6826 4165 7281 8547 8057 1520 1628 8166 3768 2275 6620 8388 3553 5873 5881 8524 4230 2314 4099
2302 9226 2936 2584 5658 2705 4987 1146 3354 2012 3520 2421 7895 8009 1700 3060 9084 8972 4549 7148 7777 1897 2391 7541 8100 5116 3289 8158 1022 6162 7994 4727 6313 1107 7043 1324 6388 8149 3091 1444 3962 3941 1066 2349 9209 4997 4950 8008 2512 1088 1003 6500 8067 1884 4094 7719 3560 8421 5784 3186 5433 3191 6570 6177 1037 4391 4284 8596 9772 2435 2865 1516 3953 6999 2026 2775 5504 2225 4606 7241 4639 8770 4794 7960 7319 2339 5067 6178 3345 3674 5438 1815 9512 3447 5240 4961 2251 2845 8411 8099
9258 7993 4064 3205 1198 7810 8252 4062 3926 6770 5930 6008 8062 5962 5291 2746 3631 2460 8710 5354 9308 9013 7453 1432 1108 6077 1388 1339 6200 2337 7983 2561 2273 5514 9123 9630 9254 6196 8130 9533 6837 2826 4306 3095 1833 4890 9451 4306 3559 9479 2646 8149 9533 9836 6373 4923 9595 1252 8466 1488 3619 3263 6994 4176 6470 1629 4577 6061 5879 7732 5751 5994 1583 3420 2616 7890 5910 8178 1391 4254 8292 7206 4531 7870 1680 3069 8573 2206 1617 8577 2516 5525 7900 8039 9403 4467 1311 9270 1544 6713
5344 9714 4779 2932 9671 5805 5027 2501 7393 2200 4153 7224 2658 2986 7206 8161 5097 5771 6123 8540 8242 3757 4181 6049 5433 6246 5562 3130 1614 7547 7188 7246 4995 8411 6393 5967 8983 5259 3360 3836 7063 4869 6018 6322 5870 3534 9429 5569 4232 7571 1615 4942 4080 3018 1055 4961 8404 8680 9901 6103 8315 7358 8145 2781 6807 2294 6180 2896 6110 7378 4648 8889 2559 9876 6876 8898 1226 8772 3086 7898 1038 9897 5493 1545 4208 7316 4844 7706 6160 5324 1684 9673 3365 7145 3070 5389 8977 5808 7671 8913
2673 5531 8545 6422 5435 8802 8312 6297 7585 9301 4255 3474 6416 4518 6396 2121 9281 3653 1865 6308 8556 7723 4543 2567 2265 1628 3575 5477 2568 5110 1803 5195 3354 4400 5003 1449 7417 7095 9576 2307 2693 3951 1815 8584 4563 9386 7627 2053 8429 3187 2816 8993 3991 3613 1801 1645 4316 8951 3925 4538 5998 1577 7317 2514 5035 7946 1011 5647 7642 7219 2813 6667 6861 6597 9017 2933 4682 6005 1277 3689 9391 1756 3633 5883 7557 2925 4082 9886 8575 9378 6869 2366 3637 3975 2229 1415 2470 5249 8000 1745
1911 9669 2312 6449 6322 3910 2138 4371 1480 7752 2746 6953 3624 3870 4612 8989 7251 8552 7822 1700 6645 1420 5687 8388 1580 4292 5100 1121 1955 1860 8485 8528 3633 8330 4633 7621 1524 4306 4799 3287 6804 8864 5472 2496 8410 4836 4578 8889 9544 5208 8452 4213 8084 5599 2380 8369 3164 5310 4147 6172 2624 4531 1672 5827 1232 8260 4713 5931 1340 5466 2574 5239 9291 7988 5487 3053 1930 4822 8979 3768 2671 2061 5455 6583 8586 6959 9893 1874 2138 9328 7286 6322 1693 3527 6226 1184 7940 5869 4038 3994
6461 9814 3912 9699 3796 5324 3992 7166 6838 6219 6561 1919 9216 3469 8375 2575 6227 3903 6545 3422 5973 3151 7099 7792 4820 8646 9685 5114 1111 7988 2379 1941 2681 8262 2328 6576 6322 7390 1167 2601 1917 9163 2156 4637 8255 2234 8584 7884 6948 8090 4531 5502 7678 3464 8654 1786 4348 4032 7068 6358 7243 7730 4418 8998 1320 6130 5343 1956 4444 7148 9196 1250 1661 7872 9867 5252 7210 7186 9216 8533 2923 3676 6940 5984 2724 3454 7834 7416 1260 4747 4781 3753 3712 9184 7962 2159 9260 2247 1207 5342
8556 7828 2387 1706 6936 8826 6903 1384 7074 1862 7236 5275 9296 5078 3808 3581 4934 9440 6505 6232 5482 1312 4917 7674 9052 2678 8229 7743 5583 6005 3846 1067 7618 8492 8629 5595 3772 8103 9323 5009 4811 8643 3890 8670 6525 5798 2269 7232 9202 4248 8122 8458 2088 3109 9253 9474 8890 3969 6658 7296 9410 2809 7962 1758 7206 2886 8925 9988 3661 9783 3662 1277 1732 5340 7921 6928 8971 2094 7250 4358 8775 3472 8818 5651 5095 3607 7463 4915 4392 3661 3555 1141 9660 8597 4798 8728 8731 9689 6425 7601
4128 8310 4403 1565 8567 9645 2795 3752 5117 1425 1584 6321 3321 1461 2227 2719 4084 9745 7441 6390 4392 8056 5131 1127 5262 4949 6438 4798 2460 8065 1744 3123 9523 4562 3594 1408 7855 4212 5805 2393 7160 9051 1414 9198 7129 9874 8595 3876 7869 4348 5924 7454 1333 7308 5441 5841 3439 5871 6056 2991 6208 3053 4562 5062 7779 1332 4140 5227 3066 6356 6644 5092 1848 3379 3809 7441 4606 1515 1680 8151 1825 4368 5904 3953 7411 8920 9103 7161 9001 4847 4525 6746 6559 2344 2010 8542 1800 5276 3349 8558
7008 3158 2065 3703 3944 5322 9964 8835 3234 4919 7829 8137 1535 7602 7414 4664 4766 2428 6918 2820 1185 3581 7879 9929 2479 1534 3257 4749 7431 8755 6469 3736 3289 3214 8594 9162 1509 9076 2869 1747 2612 2191 1391 9885 6388 5586 9790 1319 9032 4275 6950 6862 3172 2340 7815 1069 9346 4364 7062 4145 7799 9847 8136 8852 6672 7574 5250 9057 5709 7940 9355 7805 9805 5050 8577 2376 4213 5598 5917 8600 1623 9385 3140 2049 8712 3347 1444 8127 6526 7067 6206 4543 1224 7423 2226 2883 6312 1602 5837 4059
1273 9134 5644 8271 1195 8241 3619 9744 3207 9394 1677 4624 7064 3073 4861 1011 3226 6690 3419 6897 9194 9404 5952 5181 3283 1905 5616 8434 4408 4322 9059 2607 3044 5065 2486 6007 9077 6669 2880 3147 1020 5793 5489 8239 9093 3284 2606 2439 8508 7863 9583 3528 8742 7229 8008 5887 3619 1158 4079 4181 2413 3106 5615 8491 8449 1179 5470 6064 8411 2533 5320 5810 4136 8053 2144 3207 1115 7466 4178 7090 8399 7530 4114 4688 8371 1279 7211 1000 4954 9099 1383 5779 7386 3857 6109 7440 5186 1395 9786 6790
7736 4372 4105 8979 4065 3305 6532 4260 2394 4225 5873 1038 6020 4889 6932 5363 8665 9572 6936 9341 9133 6895 1190 4204 6452 5242 1279 6905 8567 3668 2142 1444 5433 7590 1965 8579 6787 5588 5939 1547 1359 5284 7757 1724 5786 1408 5076 7227 9044 6302 8060 3810 8845 5922 2838 7097 5418 7546 4319 5640 3866 7512 3717 4785 3544 5227 6473 6084 5950 7451 1554 2911 3805 2422 4162 8186 2021 3690 6016 4900 7436 2989 2224 1609 3193 8159 5389 3984 2579 7699 9008 7514 3679 5426 7824 5289 5661 7842 6392 4737
7343 7251 2622 5860 5784 8546 3275 9208 1982 7773 8644 2838 3968 8937 7911 7224 7508 8520 6356 5187 6500 7284 5643 9104 4622 6364 1209 7028 6347 2850 5924 3129 7482 2293 3207 6496 5109 1196 7570 8706 8655 6510 5714 4485 6518 4329 3500 4895 5083 6258 5466 4806 2286 7131 1622 2778 2672 4292 8510 4270 5316 9444 2068 9312 9620 4659 2228 2242 6227 4282 5854 3609 2890 8470 2202 9745 9288 8329 2109 1010 3647 8985 5997 6656 7315 5251 3580 9279 1334 6629 6623 5870 5885 8256 1519 8769 5991 9015 3945 5095
8294 3607 4191 7270 6058 2761 5678 5448 9478 4972 6339 5021 6858 4582 4834 6199 2221 9959 5234 1001 7508 3916 5591 4824 6441 4842 8177 7548 1074 1408 5981 2582 7460 6069 9729 3242 8622 9825 7991 4029 3970 9654 5436 9184 6747 7491 9548 6844 9946 9382 8127 8489 6445 7137 9963 5356 8527 5996 5643 4204 5774 2927 3883 3491 4011 1041 8167 7676 2802 2923 5465 1982 6953 4202 8799 4243 7179 7658 3033 2965 4298 3873 3135 6053 5145 5127 1313 6562 5067 7317 1977 6714 6455 7207 8339 1350 8777 6688 9424 7539
9769 3560 1410 5988 9123 1053 5873 1340 8301 6708 4838 7048 2015 7241 5609 5386 5719 6382 4921 2295 2092 3943 1321 5521 1328 2140 2012 4076 1253 2083 7192 8962 9436 8488 2901 2807 8906 9044 5718 5865 1681 1906 8862 8199 5250 6493 9637 6016 1064 8561 4044 1586 2842 8180 1153 2267 4041 2629 5470 5838 5712 8900 8017 3525 3888 8084 1440 4741 6737 4580 9178 1905 6285 8599 3131 5938 3391 4271 4229 2539 8839 5619 8454 2629 1751 2826 2300 5795 7209 8764 7056 8405 8921 6614 5152 3944 6092 3280 8867 6138
3561 6603 7699 9403 3190 9401 1647 3928 5054 2451 1167 9735 7621 8591 3231 1358 9087 7505 1224 2579 4485 4801 4707 6199 9905 4324 4570 5599 7200 2419 1124 5169 5848 5937 4744 1699 3229 6996 5437 3267 8975 4461 8884 1242 7034 7806 4174 5831 7970 3716 7963 1131 9018 3463 9157 8415 3759 6988 5886 5332 6198 2594 2805 2236 9522 3439 7275 7653 7866 5920 5181 1210 8796 5319 8794 1898 1617 4543 8592 2136 8652 2950 8429 9359 4501 7558 6243 8197 5992 6635 7754 2006 9843 8322 1547 5378 8106 2270 4760 6738
4376 2348 6340 8493 2854 3204 8825 6970 1474 8153 1930 6817 8325 5566 7216 2920 7583 9433 4423 1811 7418 5270 3760 7171 8038 2154 2217 3952 9347 8675 8743 4032 1009 3295 4486 7948 3472 2952 7995 5220 2626 9117 3502 9769 1592 7857 3354 1021 2735 2345 9370 6599 8263 6110 9454 5737 3393 6448 2894 1693 6128 4374 6728 9118 9409 5000 6595 6012 3222 6677 5165 3439 4437 6146 1967 5948 4134 9602 6080 9484 5349 7388 2433 3267 2962 3802 9480 4814 2712 3959 5758 1552 9714 5244 7848 5592 7745 1086 7564 6702
9598 2043 9226 2030 4958 2303 2670 2645 2989 4419 9351 2579 9923 3083 9872 2552 3671 1792 1467 3714 6310 2280 8927 6387 7512 4520 5879 1849 3376 3672 1099 1438 6904 7846 7402 6967 2912 3350 7948 6228 4597 7416 9016 3422 7812 9290 1873 9506 6004 6836 2467 3394 6093 7649 6142 9133 3639 7285 6412 6637 2140 6125 8342 3415 8223 3434 7028 5230 2210 9248 6942 1691 4377 4631 5886 1081 4767 5544 7625 6441 1363 7457 2477 9579 4888 5971 6409 8417 1193 6518 7946 8567 2834 8931 1673 2631 7267 9962 2490 8657
1613 2268 1544 8869 6025 2314 5653 8655 5675 2452 6302 6390 7359 8173 4668 5424 4642 3129 5015 5553 8900 8851 8023 3539 7804 3077 3267 5210 1453 3668 1195 8269 7027 8686 9913 1168 7713 7150 4118 6049 1605 1000 5285 4215 6768 1314 5126 2478 8297 2316 2711 8571 8987 9286 7147 5919 9791 9421 3753 7737 8048 3802 3978 8178 5707 8523 3585 5610 1929 2740 2106 1639 4296 6758 1134 2644 9429 9085 5723 5868 4420 3224 9469 1570 7604 6523 3805 4653 6346 3284 5998 4843 4684 8525 1052 7008 8753 1741 6013 7228
2010 9468 3075 9611 3998 3056 3916 6321 3239 6092 1008 8242 1531 6691 6128 4447 5944 7354 7396 8298 6430 3019 2693 9664 5865 1352 7853 8116 1161 3958 6158 4006 7148 6336 1606 9012 3832 9354 2605 4043 6152 6828 8427 7471 8545 7609 2458 2363 7198 8338 6683 4898 3077 7027 3157 3564 6361 3648 1872 7470 3573 2634 6995 2124 1638 7498 9792 8416 7615 3907 6389 8786 5882 8144 6714 9886 8109 7267 2139 5147 5610 2712 1570 7598 7554 8363 6278 8416 6905 5253 9493 2704 5041 7067 3875 6891 4422 2285 9156 7077
6186 3852 9830 9290 9596 2438 6383 5155 4274 8534 9125 1751 5020 4945 7450 3823 5251 8344 1810 6274 9166 4891 1671 4197 5564 7373 6652 1659 9608 8157 2527 7953 3635 4690 5189 5604 8708 9943 1101 2443 7939 2615 6099 7344 8892 2617 2326 7975 8674 7515 8195 3084 8022 4284 9547 2247 5256 9496 4435 7188 6701 3173 1949 2290 7092 1745 4051 3349 4793 5530 2959 1197 8896 5974 1975 6048 1092 2895 9684 1088 4899 5098 6469 5662 9571 9480 5308 1240 6661 6161 8341 9996 9459 2078 7779 3986 1922 5752 3885 1245
3249 7720 1279 9607 8686 5546 1668 6915 2226 3920 9276 4429 5154 5348 8649 4077 9098 4030 1815 1491 3655 5995 8120 1175 2757 8680 4840 3400 9928 7587 4708 1335 4872 5432 4687 7463 8881 2222 5815 8963 8359 5358 9280 8575 4302 2445 4223 4625 1839 2421 4699 5868 9691 3767 3987 5336 3880 6116 4921 4916 8977 7317 5697 5147 4978 6069 1244 3000 3344 9641 6075 3755 3350 4637 1484 4932 1963 8730 4198 9843 6858 9194 9764 4911 8889 6750 8160 5289 1226 2657 1965 1811 7233 4183 5727 8847 7767 6055 3558 2603
5486 6130 3443 4507 3456 6442 7384 6196 2825 1701 2229 2251 1687 9876 8952 4844 8647 2069 8570 1700 5761 4044 1466 5616 3421 8194 2285 2634 2521 2388 9485 5736 8147 2342 4317 7274 2827 2255 9344 7160 6477 9466 9251 4606 7410 2167 2702 9828 3409 6047 3788 6686 4968 8388 2674 7250 2579 4962 1631 5631 2794 6005 4369 5008 7681 7388 6617 5190 4632 3044 7401 3373 3032 8683 4051 2306 5932 3358 5434 7257 8048 1189 3051 8206 8779 6285 8342 3313 4600 4459 8865 6271 6720 5081 5955 9288 6284 9575 5630 3549
6827 1536 4912 2871 5083 1751 3052 3928 5608 7146 3735 8701 4207 6283 1934 5984 6161 5600 9812 6902 3431 3160 8973 5592 1180 7584 4915 5067 8748 6594 3719 9482 2524 1199 6930 6090 9547 5330 6655 9655 1812 3895 7742 9787 1053 9946 5877 7021 8642 6941 4868 7166 2976 9069 8893 9036 2391 7355 4583 9138 5145 7513 1283 7422 5726 9665 6428 3267 4741 5477 1315 6296 1992 9010 4530 5820 4816 9827 9221 8322 4352 6614 7520 6700 6538 2113 1346 7276 5141 8320 7053 4344 3789 6604 7624 5279 9414 7911 3434 1133
6289 1457 1125 5257 6697 6707 5601 1661 4427 7443 9137 6746 9469 5770 4051 5683 5790 7176 1805 5757 5790 7011 8918 4595 2805 6862 1433 3992 4531 9592 2797 8970 3581 5006 9333 8852 8875 7569 3992 8919 9114 8921 8562 2052 9822 4243 5742 8735 5697 4404 9499 5594 8936 9914 9610 9682 4129 5079 4955 5650 8151 2586 6648 7803 1474 3671 8980 7466 5767 1991 4609 9479 7822 1842 1923 9793 5330 5108 6090 7475 3638 3772 8049 3490 9442 6182 6680 8056 6890 9366 9323 9951 5664 5514 2150 5163 8584 7770 9497 7993
3093 2944 2856 5224 5791 7827 3692 6183 8648 1019 5126 8177 3109 8789 1005 4162 1926 7654 4216 4749 8939 6419 4333 2648 2215 7641 9494 1271 7172 6628 4746 5871 7340 1435 9158 4211 2592 2536 6000 6587 7672 4714 9814 4683 2881 2309 5122 1016 2237 9750 6143 3267 5639 7391 7119 2931 5658 2596 3045 6883 4985 1788 2543 8949 2900 7135 3885 3657 8663 6070 5366 7289 1135 5410 9592 5145 2133 2475 8969 6027 6012 8009 6604 9936 7120 6764 4621 6991 4281 4827 1309 5688 9644 7234 9560 1520 5153 4048 5564 3376
4026 9672 2689 1614 1752 2241 9455 4785 1188 2661 5611 6513 7126 7727 9180 4519 7365 8584 4505 7812 1423 6083 1492 6939 7879 7642 9480 6685 8154 8223 5035 6295 4054 7398 2686 4667 5883 9492 4857 3110 7161 5987 8465 7344 1798 5009 3234 6344 1967 2148 3064 9255 2783 8587 1536 5116 1526 6118 2181 4245 5373 8922 3573 3324 8865 4717 1412 3635 4370 1145 5553 3511 8180 5867 9405 1705 9370 8022 8655 5607 7019 5150 4136 2320 3350 4471 8715 8122 6125 2721 3707 9983 7240 3799 8842 1438 4817 4654 9929 7602
5999 8700 9034 3697 5389 7092 4070 3127 2461 8964 4366 2104 5871 8001 8253 7837 1946 8167 6690 8937 8040 8290 6705 1156 7280 4510 8194 3262 8916 4414 1658 7377 6592 6120 2260 8003 2950 5938 1447 2752 1368 8930 1434 9592 4525 2532 1657 6246 8384 1675 9146 4156 3708 3093 3923 9269 4527 5902 5003 7415 9654 4935 3311 5118 2207 4832 1201 1240 1373 9777 8553 5228 3811 4142 5361 8647 5464 5039 4699 1360 2356 1357 7142 7379 5566 1519 2564 2472 7760 6705 8150 1335 3022 3157 1812 8012 8352 9656 5627 3436
3375 9177 2770 3454 1484 6036 3848 6942 3300 9488 2502 5664 4998 1651 6156 6989 1525 5603 6679 3427 9072 6078 3907 6633 3173 6900 1952 8250 4347 8855 7100 6538 2040 7786 8047 8298 7095 9711 4490 7449 2573 5144 4634 6998 5420 9714 2273 3518 3593 2368 1060 4836 1068 9116 7239 8483 6190 5906 7609 5050 3782 2252 6408 3911 7460 2845 1916 8921 7515 7329 5962 7104 2500 7956 4636 8568 1388 1857 3225 7482 9233 1400 9258 2566 8178 5661 1204 3059 8049 6773 3344 8318 4907 7977 6609 4275 5039 3260 1365 3650
9316 1910 1291 8365 3090 7029 4444 2256 9458 1971 5323 7575 2967 2656 8087 7514 6481 4451 8269 2763 2735 5518 4030 2946 5454 4031 5754 9884 3282 4495 7578 1493 1401 4423 7821 6576 5603 3102 9082 5897 4871 4591 1227 4570 6826 4816 1679 3474 2148 3928 9942 1170 7114 2814 6941 3340 4017 6610 5877 9814 4457 4474 5010 7875 3057 3337 5478 6103 1309 8139 7506 1987 7387 1157 8253 1982 1563 5516 5846 7602 3535 2664 2511 6003 3291 3738 4477 4573 3857 2186 4205 8528 1996 6593 9635 8764 6376 2415 1054 8639
8868 2812 2827 3013 2454 6679 5501 1368 1016 3032 8509 1838 1779 9178 3081 3189 4015 3111 4057 4941 7496 4290 2261 5277 9065 1116 2395 5933 7095 7460 9837 2493 7652 8782 7868 5795 3935 8444 6349 5088 1153 2909 6957 4684 6340 4493 6547 6849 8443 1820 5448 1567 9453 8253 5809 8152 3535 3661 1286 1172 7981 3343 2135 5994 8026 7233 6550 8565 5269 6647 5324 7552 1834 2472 3005 2193 6786 1430 8858 5277 3135 4131 1763 1201 2341 2674 3248 2353 1291 6215 3286 2715 3791 2655 6813 9268 8232 9190 5114 2320
3997 2133 4535 2026 6518 4326 1087 4743 3740 4820 5960 4074 8640 2170 1675 2821 9453 6695 3366 2691 5314 9303 1980 4546 8079 2279 8056 5480 9302 1286 6515 6428 9344 7062 8407 1930 4735 7698 9222 4763 3625 1505 5012 9455 8406 9314 6533 5614 3981 9202 9053 5412 1066 9900 8660 2065 3245 7100 9855 8884 1366 8730 2322 7402 3436 2282 2186 6416 3714 5735 6254 3160 2150 4076 7338 9428 4961 7794 7024 6236 4603 1251 5880 1805 2528 5961 8376 4416 7501 6290 3019 6604 3092 5735 3061 3626 2351 3810 5977 1192
2719 7536 4982 3869 2397 8123 6201 5128 1574 4291 8391 8613 4081 2680 1901 5545 5487 6603 9099 2542 5699 6680 6565 3772 7647 6631 1292 4761 8369 4220 1479 2493 1930 2991 1885 6072 9638 3125 5784 6315 1011 5292 9237 8278 9638 4948 9738 3023 4530 7918 3887 9775 6995 4736 3865 3556 6027 4646 1903 7398 3558 3429 9207 8302 1185 6701 5532 4864 2603 3377 8651 3473 5718 6417 9660 4563 5669 8727 3614 9535 2132 8277 1111 2122 5253 3458 6280 9791 2439 7838 4040 3451 4426 3973 4166 3619 6360 7322 5712 3243
5510 9627 3409 2919 8223 2959 9802 3244 7908 8743 1861 5723 9798 1047 7037 2094 1755 1362 9722 5923 6557 4063 1224 8195 3021 3692 5674 1067 9493 9620 1455 7665 5075 1777 1814 9884 4724 2253 2227 2694 8450 7670 3783 5386 7897 8206 2019 7028 9649 4167 6047 7701 3133 6403 8220 5604 6196 4281 3184 5212 6951 6508 6697 5219 9655 7540 7467 7878 6976 7061 3806 3506 7987 5271 1783 1619 2054 8466 2626 6829 6462 8708 2721 2064 1001 4407 6246 4278 3555 4717 6750 7787 5320 4459 8770 5998 1211 7705 6103 4632
5267 1844 7076 3692 6123 3343 9628 1974 3264 3463 7059 4779 8141 8850 5723 2589 3525 6746 4164 5823 5092 6678 1976 3737 3869 8531 1627 3515 5061 3130 3146 4919 6108 7155 8792 4881 2785 7921 4427 5790 2186 4089 5381 7435 5214 6804 5312 7577 9892 2195 1210 7981 4147 3708 6895 3937 2750 7927 7452 2112 2149 4022 5051 8804 7018 4196 2049 9977 9266 3953 4185 6298 8907 7700 7560 3114 2568 4270 9337 8914 3837 7249 5410 1127 7470 1280 9358 6891 3839 9453 8876 1145 2314 3873 8937 1062 8217 7282 3951 4754
3595 7378 7764 5615 3912 5486 7715 9016 6925 8961 6380 4295 3540 8443 6790 2599 5666 9480 1246 9113 9208 3119 5397 8116 8901 4152 1151 9498 8052 3482 9587 5937 4039 8972 6441 4977 1017 2639 4280 3269 4330 8894 9193 8565 4024 5944 7922 2106 8951 7902 9042 9444 4912 7698 9676 5349 9762 7016 8424 7130 9036 8150 1760 5591 4878 1154 4467 8486 2793 1234 3931 5137 3324 9331 6750 4523 3809 6458 3686 3059 2540 4186 3222 3968 6364 5473 6701 2622 4808 7131 7285 7731 2488 8303 5980 6128 7004 3064 6721 2543
5730 3131 2104 5983 1610 7745 3960 9328 4797 2032 2820 3036 3213 6985 1013 2168 2482 2967 1415 6036 5433 5286 7380 9678 8215 4180 6813 5174 3403 9743 4513 4336 5456 5499 3645 8214 6281 1738 5442 7691 8151 9733 9118 7248 4440 4633 8900 3813 5840 1767 3370 2815 8902 2579 9347 1655 9128 2200 5010 3366 5848 4922 2406 8378 9442 6349 1320 5519 8414 1318 2829 7871 3821 2707 7429 8243 1594 1920 7967 6772 1476 2693 8458 7388 5517 7424 9263 6439 6025 6639 2966 7586 3118 1912 5213 1662 9929 7972 4277 3450
8307 6308 6178 4364 9447 3801 7754 5432 1162 1673 1876 7955 2525 7499 5396 4187 8398 4103 8790 6913 5722 7722 6524 8846 3064 4522 1719 8118 1624 9364 1953 4598 3801 2759 4276 4606 8780 4576 9388 3183 2405 3923 7448 9958 6098 6878 6077 6134 5772 4188 1796 2699 2462 8784 4068 8067 4697 5915 1183 1824 1332 7405 1843 7501 1590 3210 9394 9080 2972 4913 9646 4755 1657 2657 8468 9193 6313 4488 4598 9956 5600 3724 9941 4270 2328 4157 5055 4011 9910 7679 6798 8422 9915 2538 2017 4733 2369 8400 3561 4931
6682 2756 3801 3216 6664 3486 1455 9135 3005 7847 4980 4989 5255 3987 5099 2447 5797 1015 4760 5793 9131 9640 8257 9566 4806 7237 8400 8238 8061 9584 5835 1362 6103 9608 5313 8486 5953 7863 5591 7973 3485 7842 4055 5619 9770 8326 9754 2446 1670 8535 8565 2858 8603 8132 6921 2839 9204 3076 9443 5887 4222 3589 9399 8528 4484 2227 4774 4188 5888 9904 9115 1964 3858 4523 6976 3416 4617 1224 6930 2092 8503 9032 3959 5879 3130 9709 8919 8746 4573 8786 7276 9744 6360 1209 8311 9905 1458 8112 2088 1121
5068 9441 2614 8801 5518 4554 3906 6064 7476 3471 8088 7607 7236 6650 3232 1524 3717 4583 1402 7279 8333 6693 5547 1998 3692 2132 7082 1640 9632 8970 1742 5721 7733 8418 4921 8903 3873 3171 4924 8994 2816 2845 2735 8825 3865 5238 9078 6131 1491 5713 3711 3486 3229 2083 6412 4885 2863 5668 1096 9315 2384 6263 4257 6400 8232 3416 8623 1253 6820 4497 4725 3862 6864 2585 2757 2514 8120 9084 4989 1358 9690 8222 3323 2588 6755 2377 8682 7972 3216 6818 1198 8272 4933 2890 5607 2101 2944 9239 8241 4986
7561 9927 6088 6266 9849 1051 6095 9332 4725 7515 2360 9576 9716 5080 5059 9821 4011 9636 7930 9741 8219 6517 1824 7180 1786 6631 1797 4626 1300 2806 6055 2908 2655 5950 7016 3244 8633 3209 5740 9401 8463 9129 4302 5188 8122 2603 8503 4615 3121 4440 9913 6619 7518 9470 1447 6629 2480 3977 8526 8786 6500 9214 4967 8272 5857 1003 3568 5694 6179 8215 1212 4370 9681 4233 10000 1484 3043 4775 4215 8078 3955 5304 3230 5588 1986 3462 7201 2326 4008 4788 2759 3220 5792 4919 4367 7520 1960 1283 4475 1859
7413 5226 6229 4126 5168 2531 9493 7831 7682 7726 9501 9752 8224 7163 2386 9582 2862 9802 1594 2331 4571 2597 5445 1441 9908 3390 9137 6849 2913 3012 4587 7793 5632 5087 6155 4571 3133 2443 3597 8369 6542 9003 4039 3827 7478 6753 3685 1284 2894 4962 5839 5779 1954 5337 9413 3637 3005 6082 5155 8160 7441 8596 6439 9143 3621 2057 9423 9654 5107 7444 7132 4138 2305 1998 3360 9900 2470 4541 6518 8631 1711 9079 4801 4329 4673 5241 2641 2788 2634 3510 3954 6248 5659 7042 6518 3091 7371 6521 8297 4839
4615 4097 4710 3968 6013 3019 8192 8446 6172 4816 2398 3554 2279 2893 1695 5415 1026 3738 7758 1869 2397 9914 1455 8022 7329 7832 4661 5802 7977 4014 6911 3203 4854 5823 9861 2283 1863 1683 1438 6053 3980 2887 9670 9936 1119 8223 1541 1320 9110 7409 9005 6030 8464 4528 7180 1412 9333 8041 6847 3435 3973 4247 9316 8976 2230 2716 8074 2827 1105 8065 4317 6864 9807 2785 2034 5001 6700 7451 9061 4081 3241 2776 2793 4496 8055 5772 2511 8534 8829 5081 6791 3614 8832 3980 9827 8116 7017 2474 9032 8703
7198 9184 1459 2579 1562 6498 2747 8831 6287 6545 5279 4367 6959 6494 3780 3397 1355 4089 4537 2552 3199 8968 4145 5905 9537 8481 9446 7317 3781 2508 3580 7150 2641 4230 9372 5788 3087 7691 4779 2377 7267 8305 7656 5905 9935 9157 2226 1049 4611 5029 6092 1968 8308 8783 4113 9779 9133 1135 9558 4635 9806 3323 2176 3287 2478 5201 3859 5794 4777 1316 9979 5954 7950 1486 6832 1063 7475 8605 4164 2280 6778 2499 1353 2167 3483 9958 9854 6677 5969 4378 7868 5211 6584 3761 7752 7046 5469 5952 9984 6625
9322 5011 8674 3283 1650 8237 1104 2776 4299 1426 5930 1276 3884 6555 7151 9967 2845 6538 4696 1923 7498 6470 4310 7785 9923 3924 5625 9514 8209 6509 6077 8481 7083 2201 6787 3877 1433 7776 8010 4424 3095 1433 3749 7192 2125 6138 5349 4130 5008 7206 3691 7378 9933 1620 9248 2145 1946 5612 7652 2509 4033 5965 6908 7842 8874 9126 7529 6800 1175 4292 8984 9223 6397 8457 8717 1684 9524 3213 7925 5533 5510 1521 2344 6467 8071 6107 5590 2838 9264 7861 9434 4491 1806 1381 7153 3385 6760 5099 5534 9625
3138 6424 3719 4906 6447 5316 9391 5585 9533 9133 7254 1480 1018 8077 2630 5884 1227 1390 1994 9974 4119 5814 3214 2092 7426 3969 1674 9645 8818 5975 2329 6321 5149 6291 9876 5187 1283 6971 9191 9553 9158 6897 6366 1826 8285 7386 3048 4742 5209 6690 9457 6381 5885 9515 9907 5615 6154 7043 3574 5311 5768 6558 3904 2860 3599 9152 6775 1470 9354 5666 3235 8799 4373 4838 2656 9530 1991 8822 4481 6409 9257 6473 5289 7562 5059 1730 9571 7620 9683 2964 5643 4900 7220 6658 6687 4429 4319 9034 8824 7914
5691 6702 6896 3503 4840 4453 1371 1277 4029 2052 3653 5435 2155 5830 2262 2110 9065 5002 6998 7694 4943 2643 8328 3215 3915 1354 3684 8605 8855 6804 5253 2546 1957 4179 1108 4328 7647 9611 6966 9676 8043 2401 1044 8744 3557 3332 7016 1385 7167 1495 5431 9556 1826 2410 4773 7379 6060 9192 9899 9973 4873 6233 6905 6413 8642 9992 4959 2319 2394 7422 8110 3974 9471 6811 7135 8197 6486 3857 8920 5802 9321 1640 3462 8383 8428 8395 2936 8280 3029 2414 4548 5442 3128 3181 8103 4156 6100 2055 9716 2461
4162 3618 7784 8569 8936 2373 6647 3842 7113 1495 4717 6469 5348 5596 6222 7408 2941 7509 1503 7445 1680 4970 9491 9562 6367 4053 1048 7647 2071 8916 8117 6216 3935 4271 7470 1733 7535 9846 7494 4860 1206 1921 3398 5545 3677 5338 1976 4466 5009 8722 9246 9800 1836 9442 2800 2733 5065 6525 4654 1910 7129 1549 2788 8868 4582 4308 8346 1817 6542 2922 5218 7561 6110 2452 5792 7431 6058 2970 1187 3647 9799 5859 1562 5394 3938 7217 9706 4924 6002 3057 5136 8167 7193 6422 1729 4070 8557 1428 6156 6235
9395 3509 9880 1452 9369 4242 9979 1707 4354 3997 6261 7833 9381 4390 2813 6498 1584 3170 5048 1657 8597 5614 2004 6860 1997 3990 3483 7722 7846 8704 8036 4955 4096 3345 7223 2377 3100 5717 2715 3546 5212 3900 5365 3867 5775 6870 1323 1847 4735 7457 7778 3537 3407 1863 1683 5484 4394 7383 6160 7071 8682 5290 4845 6969 2143 7175 5618 2504 4205 8263 8374 2773 5606 5275 2698 5848 1285 5977 2377 5724 7568 7156 9874 3426 7519 2653 7157 3770 2760 6630 3616 3388 1391 7834 5751 1876 3588 9854 6397 2164
5583 4173 4830 1384 2957 9716 5789 8003 7784 7947 7565 2466 8791 5104 1805 4141 4411 5958 8830 3727 5219 2831 1808 8236 3769 4997 3775 5371 4677 9497 6765 3075 2080 8732 5660 3978 1941 9741 2692 9376 4197 3785 6012 9964 5530 1378 5140 1425 4863 6682 4087 5016 1546 6927 6381 4379 5494 6627 5385 4207 7555 7360 6884 4670 5717 1560 1107 4507 9576 9647 6475 2534 1391 8589 2641 6356 4961 9211 8467 7418 1763 2963 4861 2737 3827 1713 6853 8378 8963 8990 6099 8666 6915 8311 5065 1793 9333 1579 6646 9686
1231 1279 2492 1817 8432 2700 1804 6409 7746 6735 1720 6032 6166 4729 2494 9927 9973 1653 7973 2847 6439 5244 8184 4197 3344 5351 8237 6790 2186 7698 7977 2729 8479 8960 2968 8477 9757 2122 2381 7251 7312 7264 7348 2581 9870 4229 2238 9772 7054 3907 4115 3947 3279 3579 9414 9200 1162 6797 9042 8837 4103 5953 5572 6039 4688 8155 8410 6364 5637 7132 1932 4764 1677 6638 8176 8173 4078 7388 4529 6132 9904 2910 2599 9355 1673 1346 4609 6329 8728 1458 1916 1217 6426 1428 1881 9901 5545 4928 2572 5981
1778 9273 5084 4687 5881 5582 8406 9087 6188 4369 6277 5276 3860 4738 3677 4786 3689 5494 1424 7155 3547 5066 8128 6772 8139 1892 7699 1299 6781 1549 8904 8326 8790 1412 4441 5260 6988 3772 8968 9166 7659 5559 9327 9723 9796 3007 5571 6789 6369 1366 5122 7909 4919 8757 1808 3355 4306 5709 5026 6118 6369 3246 2136 4017 9833 6456 4254 4334 3299 5084 4688 4636 5317 3058 4086 3617 7921 9965 9579 8279 3006 1246 1408 3773 6094 7307 6758 2487 8702 2025 9142 6800 1100 7694 2618 2479 3935 9836 3803 9155
5439 5514 2260 5945 8622 2126 5687 4926 9838 5328 6601 5155 4669 5791 3983 8083 8789 3770 8904 2570 3192 7305 5413 3851 4889 1391 8795 9549 3054 9418 2358 4065 5042 3149 5078 2155 3679 8838 8307 4982 8385 5009 7238 9044 9575 2167 1811 4280 9508 3464 2376 5211 7516 8954 5008 9168 5732 4566 4434 7266 4219 7655 6420 8855 6369 1247 7424 2673 7450 6775 1267 8868 5877 3025 6993 8326 8013 1074 8998 1229 3934 5779 4544 3589 1889 5705 5001 7169 9243 9431 3657 4022 3142 9149 2486 8477 6225 8442 5711 9827
5022 7614 3407 1660 9797 1665 2447 3776 3493 8713 3826 7905 4769 5586 2622 1041 2383 2540 3180 1205 5722 7203 7882 4909 3498 1335 8096 7456 1605 7149 3108 5200 4797 2476 4092 7707 3493 7686 4341 1080 8426 8620 2655 3560 4939 9026 6816 3992 4726 9300 9133 2383 1896 6290 4690 8433 9599 5464 5194 7123 8510 3831 1616 1935 7591 1889 3504 1244 1719 9049 6690 6814 8243 5369 2183 3264 1594 6979 9368 6875 4615 3327 2885 1130 9661 4762 9429 5269 3436 3677 2724 2012 2130 1363 4682 8622 7962 3112 4124 1189
3241 2205 8028 4979 4440 9847 1564 8813 4995 8978 8742 7975 9893 2282 6198 8621 4566 3199 6046 2510 4450 4772 3589 9161 7618 4239 2879 7498 2043 3064 8391 7458 1480 8071 1770 7987 4932 6580 9999 9463 1963 4330 4415 9584 1890 1650 4971 9611 4072 1720 6654 7095 9605 6959 2774 6832 7118 6695 9538 4979 8185 7912 8790 7332 4780 7413 9757 7536 3093 7625 2628 1883 9443 7337 4038 6566 5654 2261 7530 7759 9958 7843 2485 9219 7996 4264 3283 3716 4357 6974 5948 2626 1895 9948 9116 9817 5254 7448 5251 2396
5234 2635 1777 9250 2565 5028 3507 1989 6289 4262 9966 8049 4309 7910 8635 8970 1124 8966 7958 5518 5153 7204 6996 2074 4974 8792 4288 4199 9090 1110 6397 3060 1964 3119 1511 2562 2066 6229 2696 7856 2830 8161 9619 8844 2172 2541 7428 3387 9057 9127 4893 5358 7837 4341 8313 8589 5074 1586 7880 8540 1133 8548 2449 3261 6674 4532 3667 1733 3581 4809 4531 5887 4093 2496 3548 3207 4872 4139 5180 6273 6784 1003 6233 9639 2460 8101 8071 9244 9747 2593 3745 7416 8941 8544 6753 2272 4385 7770 8733 6440
8796 4886 5355 3280 8065 3761 6219 3468 2408 8712 6155 3795 4560 3982 6765 2760 8540 4333 7238 5398 3801 1800 1393 5362 4192 6556 2641 4127 7710 5623 1081 7668 6144 3608 1607 6917 2957 5708 4500 7791 5241 2753 1308 9241 1543 1705 7630 8619 3588 7246 5803 5939 5442 5017 5268 3347 7651 1317 6042 1220 5573 9691 2350 5473 2682 8749 9276 4579 3146 9531 2878 6166 2672 5159 5576 1357 8182 2369 7641 6343 2206 3308 2060 1188 7502 7123 6168 2424 1408 5707 7950 5310 5746 2192 3820 5888 2689 7209 8757 7833
8062 8193 5731 1296 3735 3590 2376 8361 1728 1726 7659 3671 3176 8358 4406 2788 1908 7516 9358 4101 7566 2001 8938 5107 1374 4328 1712 9934 3430 3826 1073 1117 2598 7681 3706 5906 2786 2479 6654 8883 4467 5425 3071 1774 5651 1713 3450 3012 6303 1919 5342 3093 1814 5306 4625 6000 2195 1022 3754 9804 5947 5668 6405 4994 7538 3018 6904 6844 5044 8050 7831 5823 1253 3265 9527 4568 3158 3247 7250 4594 3677 1124 7213 6903 5212 5847 3269 4098 9220 9355 3103 6985 1739 1095 1470 9059 3847 3133 2262 9892
3324 6237 9928 3851 5343 2997 6755 8495 9339 8143 1237 1742 5028 2274 8286 4338 8950 7945 8624 5367 4317 5267 2967 5734 7988 1008 3355 4685 2645 2154 1728 8794 5558 5193 9310 4375 3655 4604 7896 6341 1825 9036 2529 5495 3776 6765 3502 8396 5862 1834 1587 3075 8421 9310 5199 2119 6225 3737 4098 2649 1982 1660 2987 8031 2915 1050 3511 7422 9392 3880 3209 1834 4784 7773 5917 4808 1978 6317 2803 4926 5753 1080 1655 7275 1590 6667 4553 1054 5420 8086 2376 2131 8196 7806 6758 3118 8554 4005 4467 2764
8434 2771 1285 9361 1234 3537 1760 4494 5184 7490 5972 2891 9173 9481 8571 9567 5048 7734 6208 3852 4214 3176 5791 2836 1713 7017 5656 7542 3626 4938 3180 8068 3995 3869 4300 9516 6724 9265 8458 9356 2667 3083 2953 9737 6410 7774 7521 2796 5055 1144 7272 6463 5057 2762 9041 6720 7590 4702 5276 8868 4329 3410 4606 2040 8191 8220 3747 7885 2293 3813 1336 6525 3002 4638 8708 6527 9887 2032 2562 7608 7094 3573 2533 8369 3888 5453 6913 6948 4520 7657 6784 7971 3186 9343 8616 7171 5817 5538 5038 9176
9535 4005 4164 9580 8622 2244 1608 5852 5492 8966 8951 6118 9866 2876 8039 6320 2420 5047 6771 5501 4333 9340 3386 3349 1148 2013 7769 1156 6090 6479 1227 10000 5647 5846 7250 1841 7063 1737 6340 3959 1913 3218 2933 5364 9071 3921 1341 4523 8288 4210 3886 1752 4000 1425 5825 2769 6168 8584 4637 4394 6331 1334 9938 7296 4205 1373 5868 7933 4860 8096 7385 1875 3538 7266 8126 4866 8016 6032 8926 2243 5156 8922 1821 8122 7343 6800 9973 3129 8696 4568 2689 9525 4504 3431 9395 8154 3995 5836 4560 1843
8597 9233 2354 9528 3757 6251 1851 8098 4163 5229 1088 5045 5427 1781 9798 3610 9566 3801 5222 3017 7390 2813 4728 8903 7536 9068 1984 6338 2866 7690 2439 2594 5076 4872 8556 6015 1213 7576 8177 8487 2358 2007 8747 8806 8239 6282 9981 1473 6904 1587 2703 1243 4231 6114 4407 4560 5713 9119 5517 9876 8495 9378 4805 1123 9089 2432 7666 9102 3994 9826 5545 4262 9609 2888 7901 4806 4607 8419 4684 8906 7599 1948 3464 2840 2252 4775 5023 3739 2619 2887 3553 2466 5713 2857 8028 3464 3573 1235 4189 8832
5555 9028 9009 9389 6315 2060 7332 2216 7595 6957 2784 3661 2816 5222 1549 9494 7909 1315 8764 7766 4061 7398 3820 4304 2912 9732 2812 9777 8635 2859 6016 9293 3124 1967 8175 7545 9167 6610 3812 8436 7924 3816 9209 1724 8391 3309 1722 9944 3332 2117 9229 6933 2084 4036 9218 2697 5641 6896 9024 4933 2680 8048 9064 4806 1086 7032 2025 3718 7599 8577 9508 7585 2952 5791 7829 8665 2452 7319 4228 2912 3766 4925 8857 5409 8006 1682 4599 6401 1786 7506 9854 4760 9260 4886 4330 3991 6692 3461 2131 2099
5524 8968 3974 4472 7077 1187 4129 5463 1387 3657 3782 1673 1986 7185 9792 7009 8178 9199 9612 1577 5230 3861 5187 8405 3367 9395 2577 9062 2544 2108 4743 5783 7559 3197 7088 9452 8499 8213 8394 2142 2725 9304 9728 6347 6402 3998 8226 7621 4004 9220 3721 1175 1704 6945 5097 4214 8564 1845 7133 6833 9810 8496 9611 8780 4745 4245 4848 4530 7474 1471 2398 5016 8824 2861 9550 4593 6983 1374 2001 3799 3430 8059 4345 1443 8610 5542 4299 7739 6799 5114 9116 9742 7232 8275 2369 8461 7128 6961 4225 5533
3414 9718 8963 2121 1042 1684 7251 4294 6946 2353 6934 6478 5083 2030 9162 1850 4563 8243 1054 4515 5375 2247 7421 5727 6929 5705 5531 9817 8747 1167 8661 7079 8329 3412 5026 4105 6707 9820 8272 3780 1630 3993 1845 9682 5199 6582 1257 9055 4984 9800 2987 1646 7258 1142 6051 8985 7097 1493 4459 5093 3488 9455 3446 7956 4714 4398 4357 6527 7707 5121 2732 8661 4168 6623 1191 2256 6593 6281 9554 3788 8004 2497 9588 2528 6153 9596 1020 7311 2021 7306 3542 6282 1881 2917 4732 2659 5202 7282 2889 2998
5290 3614 3986 4516 9815 2512 9851 3067 8331 1369 6176 2122 8917 9325 8531 2802 9163 4094 1388 8451 7492 2683 2725 8886 8707 1379 6801 5767 3761 2754 2416 4336 6395 1651 1250 2441 8124 1628 3894 4281 7956 4512 1758 5604 9968 4773 7420 9320 8195 6323 8874 7106 5131 3992 3826 3760 6073 4367 2157 4432 8780 1555 1458 6062 1188 6204 6467 8215 5881 8166 9933 7079 8512 7047 5833 7448 9000 2069 1461 4648 5851 5184 4621 7892 1399 2567 2271 7005 1148 4684 5711 4399 1388 7320 4968 2966 6664 9251 9596 5750
1478 2749 5111 6058 8598 4213 9909 6578 1713 6487 1782 6305 9480 4582 9859 2351 2725 7332 1652 5922 3208 9662 5027 9169 7583 4555 7288 3620 7003 3607 9482 7075 1327 7308 6443 9545 2409 5795 8278 6606 8724 4562 6652 5120 1868 4932 2339 6632 5354 4154 9309 8799 2715 3580 9070 9419 9877 4809 1163 4809 2237 6712 3267 7834 2802 1352 7324 3367 6080 9187 2574 2546 5352 8991 5254 9248 1435 7034 7565 8280 2136 2486 2393 2502 4932 7263 6743 3746 7781 4831 9975 3601 5390 6892 9870 1523 6307 7186 7076 8765
4196 9934 3933 7645 6566 2990 8627 7951 9026 7937 6380 5563 4201 3716 3702 9334 1491 5662 9592 2348 5617 7644 5510 8596 6030 8273 2573 8282 2571 4897 1536 6259 4988 4450 3500 5411 9501 1828 1948 2971 1809 4101 1499 7212 9197 7522 2575 2595 3343 1984 3463 6943 9946 3314 1413 8268 6044 5637 1193 3887 7602 8267 5090 1936 3987 9256 2433 7594 5240 5779 1386 1028 9006 1509 7602 5704 7829 7732 6299 9965 9238 8904 9734 2248 7253 3385 8039 4404 9925 7164 1453 9818 8588 3127 4154 6998 8975 2579 7257 1793
3332 3160 3754 5247 6896 8914 6733 5306 1307 1086 6451 1171 7033 7229 2346 4119 9116 2412 3184 4782 8067 5408 1129 1784 4607 1582 2781 7110 2989 4376 4449 1494 1123 4716 5204 3126 7328 2671 6959 5982 8953 8581 1895 7481 5657 5011 5089 1321 8583 3275 8004 2352 6940 6361 8293 6543 9369 6817 4459 9293 1105 9413 8547 8231 3997 2520 8969 5087 7394 3634 5711 2229 5552 3035 9908 5714 2842 8269 4395 8736 5230 7702 5108 2865 8463 5020 8201 6283 9271 1281 2924 9969 6707 3002 5707 4427 5949 6087 4925 1575
6439 2369 6662 6556 4658 2766 5754 1510 4123 5391 2956 9190 7638 2443 7810 1101 5379 3146 8251 1475 3665 1796 5993 2971 6730 4563 1121 1914 2613 6681 8548 7254 7246 2449 9049 7962 4309 8484 8750 3627 3009 5417 5990 4644 7629 4960 9447 2650 8948 4264 9902 2633 9141 1136 6446 6687 4879 9291 1312 2683 3940 8682 3308 2367 4419 7515 3930 3001 9749 6092 2110 4309 7484 8079 4793 6403 5330 7125 1972 8564 5323 4187 4313 2928 8664 8737 1582 4135 2197 4429 4121 3117 6970 5059 5069 8113 1670 2375 3966 5006
5398 6764 4464 8948 8011 7564 2644 4199 9448 1089 5103 6678 3747 9486 4561 8958 6078 4525 1317 6715 9191 2556 1245 1801 8905 3941 3440 8609 1406 4662 6367 1941 8507 6735 9413 4624 8521 2446 1556 6157 3654 8088 8266 9326 8208 2967 3176 1047 7387 3413 9199 8058 3458 5020 2208 6623 1789 5785 6947 3317 6552 5445 5901 7670 5503 5007 8177 4035 2950 2502 2095 4528 7663 2071 6757 4896 7495 4033 5183 8014 5833 9399 1772 9522 3118 3159 7139 2121 1099 1344 9199 4330 8536 7094 7455 7911 5881 3104 3693 4306
95 43 912
58 53 639
26 53 605
54 89 871
38 8 545
77 28 514
63 55 874
6 20 774
36 37 867
14 28 927
53 90 416
90 54 316
85 62 608
7 54 135
52 27 943
55 32 407
40 14 154
34 10 404
57 68 126
72 69 160
30 76 157
22 98 729
98 29 353
35 48 208
9 68 859
80 17 587
53 98 511
31 64 817
85 46 353
99 8 401
29 22 769
91 73 209
71 30 707
17 39 382
99 5 116
61 71 643
11 88 188
18 3 100
39 33 349
83 40 983
29 78 850
85 30 272
45 80 956
26 91 785
5 83 564
53 67 245
47 25 275
46 40 433
68 3 606
30 42 477
47 90 129
12 64 168
35 35 625
59 27 280
57 80 412
64 0 880
1 99 577
49 6 512
38 8 767
48 35 578
91 80 276
26 10 377
4 44 938
23 4 177
51 11 351
63 45 672
50 74 646
41 80 774
15 86 616
91 59 476
9 3 355
30 47 489
41 88 163
26 20 193
54 40 682
20 92 103
47 32 923
32 82 840
6 2 421
1 56 159
80 23 621
30 15 360
93 54 302
41 98 768
87 2 609
76 31 745
51 54 336
63 12 153
91 39 966
53 99 259
72 17 185
5 66 890
44 31 411
12 3 101
99 67 332
7 15 441
7 13 449
64 7 980
52 4 574
2 60 744
13 49 479
66 73 638
10 41 690
85 86 716
20 27 810
16 53 133
56 65 258
74 72 788
9 12 116
84 5 735
10 5 945
85 77 296
85 88 426
53 47 843
41 10 633
98 60 231
49 12 242
33 53 239
24 4 794
42 55 813
38 95 487
44 91 239
96 54 703
36 40 845
89 32 622
68 85 731
76 25 817
41 9 678
1 65 217
38 25 422
54 53 652
15 31 698
80 34 932
58 68 524
98 11 247
76 62 356
75 16 619
33 52 491
75 49 964
89 53 340
4 64 196
45 29 639
93 92 139
48 92 803
19 42 271
98 12 925
37 5 119
11 55 596
85 18 613
54 50 168
69 36 715
81 89 338
76 23 104
51 42 240
58 29 504
29 80 624
23 50 435
57 31 876
93 80 792
99 49 455
21 0 805
36 35 893
4 64 763
20 45 542
1 49 101
33 21 312
15 11 269
45 92 839
72 23 108
8 3 490
5 70 992
16 61 544
6 89 942
55 72 394
18 90 567
98 84 928
69 35 302
33 95 539
89 59 636
55 34 400
96 40 315
26 99 893
72 43 483
6 30 123
92 17 865
5 72 975
55 54 557
71 0 421
55 25 870
43 9 663
79 72 882
92 87 168
30 97 595
30 92 371
42 28 860
34 82 201
57 52 496
46 73 779
6 71 892
81 8 845
48 72 235
17 46 365
30 65 453
97 84 551
8 26 931
77 9 827
24 55 274
10 2 962
99 71 780
19 44 641
72 49 458
11 92 747
69 90 810
37 47 532
40 74 379
98 82 881
77 93 539
32 30 822
83 56 185
78 45 241
8 7 582
88 68 415
35 88 308
73 27 311
89 86 270
74 11 824
42 20 310
28 95 161
50 22 780
72 60 423
16 55 542
34 98 491
8 5 220
93 51 188
95 11 532
2 62 193
21 34 942
34 85 771
13 52 914
97 95 754
78 94 225
80 65 486
8 59 543
89 2 698
15 8 547
30 10 886
85 59 777
31 92 822
88 60 583
35 34 567
65 89 192
95 49 150
66 25 973
60 19 460
16 52 924
40 31 974
1 29 598
93 71 603
64 17 383
97 45 186
87 72 414
13 66 518
10 73 725
73 18 224
10 82 157
88 12 753
14 23 177
54 72 738
76 52 886
12 17 128
80 45 511
65 27 971
99 85 315
64 92 476
65 61 591
45 40 736
66 34 138
10 83 242
91 94 643
84 10 659
36 53 660
68 3 460
77 83 949
17 58 278
31 14 431
21 50 777
40 34 746
86 74 151
86 73 108
90 50 627
16 56 220
94 60 137
99 97 783
64 76 248
49 7 844
33 6 611
61 1 849
52 32 407
65 95 813
26 49 901
37 32 792
38 93 652
85 8 133
44 90 940
59 11 230
30 94 901
92 85 462
2 58 565
94 44 724
17 51 544
70 29 862
8 96 471
72 35 742
37 53 117
43 85 219
84 44 281
24 43 992
68 10 795
67 45 280
62 60 795
39 3 702
31 47 209
67 28 151
59 99 806
44 28 489
45 45 837
27 64 758
38 86 844
61 92 181
13 33 361
9 73 939
73 75 572
73 76 378
59 23 761
86 42 295
77 10 213
20 24 182
86 89 954
24 26 649
95 40 315
42 29 206
33 69 293
36 76 869
52 0 105
91 41 750
79 12 145
35 56 173
15 89 659
98 89 998
1 6 868
66 28 937
8 1 487
38 95 996
49 87 871
6 96 202
83 45 647
33 43 296
10 32 503
7 9 550
42 49 210
19 50 621
8 78 339
11 43 267
10 98 630
69 43 956
95 22 690
35 9 977
16 86 592
90 78 271
99 67 856
31 75 533
81 19 780
35 37 349
8 38 495
25 4 577
72 49 994
95 47 515
52 76 950
14 0 529
10 61 649
20 21 885
75 41 427
58 72 984
61 11 686
91 51 168
82 14 534
36 91 125
35 49 982
89 18 694
94 4 575
93 50 254
81 95 714
77 86 101
61 71 874
53 93 746
63 55 730
81 6 824
31 76 327
91 83 631
95 72 912
96 62 542
24 92 660
14 31 139
15 85 763
68 3 552
64 85 678
25 58 663
85 20 925
57 7 907
19 51 750
8 65 494
42 19 865
12 88 308
58 84 574
12 99 124
25 54 196
34 10 715
10 29 233
45 31 850
82 8 247
75 85 375
98 71 562
90 86 655
97 36 787
63 29 694
53 18 535
31 78 121
72 45 760
44 62 325
92 63 935
34 38 729
66 66 806
59 28 1000
75 6 334
62 21 369
96 57 284
79 58 933
30 96 271
20 23 534
22 53 652
17 54 202
51 63 389
52 3 542
6 42 404
8 96 383
27 92 959
29 0 710
35 21 165
98 9 117
90 41 814
80 94 753
19 3 442
21 85 814
68 93 993
11 53 467
49 92 999
65 63 770
85 26 737
20 91 858
28 81 156
29 82 477
35 44 260
57 61 696
81 31 815
51 10 625
78 76 690
2 92 800
32 12 343
66 11 128
57 92 275
95 16 721
67 21 293
58 34 338
96 25 326
25 0 636
78 63 302
44 65 842
23 33 479
32 15 582
20 18 155
29 61 696
43 20 370
73 54 830
53 36 213
74 25 133
89 69 198
17 12 580
99 94 979
69 81 484
35 66 826
78 38 794
34 67 831
27 23 974
22 2 609
98 65 482
9 88 281
69 56 340
47 12 323
58 39 666
33 65 202
84 87 577
34 6 315
72 71 512
28 82 245
59 29 155
86 6 308
67 16 456
6 56 278
59 58 617
32 91 362
86 42 286
42 25 194
8 91 705
12 62 459
8 75 549
16 66 146
29 99 371
42 50 799
48 57 979
73 95 769
86 14 479
4 12 807
62 67 637
77 16 192
48 38 897
1 69 462
13 57 649
11 32 417
54 57 672
10 67 673
14 14 502
47 62 662
37 77 168
84 57 912
41 85 368
97 44 807
18 96 526
96 71 266
92 27 490
3 38 102
35 61 764
43 88 405
40 42 438
36 10 888
74 91 854
96 96 269
55 82 405
1 13 605
26 55 849
15 20 515
46 60 638
0 1 543
26 20 858
19 8 743
40 43 919
29 35 116
7 47 958
40 75 761
91 16 803
62 79 747
92 13 798
45 35 253
20 46 192
91 43 106
94 96 741
65 44 849
51 35 662
62 17 604
2 98 507
77 43 465
19 62 601
29 7 441
61 54 792
30 61 876
50 84 427
48 52 642
42 55 801
89 14 554
28 2 208
5 18 337
91 60 910
84 18 543
32 14 317
11 10 109
11 13 579
72 95 655
62 64 475
13 91 885
56 16 170
28 69 281
81 16 846
0 36 595
93 56 217
33 63 939
94 23 560
29 54 899
68 6 268
84 99 263
10 90 973
52 66 846
3 54 681
93 1 373
36 30 331
11 45 249
82 2 838
45 38 224
73 83 129
41 11 953
36 87 371
38 87 549
89 62 621
90 39 672
6 36 315
6 7 313
21 54 817
81 38 754
51 13 883
3 43 364
16 52 588
21 92 416
47 11 813
6 27 196
83 0 896
85 93 225
14 57 145
56 21 349
83 45 579
70 54 252
85 22 936
0 56 628
66 90 143
31 51 870
6 47 828
69 7 394
8 68 147
62 13 404
36 3 634
50 28 286
42 29 990
76 58 743
16 8 480
87 89 441
61 29 824
87 77 188
33 57 619
42 71 198
68 50 656
74 12 863
31 93 643
13 21 139
51 91 695
30 99 471
11 18 132
52 24 650
90 41 569
16 97 632
27 89 887
0 42 785
80 91 276
52 36 397
5 53 178
37 47 975
85 95 487
97 84 811
3 46 588
71 49 484
87 95 466
50 65 216
17 88 744
44 98 633
50 28 121
39 54 584
5 6 450
77 52 277
15 18 240
76 25 778
29 39 163
94 12 182
19 38 132
35 27 264
45 67 301
33 63 826
80 40 471
23 75 893
13 31 918
98 59 369
61 14 205
69 78 486
43 90 881
21 64 248
6 36 591
2 82 136
83 17 695
51 25 214
72 54 900
81 91 351
64 22 473
52 92 549
17 95 442
48 24 769
12 10 940
69 82 128
90 50 693
83 98 516
90 57 761
73 11 717
21 26 394
51 14 492
34 72 733
27 83 545
25 93 209
97 96 967
65 25 299
36 79 349
27 58 773
67 48 127
33 59 737
45 10 937
46 61 442
9 91 252
34 69 870
20 3 386
73 0 344
27 20 625
32 17 987
95 40 555
66 47 187
53 33 129
82 27 902
76 22 897
87 73 397
68 30 474
71 13 193
35 76 545
13 49 973
90 91 134
24 62 345
59 4 533
67 19 947
67 81 591
49 80 827
37 51 349
61 93 641
69 47 528
15 76 624
8 60 211
16 46 293
66 44 975
59 63 872
33 45 111
14 81 878
12 74 891
58 21 277
82 37 625
30 74 560
0 38 182
86 36 478
0 80 402
45 30 213
73 99 286
84 59 382
85 79 211
98 83 179
76 37 832
9 25 544
98 68 371
11 32 492
43 81 149
29 86 957
37 39 222
4 7 435
96 51 572
25 35 605
28 14 981
86 97 891
74 43 300
79 32 877
31 78 504
19 24 314
79 28 582
19 95 599
4 43 993
33 24 798
36 35 889
65 30 433
62 53 781
70 66 794
16 40 269
98 12 459
50 93 462
43 48 597
48 74 770
92 14 688
27 67 984
10 61 359
16 14 903
1 75 613
77 11 957
82 49 145
80 46 128
62 85 318
99 32 485
6 31 928
44 68 669
39 58 493
92 8 356
80 44 960
54 32 160
30 30 243
59 0 963
96 33 541
33 5 103
68 28 597
63 11 111
72 18 351
22 96 122
98 95 907
84 12 639
76 34 885
87 51 422
68 97 511
47 4 952
64 61 235
28 85 430
85 20 596
73 36 854
65 7 650
14 43 429
0 70 411
30 29 670
68 72 480
45 95 973
47 39 617
5 87 966
60 59 745
12 38 439
49 85 159
79 80 417
2 88 122
24 49 685
88 22 361
69 65 174
91 23 580
58 38 480
46 59 111
3 97 266
88 71 899
63 99 113
90 19 619
45 80 808
80 0 998
10 24 374
98 21 902
34 70 872
15 94 615
50 70 717
43 44 544
0 11 952
40 93 261
36 87 821
91 95 847
70 8 778
17 63 156
39 9 105
77 6 803
47 10 668
16 13 847
10 3 439
74 36 848
82 95 437
72 76 530
98 87 178
58 45 169
56 94 586
25 4 154
78 26 145
77 52 981
80 33 691
87 1 709
49 42 212
2 91 873
9 5 420
79 67 864
4 57 373
41 93 344
39 58 231
50 55 959
70 49 999
3 38 402
8 64 690
9 79 243
17 97 194
30 43 497
18 62 468
56 93 988
14 17 427
86 74 458
81 4 772
86 8 575
86 86 197
95 77 573
32 43 654
0 80 299
18 46 585
41 3 661
22 0 626
98 4 503
80 62 685
53 12 513
27 90 631
30 76 949
74 9 724
81 98 861
55 10 529
48 82 894
87 63 658
45 72 864
0 84 520
69 43 553
89 63 604
10 66 660
5 26 726
38 29 123
91 40 801
59 50 199
10 83 653
69 37 845
29 49 838
3 36 105
22 86 511
8 10 158
17 40 951
24 49 148
69 84 134
48 20 259
51 50 631
52 56 842
86 61 481
39 31 706
80 31 191
5 18 407
23 7 574
52 80 596
15 6 150
5 67 998
93 27 469
33 88 218
41 48 780
62 60 125
45 32 169
31 17 873
97 77 287
8 43 475
96 19 479
53 82 130
11 51 920
14 97 707
6 41 206
91 71 685
58 50 696
30 14 693
73 88 897
41 69 707
37 39 459
60 98 209
27 54 600
58 67 680
67 50 458
99 65 504
16 55 970
1 92 420
52 38 107
39 79 585
90 76 963
14 77 867
54 9 571
93 81 318
58 8 591
96 8 138
71 98 735
33 69 390
47 32 793
61 85 778
45 96 772
13 81 456
10 59 577
88 14 669
90 60 673
42 31 461
0 67 335
52 51 887
73 11 683
14 27 582
98 31 162
85 23 419
72 53 350
54 80 943
97 87 119
73 79 833
6 36 358
1000 84 9 90 13 304 67 47 94 95 465 5 50 61 69 338 7 27 42 72 928 40 12 58 73 926 28 71 48 83 646 4 17 51 80 883 75 62 89 88 257 2 96 19 96 939 72 86 85 96 176 32 37 35 40 747 38 5 49 95 509 58 60 82 65 795 28 39 52 63 654 2 82 99 90 374 46 82 97 85 498 96 57 98 93 573 40 23 55 48 659 1 33 11 47 8 66 12 83 98 183 62 62 94 82 29 18 16 41 47 543 1 11 57 31 92 76 72 83 85 526 55 75 90 79 478 57 75 64 76 377 73 49 73 82 526 90 50 91 51 355 16 88 63 95 596 58 31 70 62 1000 6 41 73 64 854 25 18 84 40 786 5 26 17 68 406 93 79 94 89 100 18 36 87 36 605 26 7 62 72 150 88 84 91 98 304 85 28 96 82 255 90 68 90 70 109 64 15 77 46 682 28 14 66 89 103 71 83 98 93 793 96 55 99 83 106 33 41 98 61 298 26 83 30 95 20 8 39 92 51 495 66 65 85 65 654 53 14 58 61 993 13 40 41 72 83 61 59 87 89 433 98 9 98 86 788 29 57 83 59 196 22 96 52 97 108 44 81 54 92 463 63 80 93 94 360 45 0 49 61 34 91 27 97 79 607 48 27 65 47 661 75 9 89 30 111 39 61 52 78 853 76 36 83 43 512 52 92 87 96 676 88 6 94 49 723 96 98 96 98 649 27 48 81 71 565 85 55 98 57 62 64 68 73 79 600 92 11 97 20 598 55 11 69 79 584 48 29 75 78 534 53 74 81 78 247 71 76 87 80 749 77 57 93 60 52 5 82 68 86 367 67 94 73 97 502 90 13 98 28 551 96 30 99 95 734 3 78 43 94 448 6 24 70 89 801 14 47 33 91 589 63 16 90 34 523 96 91 97 96 257 73 58 79 87 715 74 70 77 75 514 10 84 28 97 689 44 21 85 45 970 74 32 94 48 835 7 79 97 81 88 81 91 83 91 237 51 78 90 85 566 79 67 92 87 520 31 55 73 86 356 97 79 99 79 158 52 73 73 97 225 92 93 99 96 771 47 43 61 82 197 71 44 81 83 658 43 70 71 76 403 53 62 92 78 666 73 76 98 97 362 0 72 22 91 228 65 75 91 95 32 54 18 61 41 302 60 41 92 92 899 59 98 84 99 166 49 96 65 97 307 78 66 83 90 789 44 62 52 71 808 87 83 94 88 701 84 44 96 99 155 68 11 77 66 174 66 1 70 9 529 8 31 27 46 887 30 59 97 64 118 36 50 43 91 512 15 19 78 98 669 49 56 64 91 739 48 11 56 82 846 24 86 34 92 181 27 57 78 94 726 45 43 70 97 279 13 30 88 99 324 27 37 95 64 323 47 71 69 78 129 27 16 94 90 798 17 86 24 94 915 40 27 89 33 63 88 3 89 70 481 8 25 10 49 836 86 25 93 71 857 98 16 98 43 899 50 41 68 85 567 89 76 90 86 906 35 41 93 90 934 35 95 91 97 694 92 86 93 88 336 95 63 96 73 229 8 22 46 57 711 88 79 92 92 178 6 4 51 89 931 82 81 85 94 697 39 18 72 29 165 87 12 95 89 941 8 13 95 93 195 86 44 90 96 678 23 71 24 93 600 94 55 96 78 808 64 57 77 93 365 46 95 62 95 964 79 15 93 18 51 87 61 88 89 779 13 18 62 62 764 34 36 39 99 865 3 29 36 64 1000 39 57 59 76 230 8 11 38 19 742 90 70 92 71 107 63 1 64 22 373 73 69 83 92 947 20 49 38 88 318 88 68 88 97 202 77 71 87 97 773 4 26 29 36 756 70 44 86 48 270 38 63 71 90 558 56 37 89 62 630 75 31 77 43 959 85 93 97 94 15 55 51 77 57 163 60 24 81 55 124 57 70 86 84 706 25 5 43 28 322 30 57 72 58 257 56 4 74 81 15 85 66 87 81 193 63 4 79 76 975 37 37 75 94 518 23 68 78 94 243 88 63 89 89 845 35 75 97 96 482 91 94 99 94 87 35 36 64 81 387 26 53 93 58 287 0 24 22 95 949 28 79 48 93 340 41 96 55 96 553 48 57 64 79 137 36 40 66 78 737 45 71 61 71 888 58 30 89 31 934 55 91 59 97 819 51 44 52 48 413 46 85 69 99 421 38 65 43 96 734 67 93 74 97 171 46 19 75 60 324 41 25 49 40 466 39 0 79 62 945 43 88 99 97 161 81 43 93 44 60 16 87 97 95 983 74 1 95 80 727 43 69 88 93 481 51 91 71 92 570 24 90 44 90 912 15 32 33 96 778 62 59 94 81 848 86 14 99 34 354 93 71 93 94 738 13 88 95 94 625 36 94 61 97 249 30 95 91 97 249 3 65 16 87 137 91 22 99 35 156 36 1 51 9 761 46 88 85 90 627 65 27 85 42 614 7 3 85 24 256 29 37 35 89 960 54 74 59 78 696 11 25 82 34 526 0 7 52 32 727 12 32 58 40 530 14 98 31 98 87 94 24 97 86 149 49 47 57 54 548 84 82 95 91 915 5 93 72 93 800 75 5 81 90 990 53 20 87 49 964 29 47 78 65 314 86 22 94 32 232 13 72 96 95 905 45 66 57 95 470 97 47 98 79 779 20 58 82 62 571 31 75 32 82 969 44 35 88 79 90 95 15 99 69 456 18 4 97 96 111 4 2 79 37 11 75 80 90 86 601 49 51 50 81 76 85 24 88 62 971 85 33 85 80 898 9 16 15 42 757 68 62 97 73 236 79 39 84 56 487 65 2 92 67 570 29 23 30 36 172 11 84 83 86 70 97 90 98 93 692 61 83 89 99 655 24 26 62 84 471 27 83 44 98 352 53 62 88 85 76 92 40 93 44 787 11 10 93 63 369 95 30 99 56 132 15 4 76 49 562 37 81 74 83 998 32 17 90 30 200 59 43 86 90 354 78 62 91 94 937 69 71 69 98 377 4 0 25 13 86 58 42 80 79 89 15 3 67 50 684 18 28 91 66 119 89 13 91 19 781 37 97 96 99 493 10 29 11 51 197 77 61 77 99 348 40 41 95 84 87 80 7 92 83 530 66 92 98 95 207 97 48 99 59 68 65 36 95 88 413 43 56 99 59 231 63 94 93 97 911 89 54 91 65 710 72 63 89 76 562 34 52 37 96 220 48 89 93 92 262 63 56 77 94 612 50 90 90 96 668 78 89 79 97 309 31 97 82 98 726 29 59 84 81 723 39 93 90 99 234 74 22 74 96 24 0 83 65 96 483 98 22 99 77 125 16 3 57 55 657 8 38 93 91 198 38 73 42 93 778 17 7 73 11 239 24 42 53 79 805 84 57 85 71 19 77 33 79 81 202 23 29 61 66 67 33 78 93 92 194 88 66 98 76 735 35 49 73 99 885 94 96 96 96 93 87 50 87 79 209 98 25 99 99 161 41 93 59 95 113 91 28 96 74 606 6 85 20 96 157 75 45 93 75 557 91 0 96 62 127 77 38 79 67 862 27 0 40 32 85 50 27 88 54 289 38 15 96 17 360 55 80 58 92 522 97 91 99 93 440 57 22 57 69 823 61 88 79 97 455 90 17 94 40 324 16 1 97 19 238 59 11 92 94 726 24 26 87 43 39 18 60 58 68 925 94 22 95 42 735 1 13 33 52 965 29 32 97 35 472 42 3 91 53 65 4 50 14 95 277 24 96 48 99 535 27 36 85 45 447 36 55 53 74 582 4 24 68 67 122 1 4 67 39 207 36 37 71 64 249 80 4 97 21 844 77 29 77 86 488 64 86 94 97 176 56 97 59 97 738 64 15 64 56 912 13 23 42 86 796 79 48 87 66 585 4 35 95 87 266 31 83 76 96 590 72 70 97 71 768 79 9 83 67 636 28 27 39 28 672 73 36 74 79 581 70 50 98 53 203 79 40 95 51 404 77 45 86 49 439 42 4 68 20 711 59 92 95 98 481 33 3 84 40 849 58 7 95 33 499 65 89 97 95 760 63 22 93 48 478 36 21 66 41 426 20 34 57 72 970 97 63 98 73 383 21 70 86 87 878 90 35 98 91 209 12 45 85 67 436 45 67 47 96 412 58 9 93 80 133 91 10 97 37 653 74 79 99 89 575 35 32 41 39 792 14 80 59 88 190 29 82 51 95 125 73 30 76 99 765 11 24 88 58 2 82 72 85 83 86 18 6 35 97 768 1 28 48 81 192 79 26 82 92 646 63 97 84 97 724 50 64 94 91 642 28 27 95 45 348 28 24 31 38 89 47 94 84 97 126 7 21 56 65 307 31 78 53 78 309 37 97 78 98 412 23 68 95 86 963 54 52 61 74 351 72 75 91 76 696 80 9 84 90 394 39 46 75 57 441 90 89 96 94 2 58 79 96 83 44 40 37 89 95 917 38 91 55 96 215 31 51 89 68 528 28 92 51 96 441 21 43 69 58 531 30 73 40 84 4 95 50 96 92 28 2 77 6 87 352 73 90 78 95 339 1 11 45 51 947 3 6 65 12 582 4 56 73 76 487 72 46 82 65 705 23 10 51 18 512 37 18 59 77 995 71 86 74 88 312 93 15 97 36 600 74 72 90 72 12 68 96 94 98 22 28 52 75 93 166 92 76 93 83 201 5 23 19 84 657 71 90 85 96 629 49 3 90 85 37 75 22 76 84 297 86 32 98 90 835 68 54 95 76 154 11 59 95 71 521 28 61 96 87 500 64 1 67 2 552 44 39 91 39 92 93 72 97 79 531 39 14 90 19 320 16 78 26 96 401 66 40 96 92 677 70 80 72 83 769 72 47 89 47 7 35 98 49 98 268 6 13 21 73 252 31 34 42 80 861 77 84 99 93 175 17 28 59 91 417 76 76 98 78 880 72 38 87 97 721 81 57 98 89 570 72 70 87 96 828 53 2 59 16 783 73 52 95 52 178 96 77 96 87 952 14 88 86 94 444 1 26 10 81 325 54 47 71 94 37 37 43 87 93 28 92 51 95 56 853 89 47 95 84 214 68 54 82 84 126 28 9 59 86 68 94 74 97 88 189 98 49 99 69 694 39 65 48 81 955 24 97 60 99 136 4 85 66 96 98 73 38 88 55 279 82 89 88 99 155 13 57 37 73 688 72 69 77 83 410 33 59 83 95 467 59 61 96 86 623 55 38 72 41 489 17 31 87 71 208 21 95 96 98 388 85 10 97 73 9 2 78 10 98 502 65 49 80 62 948 96 24 96 67 652 26 60 95 98 692 70 76 79 89 8 6 38 12 96 921 66 43 76 63 28 9 1 48 76 976 72 51 77 70 212 5 14 21 94 352 74 83 93 98 902 61 97 66 98 861 56 93 79 95 165 86 92 99 93 799 63 97 91 97 571 27 66 99 71 928 10 37 16 50 896 69 34 77 38 896 51 28 80 78 839 71 18 81 20 309 93 86 97 90 7 12 86 63 86 93 78 64 91 74 347 82 16 96 21 416 58 55 60 80 945 48 29 68 84 961 28 17 42 98 918 54 83 79 92 367 63 28 89 79 895 33 47 80 72 517 40 27 55 91 455 90 23 99 92 725 5 64 6 80 475 57 58 59 98 52 44 10 70 24 794 36 70 86 93 482 23 60 64 61 539 81 56 94 91 386 39 27 53 81 489 87 17 94 17 843 0 72 40 88 429 15 21 91 68 543 44 30 68 77 990 66 96 86 98 385 20 66 87 82 612 46 78 58 90 917 42 4 66 84 964 52 90 54 99 147 68 9 90 96 939 57 24 66 56 384 13 62 13 82 175 11 55 42 96 231 4 25 87 97 113 42 22 78 45 521 67 10 81 13 417 65 79 82 97 538 88 2 97 40 973 67 12 92 99 984 87 12 95 70 736 32 26 72 67 1 19 56 79 75 851 16 13 55 24 402 53 2 84 23 828 11 60 69 90 141 26 1 52 23 820 27 66 47 72 222 91 31 99 46 557 69 77 99 98 244 73 80 89 98 236 46 82 91 86 82 51 70 77 94 577 56 78 89 84 886 88 60 97 84 270 25 80 90 84 907 76 59 81 60 186 15 41 51 98 615 27 50 53 73 34 8 55 22 88 762 1 6 25 77 244 55 17 70 22 966 57 24 63 60 650 21 44 74 98 655 89 57 94 65 39 77 87 98 94 855 20 0 32 13 542 24 55 74 61 662 44 44 59 63 23 46 69 98 96 450 72 4 86 86 387 43 65 45 69 503 48 50 96 80 266 15 0 59 19 361 44 17 72 96 722 57 37 89 65 203 60 51 84 61 873 67 89 91 97 854 26 29 34 71 292 84 54 94 93 875 20 37 20 70 650 42 52 63 75 59 21 19 35 51 506 3 1 21 40 600 29 3 66 52 860 12 7 74 81 988 43 55 95 71 542 0 67 35 89 320 57 26 89 26 754 50 63 79 74 571 3 67 72 93 575 2 3 80 98 130 24 11 96 22 864 4 38 41 80 334 51 41 70 82 139 16 11 28 76 851 8 81 62 95 500 95 22 99 74 644 77 18 89 64 315 49 35 53 79 921 32 53 77 97 337 95 77 98 77 540 22 48 30 64 840 89 36 93 73 161 66 72 66 89 534 7 67 56 90 963 78 6 82 16 356 93 26 99 83 838 72 8 75 35 740 24 91 45 98 106 3 59 92 75 899 77 95 94 97 877 18 6 27 61 491 31 53 90 58 574 1 83 17 83 430 93 39 96 47 758 28 14 73 46 317 96 6 97 50 143 38 57 86 77 4 63 39 90 97 224 26 36 80 47 998 88 96 88 98 290 73 62 99 92 959 43 52 85 63 819 64 40 95 61 852 61 73 89 74 941 43 75 52 88 419 43 36 99 88 805 52 25 95 45 172 8 87 63 91 878 87 52 93 87 840 81 38 87 50 553 74 0 94 5 244 52 45 67 63 714 57 92 90 99 317 80 37 81 86 96 1 50 64 70 710 80 15 91 50 797 77 49 84 49 48 90 11 96 35 411 84 51 84 93 194 92 39 96 56 473 46 89 99 91 528 86 22 89 94 122 31 37 81 75 671 83 58 95 86 434 0 47 52 91 205 46 30 73 39 624 19 94 44 98 183 92 59 96 63 820 52 18 75 24 636 16 32 51 87 163 3 20 91 24 894 31 41 34 66 927 20 86 75 93 841 64 19 95 97 585 2 25 31 95 683 18 93 86 95 560 91 89 98 92 917 88 20 89 80 797 6 68 44 91 599 24 8 73 94 890 2 10 7 18 139 84 73 96 83 406 54 1 81 41 700 10 81 89 85 897 59 81 78 87 314 54 61 66 79 236 58 13 77 92 508 59 11 64 86 135 6 12 62 92 398 29 19 49 54 332 42 56 74 99 225 22 70 39 95 926 69 25 95 62 499 49 0 98 59 57 97 17 97 43 996 9 15 21 19 695 32 98 57 99 419 20 52 54 69 400 82 63 86 67 592 1 65 84 78 123 20 5 84 49 354 47 25 89 82 588 42 15 86 77 740 76 1 95 72 641 20 65 71 81 320 36 52 95 78 110 83 66 90 78 10 7 73 65 88 86 77 85 85 87 855 6 95 69 95 567 93 67 96 80 762 17 1 92 75 993 30 95 79 98 157 50 79 78 83 50 46 24 47 87 681 97 9 99 72 102 40 34 67 83 194 55 66 92 68 778 94 81 97 81 163 86 62 95 80 606 73 48 89 71 56 93 87 93 99 890 70 70 70 78 387 95 70 99 98 4 68 94 79 95 287 21 4 56 66 347 36 71 77 85 952 83 34 88 56 780 14 46 19 65 338 18 84 75 98 798 38 50 88 54 980 60 80 87 99 423 2 64 10 97 678 19 44 49 70 82 49 83 99 96 501 55 94 93 94 929 88 9 92 52 773 25 34 68 73 474 9 40 19 75 145 77 65 98 86 790 11 32 63 52 374 25 59 70 89 820 83 55 88 86 484 90 40 91 99 977 56 82 59 86 772 9 68 99 76 336 21 18 80 32 913 41 66 46 93 296 66 74 98 80 175 86 27 90 43 767 97 95 99 99 738 8 40 18 58 594 63 21 98 91 771 38 38 86 76 272 3 97 77 97 141 9 28 44 72 80 41 10 83 79 237 51 9 69 50 664 22 80 36 81 897 76 64 92 92 600 93 6 93 99 209 36 91 74 94 448 93 12 97 13 669 38 38 87 63 711 66 3 92 53 140 57 87 67 96 540 85 88 91 96 138 98 35 98 43 305 49 5 51 7 773 23 35 29 48 691 73 37 73 40 64 89 54 89 56 318 52 97 98 99 387 63 69 65 78 571 83 57 99 98 797 38 60 82 99 345 88 15 97 78 730 78 6 90 93 286 4 19 92 55 484 73 95 86 95 398 44 94 93 97 358 30 93 85 93 105 36 79 38 98 704 61 39 74 44 710 45 60 77 98 805 59 34 63 88 662 78 44 97 74 659 4 26 89 98 68 93 52 93 87 521 27 6 81 71 492 65 57 65 77 838 54 19 83 23 319 23 27 86 71 312 15 90 34 93 60 60 93 89 97 971 97 82 99 97 454 18 19 23 66 414 50 51 78 65 547 54 38 80 57 388 81 59 99 75 919 28 98 46 99 243 39 4 50 23 279 71 58 99 91 871 85 32 96 93 882 70 6 85 20 388 41 5 88 80 295 93 18 96 67 671 32 11 55 47 83 46 77 54 79 681 4 89 79 94 480 85 55 94 88 449 69 49 85 86 813 3 3 35 26 676 40 68 87 75 888 19 67 86 78 595 75 39 75 45 880 48 76 85 79 303 47 83 79 85 815 15 2 21 24 816 56 28 96 80 298 46 24 87 52 535 42 6 92 42 289 43 8 59 64 515 95 11 96 39 483 92 84 99 94 464 38 42 70 69 836 50 34 72 46 716 30 70 39 73 257 16 61 60 68 669 0 35 3 93 349 9 77 68 77 167 22 81 22 91 113 52 22 81 79 706 87 94 89 98 479 29 20 60 84 361 89 61 95 76 856 4 48 92 77 407 31 93 45 98 975 90 56 98 81 647 56 6 96 84 137 68 50 98 75 143 53 8 91 55 118 35 47 97 94 704 12 44 81 54 408 43 62 69 79 10 4 25 5 43 655 37 43 63 80 268 45 11 60 23 291 68 89 98 91 345 4 14 5 36 403 15 80 31 84 663 45 38 49 53 234 57 53 95 68 25 73 59 75 86 301 42 94 95 97 171 39 1 47 84 540 39 2 89 21 996 4 11 65 85 589 75 38 94 55 440 74 60 88 69 435 3 15 73 85 139 17 29 19 32 446 56 30 93 65 73 37 38 70 89 590 76 57 81 85 252 68 62 98 71 716 33 89 85 97 617 94 10 95 44 181 19 60 63 91 949 55 49 56 91 560 67 21 82 88 915 84 96 87 99 291 86 13 96 69 918 35 19 82 89 381 49 56 56 98 494 76 3 97 90 258 25 59 45 83 444 30 18 79 93 911 68 42 89 55 917 13 13 42 35 262 65 6 89 84 834 18 72 53 73 436 61 82 91 97 869 51 86 87 88 581 24 64 69 78 467 66 35 67 97 931 21 84 88 92 606 8 68 92 92 524 46 60 98 82 481 49 27 64 93 601 47 17 96 80 531 32 22 97 48 611 97 92 97 96 363 13 28 76 79 769 22 79 86 86 959 86 41 91 70 943 77 66 87 84 70 11 53 62 77 871 41 20 58 55 245 32 52 38 59 928 12 8 55 35 367 52 77 94 86 691 89 82 90 84 913 58 17 95 36 29 21 90 82 99 420 18 84 21 94 352 10 9 12 27 590 40 88 96 90 9 44 44 46 75 484 36 79 79 89 791 42 46 56 93 535 17 83 54 92 927 29 6 84 13 110 78 3 99 22 631 52 1 66 35 683 24 83 26 88 406 74 39 80 42 822 80 91 80 94 625 8 71 45 89 374 55 50 80 74 746 86 54 94 81 77 18 64 99 92 864 15 43 32 72 911 22 94 63 94 199 91 14 99 46 467 68 82 83 85 790 47 26 52 33 700 13 37 80 46 20 21 64 31 92 352 55 83 56 90 355 66 5 98 94 697 61 24 63 30 898 81 75 86 97 628 85 90 89 95 468 51 88 69 93 489 23 67 57 87 458 86 50 99 62 420 95 97 95 98 807 73 93 83 93 713 19 82 30 92 596 11 5 62 27 228 89 41 99 67 438 69 87 82 98 504 82 11 84 71 877 6 50 35 78 666 66 29 68 29 500 43 5 80 47 847 45 88 86 90 634 94 4 96 53 45 6 30 54 42 689 26 16 67 82 596 92 15 94 48 356 61 41 81 63 558 2 90 79 97 511 29 67 63 98 101 76 29 81 95 588 68 14 99 47 418 61 52 92 98 668 61 54 78 76 731 75 61 78 98 736 94 49 98 78 254 37 58 43 97 647 0 45 10 75 469 86 63 91 67 112 33 80 33 99 749 80 19 88 86 327 55 54 83 68 180 97 18 98 45 968 91 5 92 26 524 30 24 62 79 749 30 98 98 99 512 10 45 28 89 446 42 88 91 88 981 68 31 87 91 856 69 59 79 77 982 47 88 82 92 695 92 3 97 63 562 79 27 93 48 63 34 48 94 70 565 33 82 46 86 271 79 91 79 91 550 10 86 19 89 491 45 27 90 67 28 20 11 54 65 410 49 59 90 89 580 38 5 63 98 754 1 1 47 91 460 90 85 98 95 455 14 7 54 46 111 81 94 99 96 743 56 41 65 64 86 47 30 98 92 740 61 17 74 59 586 27 74 59 98 831 94 6 98 12 847 34 38 95 89 216 61 27 81 28 32 22 56 37 96 681 78 42 96 59 510 23 28 90 94 772 55 37 67 59 945 97 18 97 80 1 22 26 85 75 609 21 52 94 75 197 8 22 46 74 265 84 98 98 99 899 72 73 92 93 563 58 71 93 76 91 73 4 74 23 416 70 55 73 62 815 22 43 24 73 93 80 16 99 23 575 17 74 67 84 15 32 53 40 55 292 62 38 74 75 417 51 0 51 92 939 75 74 76 82 820 32 45 79 60 534 54 14 98 45 439 11 27 90 68 656 21 62 58 90 357 59 38 71 82 962 10 21 59 63 245 58 31 85 69 204 57 92 75 96 930 5 13 67 25 359 43 95 63 96 448 8 65 46 93 41 8 89 95 92 841 10 28 87 82 909 16 95 90 95 649 76 83 99 90 479 82 45 90 53 753 15 0 58 22 693 58 18 84 90 108 3 23 25 79 878
1000 27 65 76 96 523 3 83 39 93 740 55 58 68 95 203 20 9 60 81 962 36 24 63 64 932 60 20 82 70 186 36 27 36 70 685 27 6 89 69 301 45 21 79 41 635 37 63 46 81 370 86 78 98 94 773 74 95 91 98 863 77 16 83 75 55 96 45 98 45 23 75 33 85 57 353 15 6 85 96 717 49 6 80 94 914 25 84 82 90 936 51 82 57 97 960 29 90 90 96 762 29 11 93 18 208 47 0 55 47 808 80 77 80 92 690 70 58 98 61 176 28 97 88 98 655 11 38 65 46 12 50 40 82 62 68 41 21 52 43 941 53 4 96 63 671 55 0 60 76 310 4 14 86 67 425 7 89 92 95 424 35 3 75 34 88 71 0 73 20 959 84 42 90 46 832 79 29 97 78 844 7 0 94 25 830 88 14 93 30 900 1 42 98 55 875 42 24 65 70 813 83 32 96 95 241 57 52 82 80 218 16 51 27 92 145 98 98 99 99 127 74 50 78 55 3 76 62 93 62 479 87 22 94 92 88 84 29 99 34 288 71 48 90 96 565 70 63 83 82 130 1 61 75 84 226 20 93 56 94 595 36 30 61 34 50 38 14 52 96 493 97 46 99 94 265 21 22 27 57 866 71 88 75 97 892 79 37 94 84 483 3 60 96 98 554 7 85 95 94 100 87 93 95 95 682 20 43 55 61 652 76 90 80 99 942 0 95 50 99 486 31 78 36 82 108 33 69 38 78 309 0 15 25 72 878 68 41 69 49 911 70 72 96 73 903 23 30 77 57 953 50 27 57 59 16 67 12 98 89 553 20 84 20 99 63 0 1 16 15 423 48 75 97 77 572 95 58 95 76 280 51 15 77 54 480 55 51 58 88 734 82 38 83 90 93 32 66 72 80 210 29 33 53 61 602 18 69 94 92 67 11 38 35 45 265 47 33 79 85 556 28 15 31 23 437 31 78 86 85 472 58 24 71 53 590 79 56 98 83 353 73 56 77 89 141 8 7 47 18 239 39 9 93 33 779 15 26 83 48 763 70 47 86 62 34 71 90 84 95 208 24 90 80 95 884 21 42 97 94 30 86 74 92 93 291 98 90 98 98 142 1 25 67 28 669 24 69 89 72 287 57 54 86 76 989 57 94 60 97 771 30 34 50 63 45 96 76 98 88 476 26 98 30 99 232 94 52 97 90 213 50 3 88 26 977 58 19 60 31 464 81 83 99 91 612 90 58 99 99 172 71 53 88 67 185 14 17 64 71 889 71 65 74 74 36 82 77 85 94 556 58 97 74 98 281 91 79 96 86 571 16 18 39 18 149 7 98 14 99 601 97 90 98 91 806 27 31 55 53 29 47 38 64 39 603 72 10 74 33 942 62 33 83 72 76 93 28 99 98 616 94 39 95 58 532 60 61 70 96 480 88 90 98 94 974 36 2 83 35 417 2 13 34 19 512 78 23 83 31 254 16 42 99 99 736 7 82 46 98 34 53 18 98 67 627 80 83 98 96 261 20 87 83 94 887 84 24 93 88 774 45 80 98 83 431 85 7 85 21 388 2 69 55 78 946 30 17 58 89 905 20 21 96 79 45 3 3 24 71 683 18 34 73 87 830 13 71 59 90 375 11 22 24 26 946 80 66 88 91 233 89 44 90 60 809 78 2 98 83 451 78 43 98 43 64 98 9 98 35 440 96 49 96 82 577 87 46 96 55 379 4 62 19 84 319 87 67 89 93 346 60 15 66 97 678 43 69 76 97 517 25 79 76 89 987 38 44 68 86 898 11 47 70 97 132 50 73 78 86 653 53 58 94 72 628 97 40 97 66 935 53 94 84 96 78 16 69 70 83 619 6 28 43 89 980 61 14 98 25 11 40 82 95 92 741 98 12 99 75 798 53 88 89 92 880 36 52 76 62 820 5 59 97 98 817 88 98 99 99 459 11 36 92 61 132 77 35 93 61 383 1 21 12 40 913 43 90 62 98 609 14 83 40 89 265 16 64 77 94 450 92 44 94 63 366 66 78 83 88 499 86 22 92 54 978 50 52 77 86 989 37 65 72 95 940 14 15 47 98 175 55 37 93 43 568 68 54 83 96 28 36 26 59 58 880 80 81 93 87 529 27 32 35 71 560 17 49 27 75 578 80 63 95 74 572 75 10 94 47 625 55 57 77 77 905 27 83 96 84 69 97 97 98 99 880 15 40 36 57 424 70 5 84 68 713 31 16 91 74 818 75 47 82 76 878 7 79 22 93 920 15 6 98 76 830 17 49 86 98 419 32 83 91 97 381 77 58 86 61 908 23 20 44 33 881 13 83 82 99 843 58 46 93 57 733 68 68 95 71 632 67 31 68 41 520 44 1 81 17 964 67 3 75 56 82 9 36 11 88 598 93 69 94 88 299 52 36 96 95 582 68 5 70 59 963 16 27 28 59 428 97 96 98 99 666 52 73 52 96 91 44 91 49 92 358 9 56 11 88 529 66 54 85 82 328 85 34 94 85 824 59 81 82 87 596 24 75 35 98 963 29 37 98 55 416 66 97 75 97 780 87 5 90 77 716 34 81 44 84 917 14 25 31 57 713 55 96 81 97 896 9 38 53 73 114 4 19 10 49 871 28 67 87 93 897 79 87 98 98 997 20 69 47 94 703 81 26 90 44 545 25 90 71 95 457 36 80 83 94 478 28 97 54 99 675 85 33 98 77 283 94 87 96 97 740 94 51 94 83 961 79 48 95 78 131 89 0 92 66 569 72 47 78 64 962 69 75 70 87 18 9 87 63 90 121 28 68 29 81 367 61 38 99 98 314 12 72 70 89 831 84 87 99 92 904 49 8 52 64 100 30 26 95 42 368 38 68 98 77 905 48 63 86 93 984 7 93 69 97 9 5 79 15 97 929 70 40 84 76 117 85 28 98 41 387 33 58 34 86 876 43 75 75 85 542 43 77 82 95 495 92 90 99 91 945 67 1 96 20 339 49 48 52 61 997 63 85 64 85 459 87 69 91 73 967 97 32 97 47 338 28 64 70 74 559 41 52 57 55 428 70 13 79 35 533 61 65 76 94 328 30 96 63 96 648 77 60 79 93 209 27 8 31 96 270 58 91 62 95 212 13 30 94 88 19 47 39 55 59 236 83 62 88 81 605 68 45 76 60 669 98 7 98 59 370 17 61 86 73 274 50 88 73 96 683 18 45 82 59 686 91 78 93 99 736 28 9 89 51 429 56 84 75 95 865 47 70 48 96 353 76 22 80 95 829 94 37 95 41 731 12 14 99 94 167 47 32 60 45 164 63 66 71 97 265 66 97 96 97 156 86 59 98 68 17 60 89 65 95 168 9 85 78 95 271 47 0 99 78 11 62 94 64 95 40 92 64 97 68 581 72 66 98 76 978 14 95 74 96 166 18 22 21 92 774 71 20 82 58 971 65 8 77 98 13 39 76 43 85 349 62 22 77 57 768 91 55 92 60 994 67 59 95 68 75 42 2 98 99 507 18 93 31 99 128 66 11 88 48 336 87 4 88 36 163 81 11 89 80 772 61 54 89 67 968 83 76 88 85 809 89 19 90 86 445 37 63 40 75 336 51 69 97 73 623 30 63 84 71 177 29 71 98 90 633 52 76 66 84 934 86 28 93 56 660 6 74 17 92 758 54 94 98 96 931 41 87 88 91 311 47 44 57 87 49 33 94 65 97 978 81 33 95 73 933 57 37 79 91 315 61 52 62 93 416 24 88 77 92 697 94 72 98 82 465 80 10 84 75 552 25 56 36 62 1000 95 52 95 79 700 52 63 85 93 982 29 74 59 87 414 54 24 60 62 922 41 73 42 91 978 2 89 95 92 887 17 90 89 98 61 93 46 95 94 284 33 9 41 37 308 72 95 95 97 305 90 58 96 94 842 90 10 94 73 205 40 96 69 99 360 49 77 69 96 311 87 45 89 77 279 1 36 17 77 99 97 52 97 95 393 22 53 90 63 582 60 20 68 55 415 87 14 98 89 818 57 52 79 54 910 93 88 95 91 95 75 90 80 99 548 49 95 79 95 22 42 62 91 94 437 30 42 70 46 834 50 84 52 86 474 20 44 59 79 516 0 18 7 37 661 27 49 85 82 572 2 38 52 52 928 88 61 95 87 796 7 3 45 94 894 0 92 91 97 748 39 20 85 61 38 18 59 51 99 212 69 94 73 99 8 16 45 39 52 769 25 77 86 91 716 68 53 80 90 784 75 96 83 98 526 29 88 79 89 303 92 90 96 90 699 22 93 31 95 435 61 45 94 77 408 9 69 70 97 569 85 9 85 11 755 46 87 57 96 462 2 28 37 39 395 42 7 63 82 153 7 33 88 56 537 33 63 86 80 609 54 19 85 66 940 58 56 58 57 462 69 66 69 93 416 38 17 90 72 926 26 14 61 27 893 75 20 79 42 691 80 69 96 76 566 5 81 75 87 245 7 82 65 82 722 59 89 93 96 189 26 2 27 32 608 96 2 98 96 223 18 97 58 98 406 20 19 88 94 664 5 23 87 82 145 58 66 59 84 880 95 56 97 73 832 44 98 94 98 625 20 78 78 99 711 94 51 96 84 330 47 37 85 50 984 81 39 89 94 501 37 12 82 93 4 19 23 49 66 364 32 86 69 88 48 81 7 91 69 292 79 69 93 74 660 96 24 96 41 292 53 27 63 55 520 14 46 89 87 379 75 65 98 78 35 82 90 93 92 137 95 9 97 77 329 64 3 72 5 431 85 38 96 54 571 88 53 92 96 754 88 78 92 98 166 4 22 65 63 114 54 22 99 81 60 74 20 91 73 279 82 26 95 98 153 78 9 98 91 246 73 39 80 56 825 95 20 97 76 526 90 78 90 86 857 77 86 94 86 589 9 15 15 32 12 25 68 95 74 228 12 80 78 81 54 35 68 66 78 294 25 3 35 33 651 57 85 82 92 478 38 96 84 99 728 83 85 90 97 922 2 19 31 67 206 77 9 85 54 349 19 43 70 82 474 8 9 41 40 835 60 98 73 99 111 14 30 35 40 769 39 68 80 83 843 83 68 89 94 120 34 3 43 35 712 72 30 89 65 991 52 86 57 89 610 56 60 90 67 611 83 32 94 42 635 66 1 84 85 731 10 50 61 91 40 43 95 55 96 518 82 57 89 60 67 24 7 68 71 371 61 60 72 77 507 40 84 40 92 892 23 60 67 78 513 44 86 88 91 423 90 72 95 95 396 71 77 87 91 263 24 79 41 90 999 37 19 42 94 13 42 83 96 86 954 43 65 71 69 701 48 44 69 79 475 14 90 62 94 268 90 91 94 98 976 71 68 72 80 663 19 42 76 43 613 69 76 89 77 179 56 92 62 93 438 64 29 86 61 168 10 61 77 93 465 84 39 95 64 906 22 48 96 56 132 27 6 39 54 286 46 69 57 93 480 42 49 62 85 225 5 40 6 89 933 64 52 90 91 431 62 51 78 75 790 72 59 96 82 965 57 19 88 90 818 8 65 93 92 487 31 61 74 69 395 4 57 32 96 543 56 56 93 74 183 21 46 66 87 128 65 72 87 97 291 8 36 60 42 336 8 47 95 82 681 85 44 99 50 24 0 55 41 67 760 66 58 86 59 105 21 9 70 26 295 27 48 29 61 525 81 9 99 79 855 82 23 95 39 570 51 16 59 88 638 58 59 88 87 399 74 69 81 80 860 58 28 73 28 47 95 78 96 86 231 46 64 53 97 606 11 23 53 87 837 96 2 96 52 561 42 40 74 90 176 0 37 43 72 685 40 89 55 97 796 41 96 84 96 221 95 59 95 85 487 64 36 69 86 214 52 31 54 71 944 50 63 56 93 535 43 69 75 74 648 55 43 78 94 660 11 69 64 82 744 58 6 61 9 259 91 42 99 91 786 93 2 99 56 431 18 54 33 74 278 5 88 88 97 642 76 14 76 32 933 68 65 86 94 519 24 75 68 78 975 14 37 83 51 573 79 71 90 76 153 2 89 55 97 774 7 7 27 87 742 33 48 71 94 358 2 36 56 43 711 26 11 62 38 374 96 31 96 86 425 0 44 53 69 476 15 67 85 86 717 19 85 29 90 34 30 21 68 45 833 91 8 94 59 547 33 31 47 80 440 89 75 94 95 625 86 7 99 73 995 9 13 93 91 278 94 92 96 96 392 21 79 91 97 145 50 13 57 52 99 24 26 64 44 446 63 92 74 92 853 8 18 40 77 747 57 97 85 97 505 12 50 14 50 6 76 29 76 84 135 91 53 99 60 924 7 12 91 76 240 21 28 39 69 733 34 94 56 99 454 4 47 24 56 13 18 91 87 94 650 77 2 90 52 295 10 7 24 21 541 70 21 73 85 898 35 58 50 69 732 38 69 89 76 675 16 48 65 85 822 68 79 71 95 437 11 49 61 60 905 54 67 79 67 580 18 38 50 75 682 14 23 47 81 253 74 93 86 95 725 5 27 19 74 579 33 82 86 94 42 86 70 94 85 437 80 67 94 93 211 87 52 88 80 781 11 81 36 81 553 21 2 79 86 205 68 42 83 60 986 49 40 99 88 355 64 55 74 90 429 25 51 87 76 892 12 58 26 58 389 7 8 63 62 548 92 32 99 49 767 13 80 88 88 413 19 24 99 48 688 87 0 93 37 851 4 56 58 75 813 24 58 52 70 492 52 65 95 86 183 0 33 10 82 404 79 36 81 74 861 54 25 89 55 989 8 5 21 66 487 62 0 93 72 75 94 68 94 99 93 27 18 49 23 832 72 69 92 76 362 52 84 53 96 432 1 25 43 94 793 3 88 84 96 962 14 57 89 63 521 21 43 47 90 283 23 92 74 99 854 56 39 87 82 58 5 58 98 59 444 13 53 40 78 16 71 47 99 49 465 29 42 87 72 225 29 39 93 72 265 61 63 97 68 451 79 98 79 98 35 46 40 68 74 355 28 60 63 76 280 40 0 96 2 946 84 5 85 25 313 71 62 78 69 529 1 27 96 54 621 36 32 68 82 314 43 58 47 86 260 57 91 99 91 216 47 35 84 57 627 82 66 86 99 335 48 71 82 76 593 38 20 91 93 586 35 64 46 72 820 0 19 2 73 269 13 94 35 96 905 30 29 47 47 993 68 22 68 32 942 51 70 66 77 649 10 26 63 80 766 58 65 87 77 764 34 17 97 47 894 19 81 70 97 939 9 16 9 48 245 51 50 83 86 166 72 54 75 61 367 26 70 51 70 641 64 27 78 81 6 97 15 97 77 338 54 41 94 92 268 26 13 57 97 145 59 36 91 87 794 56 46 79 71 844 42 9 96 75 473 3 46 89 50 206 54 58 63 62 981 54 64 63 87 807 78 30 96 49 514 37 22 51 96 596 79 86 98 96 567 77 27 92 76 302 60 94 79 96 121 78 9 82 98 440 27 51 35 77 920 92 84 98 91 727 2 59 83 65 341 12 65 29 97 370 14 92 58 98 347 10 83 86 98 410 78 63 99 69 114 16 84 85 91 450 75 76 90 94 872 93 64 99 79 652 9 60 92 94 771 72 46 84 98 269 59 34 61 53 241 42 9 99 36 909 83 28 90 43 238 3 96 97 99 583 19 95 75 97 183 14 65 99 71 127 93 7 96 19 514 73 20 76 32 572 10 23 53 52 899 34 52 64 79 282 27 86 57 99 408 51 21 74 88 596 83 9 96 36 733 74 56 89 81 833 7 33 55 55 650 45 26 60 74 280 77 39 88 67 959 62 85 75 93 731 75 75 82 97 188 71 56 76 91 91 59 5 70 29 812 33 76 56 83 8 79 16 80 20 635 97 89 98 92 694 35 58 48 90 40 80 78 87 94 470 82 0 89 65 765 22 92 50 93 530 70 43 98 77 862 94 91 98 95 880 87 56 88 96 537 75 16 91 97 212 90 26 97 45 764 24 7 39 87 730 48 50 84 65 524 70 30 90 67 644 43 73 98 78 912 64 98 82 99 952 91 29 97 31 114 29 60 74 76 870 84 12 95 38 553 98 74 99 79 148 75 20 87 47 539 15 20 94 59 491 12 0 55 3 860 16 50 91 74 124 74 35 75 49 81 81 82 98 82 826 60 45 81 57 442 18 38 70 68 498 86 55 94 93 762 94 71 99 79 240 1 41 49 74 552 48 56 61 83 250 84 27 87 68 547 55 50 87 99 240 1 92 36 93 107 67 27 87 62 99 82 19 85 85 857 92 44 95 71 931 59 0 89 54 832 82 79 92 91 855 23 18 72 39 543 9 13 17 17 705 51 8 57 75 900 74 53 75 98 117 59 30 61 34 692 80 32 89 32 11 49 75 49 85 299 43 46 91 81 454 63 79 73 87 920 7 68 39 83 66 33 20 89 80 759 23 30 30 87 340 35 56 94 67 402 76 44 99 85 649 41 67 94 72 536 82 0 82 54 915 66 32 68 49 29 10 21 58 57 54 37 48 37 90 159 75 76 77 97 484 28 86 47 95 171 5 78 23 78 925 28 65 73 92 474 54 61 59 82 486 79 52 94 73 991 96 50 97 73 255 82 44 84 73 402 31 55 99 86 116 4 97 81 99 404 92 71 95 83 607 79 57 95 82 380 5 11 82 54 368 3 90 47 91 761 57 10 82 72 28 57 18 57 57 961 59 63 62 69 310 17 53 88 84 232 82 47 95 92 783 71 27 93 50 864 62 66 68 78 909 60 71 79 72 555 74 72 87 89 940 25 49 69 78 706 83 34 98 52 892 93 55 94 83 401 0 47 57 92 186 91 57 95 99 570 34 4 82 35 482 39 67 74 94 712 70 76 78 81 854 12 96 44 99 689 59 97 95 98 158 31 19 70 39 798 76 15 81 24 721 71 82 84 85 565 54 67 92 73 76 13 58 63 66 836 87 28 98 74 606 25 35 88 85 720 27 84 86 94 201 6 12 59 72 709 70 16 78 45 238 73 91 89 91 160 58 82 91 88 958 6 73 13 94 568 91 68 94 69 67 28 24 36 99 869 18 35 37 75 404 26 86 89 97 874 58 33 79 79 689 67 16 86 65 831 49 58 78 68 806 16 64 74 96 900 59 51 69 95 396 49 36 93 80 162 65 42 74 50 928 25 4 36 87 38 40 4 97 95 888 31 58 49 62 397 71 16 91 36 637 84 25 95 74 307 18 21 78 68 586 28 0 59 54 258 27 43 67 66 620 16 62 47 64 203 22 89 84 99 84 30 83 49 95 882 6 62 51 94 206 21 15 29 57 247 24 22 95 79 338 19 12 63 35 790 21 98 82 99 212 61 17 82 60 705 48 98 63 98 150 60 87 87 91 593 56 68 65 87 274 40 47 73 67 764 37 53 72 61 709 20 2 49 10 894 36 67 52 68 892 84 88 90 99 483 35 2 88 2 654 84 40 98 41 329 32 77 60 92 63 98 11 98 24 869 0 58 36 73 553 90 60 96 71 239 80 26 95 29 694 89 65 97 75 100 12 55 26 79 54 42 29 81 31 700 52 57 73 64 97 27 6 57 81 323 35 77 92 84 23 51 33 67 60 465 91 13 91 13 168 0 60 31 74 783 7 97 81 99 271 57 67 77 84 742 14 9 38 46 252 70 51 91 88 609 57 27 80 80 957 93 42 95 94 17 22 40 34 52 766 0 16 95 56 210 1 74 33 76 413 22 34 82 45 880 94 82 97 86 780 24 96 47 98 600 76 20 91 66 907 56 33 66 95 651 25 66 64 92 351 19 77 65 79 217 81 51 91 99 948 73 45 90 61 364 90 57 95 58 127 83 55 94 67 172 72 95 87 97 121 78 43 89 82 408 12 59 64 68 25 37 50 78 50 938 35 17 59 45 446 59 86 70 88 981 56 19 68 92 908 52 4 80 19 797 72 4 95 61 654 9 96 66 97 863 33 74 37 79 647 18 54 38 64 58 75 25 78 51 197 12 20 78 66 189 3 2 45 63 972 27 76 99 95 550 87 67 92 80 281 5 95 7 98 525 15 88 98 94 672 74 77 86 82 352 49 35 56 72 375 0 54 72 73 576 6 80 74 83 778 23 40 79 54 190 67 15 85 65 656 64 37 91 76 873 40 0 72 28 279 1 39 73 56 437 63 86 69 99 583 48 57 81 92 500 74 21 74 45 603 49 7 98 13 390 83 44 87 84 739 87 97 99 99 592 69 49 86 68 811 20 18 78 99 489 20 98 75 99 73 58 14 63 31 760 42 45 54 45 748 15 30 91 55 39 65 24 66 68 946 25 37 48 51 203 77 39 85 66 356 10 28 91 35 377 70 39 88 97 987 90 61 99 62 941 46 26 47 83 327 93 52 95 97 573 2 84 96 93 907 75 66 97 69 462 95 50 97 53 1 57 81 71 85 362 26 36 70 92 118 32 91 79 96 118 34 4 82 50 864 40 82 96 92 227 79 85 82 96 626 8 35 65 54 611 14 56 17 59 19 87 86 96 95 586 66 14 86 36 383 84 34 91 52 194 33 36 80 41 494 86 74 90 76 460 49 96 68 97 19 58 16 84 23 211 35 87 81 97 646 71 59 80 79 569 8 65 58 77 215 95 83 95 86 537 81 69 91 86 381 64 25 97 63 360 57 74 63 77 986 20 17 46 75 554 96 63 99 66 760 30 92 90 98 862 62 60 70 99 81 66 4 74 44 508 58 16 75 88 737 21 51 37 64 966 94 28 96 87 118 10 78 36 82 374 9 69 68 80 751 19 5 48 67 977 71 87 89 94 858 14 3 91 95 629 62 58 80 78 87 75 4 86 88 46 53 3 59 93 270 86 52 91 89 203 38 80 95 94 185 38 79 92 83 402 35 86 93 91 591 13 12 47 32 440 0 30 32 97 529 36 56 65 97 899 85 39 98 57 759 92 50 93 83 931 60 61 80 67 736 56 95 99 97 5 31 65 99 73 792 66 96 69 97 193 98 33 99 51 432 61 37 78 59 607 41 75 70 77 936 2 61 67 85 967 49 71 52 77 304 90 90 91 92 868 19 44 19 62 585 53 5 77 82 202 54 86 72 97 799 94 75 97 84 812 40 63 54 96 40 26 22 85 44 754 68 64 96 79 251 19 90 65 92 963 30 83 91 85 265 17 16 64 93 579 61 65 81 92 765 34 6 60 13 982 34 87 63 89 2 71 79 90 82 809 38 69 76 91 827 46 52 50 70 904 72 34 84 50 948 0 74 32 84 128 44 60 89 73 417 49 68 65 81 806 70 12 82 34 279 44 24 73 47 945
