100 100 1000 2 105
8406 4526 8050 4035 9732 1461 5399 3196 9821 2178 7469 5629 8230 7170 7027 6744 3021 8020 5772 2080 1524 9932 7645 2068 9217 9945 3657 2099 7430 6426 1431 8008 9036 8709 3485 5447 5694 4790 2671 7118 6828 3426 9243 8287 9222 4954 5614 6944 3680 7024 8878 8492 9831 7483 6475 1402 4439 4022 7655 9421 1198 2964 1686 8183 2569 5020 2897 2833 9059 1163 3195 5510 4327 2374 3434 8520 7039 5988 5000 3191 3089 5560 9100 5810 6390 6061 5546 9277 9439 4997 7771 9956 5707 7096 2118 1321 8439 3173 3297 1245
1489 9406 7082 5531 3318 9286 7963 6988 2815 5991 3651 2086 4900 5097 6942 8979 8199 5288 2915 4225 5785 7442 4069 1139 6947 7710 7066 7933 2278 9161 8107 9913 4308 6158 9191 2507 8319 9106 3544 1789 9969 2255 8816 8784 4540 6414 9152 6136 7875 1609 1918 4209 4902 1115 3609 9920 6401 4101 7918 8209 9557 7314 1884 6125 8232 7057 3495 2041 5878 5968 3925 3693 8263 6151 9762 3445 4502 1953 2833 2127 2318 2226 2755 8203 9512 6150 2380 6152 1770 3296 8135 8424 1883 3815 4668 3935 6655 1350 6022 4718
3848 4718 7606 5436 8617 3431 5115 2456 5937 5091 6728 3861 5159 4355 2653 3114 4418 3687 3068 4473 1365 6975 7182 6816 5092 9319 2676 9928 2796 9853 5459 9379 9730 6307 6860 2199 5281 2829 6143 9806 6013 3956 8904 4065 1988 5762 9571 1027 3448 5972 3076 2343 7747 5002 8248 1776 2336 2679 5441 4389 8845 5726 9495 6666 5494 9705 6289 1950 4506 1965 3581 1018 2440 3506 1836 8217 1329 7015 1414 8366 5612 9863 2119 9364 2592 7286 9779 1205 2620 1578 1580 9916 6746 4779 4999 8279 3406 5869 8772 9396
9032 7631 5731 6220 8990 4661 7217 5227 8277 1208 5419 2892 2098 9671 1726 4553 4119 1849 9172 4545 3190 2141 4358 8763 8186 8942 3808 9136 1549 1198 7399 8495 3452 4441 4570 2589 5653 3107 4383 5211 6231 3625 5221 8812 2664 2114 3075 6168 9126 3902 6443 2057 6213 2996 3515 6548 4390 8198 6541 6466 4729 6189 1027 5096 8528 5379 4145 3812 6164 5944 3715 6829 1033 5525 8398 2335 2769 8125 5205 8414 4391 8551 6436 3493 5586 7941 4319 7350 1658 4088 1169 8356 1100 6502 5771 6836 5879 4096 2088 3085
6553 8840 5248 2810 6789 5656 8195 1178 1958 3494 3036 1105 2978 1492 5307 4100 4600 5959 8714 8173 2318 8235 5382 1534 6496 9743 1183 7804 8193 9880 5482 1738 3272 1786 6841 5531 7409 4605 4438 9667 3267 3730 9591 4181 5355 1137 5898 9221 3329 7679 5363 3181 3593 5165 6802 2135 7454 2280 8344 7171 3287 4800 1088 6301 5296 1133 8217 5087 3440 3192 8524 6331 8300 3285 1533 1520 2651 3156 2995 1157 8486 2683 3889 7424 4866 8702 6539 8115 6676 2870 1628 6870 5059 2113 9416 2553 5688 6996 2728 4997
4743 5139 2038 3976 9020 4114 1352 5029 7470 8815 2677 2362 2900 5766 7147 1051 9097 7359 1822 8423 2728 8522 5025 7234 3408 3655 4433 1769 8843 3667 6777 8713 2509 3088 6967 7349 8460 4582 9870 1994 1623 2730 7351 8139 7268 9661 5638 5823 9658 7026 8044 5842 1524 3090 8239 8654 5849 8819 4902 3373 5013 4933 4634 1178 5159 5360 5109 9336 1812 1914 1633 2981 4815 7873 8050 2378 1835 8014 4073 6350 7595 6974 1708 5767 2198 6645 5717 5245 8929 7031 8994 8837 6148 1960 9051 2688 8253 1667 4954 6191
8571 9694 4796 7984 9787 3445 7229 4557 8297 4171 6281 2106 5265 9116 2631 4187 3249 8016 2394 6845 9148 5817 5971 1159 3905 4069 3530 5625 2801 1759 6415 2692 3273 1314 9186 3945 8234 6028 6437 7731 2545 6150 2095 1886 1928 4119 2123 8601 1249 3087 8655 7356 7898 3619 3479 5479 7362 4905 1295 8271 1150 2195 7632 7468 7960 3840 1178 5050 3496 1298 7004 4784 6660 1063 7886 6711 7008 2338 1985 9371 2329 6681 9594 7281 7448 3726 2982 2620 1763 1022 5109 4880 1514 9845 1852 2061 9749 7191 1722 3638
1850 6174 7286 2815 4241 3433 3850 8638 9589 6358 2795 3759 6680 5431 9841 7650 2125 2637 1182 6421 3289 4237 9543 9995 1287 8501 9819 5458 5828 5457 6997 4387 2964 7755 9280 4542 9986 2559 2422 1430 6577 8351 3654 2234 1615 5438 4023 8121 3594 8595 9861 8860 4673 1086 4744 3732 3950 5622 9221 8340 5633 7775 5530 6742 9768 2000 1525 3075 3594 9995 1998 9899 2084 3997 8137 7076 5929 5803 1711 3122 2237 6398 9674 6566 1430 2192 6270 1095 3231 9215 5262 6814 5388 8955 6749 8881 6193 4835 9943 5012
2108 7631 8802 3760 2625 4664 7262 5187 2730 9291 7272 3968 3177 6417 2509 6018 5078 4614 5905 2201 1786 4647 1732 8552 8609 4650 3243 3922 7094 6477 8525 2212 6131 2881 5223 8645 8717 6118 6122 8984 5466 6203 5580 1309 7948 3958 6990 3578 9412 6327 1283 3251 5122 5724 8920 2619 6461 4296 8923 9706 1803 3790 3547 2222 8461 1516 8098 6378 6266 5400 4492 1255 5850 2874 6692 2932 3088 6595 7583 6003 3313 9898 9777 8062 7190 5386 4184 7798 5300 8691 1343 7889 4998 3878 5887 7561 7452 4312 7638 3237
5858 8654 4995 9531 7450 5474 8496 9275 8034 3916 9331 5575 1504 4100 1867 1061 9133 6924 8068 1652 1241 3089 3872 9242 4444 1486 4458 4518 3464 2687 9441 9816 7392 6741 6762 2592 7855 6822 7801 7344 4327 1583 3239 6621 5700 5604 7495 3572 4973 4146 9483 4680 7252 5517 5532 8287 1431 3014 6132 9033 8376 2018 5208 2148 7989 2715 7027 2454 4704 7794 8345 3957 6283 3360 6802 4225 7642 2786 8323 8352 8046 6297 2091 3517 3428 9997 3007 9273 2650 7224 3349 3645 6025 1313 5952 5699 4582 7955 9173 3938
1553 8846 2102 8010 5859 8981 7233 5871 3105 6491 5459 3792 7687 7094 7951 1340 6327 2589 4518 5113 4359 9012 9712 6098 2942 7733 2518 7342 3489 1907 7773 1692 9372 6445 2210 9121 4123 6876 7848 2926 7053 3220 6073 7078 8807 9029 2691 2829 1761 7930 8704 5392 7507 8042 7481 2794 5721 8850 8499 6470 3327 4268 2156 7340 7308 7148 2874 2974 6923 1021 2329 1451 8684 9648 1656 5688 5856 4960 7364 4119 8166 8881 6785 7033 5451 9082 2977 2790 8605 6786 7735 9139 2536 5989 9636 3243 2062 3305 7179 4250
8266 8494 7916 7771 4452 7035 7620 6223 5163 9344 6543 3034 3117 8492 6815 7890 3429 1416 2321 8271 4332 3655 7196 9736 1686 9800 5873 4202 8449 2016 8223 5096 8667 6416 1824 7906 3148 8581 8961 5720 9208 8044 3525 2828 5762 1951 1440 4139 9641 9935 2082 9072 7359 5501 4030 3837 3668 9604 5186 2539 3461 2796 1642 2343 7897 2800 9203 2022 7393 5513 7057 6586 3771 5735 7452 1093 8339 8156 3790 2021 2718 1034 6249 8006 1287 2556 9312 4522 5294 6199 2546 7477 8757 3020 5522 1829 4020 3709 1264 8123
6964 4089 4704 2637 7846 9119 5153 5217 4545 4694 7695 8750 1987 8183 9499 5519 4624 6483 2863 3557 7517 3261 6489 2867 5000 5632 1490 9240 6444 1614 5987 9579 8985 7881 4472 8079 6251 7121 5412 2616 8025 9673 2514 4079 7672 7944 7142 7733 6256 9402 4208 7727 6857 4049 5477 1188 9074 3101 2160 6943 8987 2843 1796 5782 1495 7356 6354 2831 4802 5344 9366 6313 1037 9770 6619 2487 5680 7469 7260 1942 8361 1940 1500 2829 8709 6878 8367 8236 7324 6249 1524 8459 6450 4447 6843 6512 8443 3851 3441 1578
9502 5416 9357 9814 4538 5754 4329 5379 8336 5070 3351 7073 1459 4668 3187 9266 8352 2549 9002 4052 6654 1301 3376 8868 3749 7855 2016 1871 2357 6038 5599 6565 8402 6033 4888 1909 4476 5865 4451 2944 1979 7790 6064 2385 8807 1276 4448 8559 8663 4042 5527 6901 3590 5074 5375 1274 8889 6187 2589 2869 3818 2411 7901 4988 2082 2479 9682 2637 7080 4501 2049 1918 9169 2527 6563 3726 9313 5432 8722 4228 9642 6143 7515 1914 2326 1668 5923 1772 2520 1397 1612 4387 1391 3127 4876 5229 5911 3902 5060 8927
9982 2720 8750 2650 3551 1889 2223 6527 9034 2002 3545 1682 2841 9460 2639 1650 1919 3857 1269 4639 4722 6745 8972 6730 9756 1250 9751 2286 2586 9460 1364 4677 2313 4379 8174 1141 2649 1395 2707 1750 5470 6374 8434 3828 2505 1008 3830 2777 6934 8139 2341 3458 6861 7462 7665 3547 9098 5999 7699 2553 4032 4668 5854 3268 7222 5292 3375 5331 3901 6457 9124 9167 6618 3317 8211 7275 1352 5700 8839 3472 4574 6844 6041 3457 1359 9301 9763 5194 9095 4439 7421 1873 7811 2582 4754 2176 1263 4106 5399 2424
4815 8959 4567 8215 1241 3006 2581 8593 7157 7702 8192 8951 5597 3604 5734 1531 2806 2650 1370 4685 9146 9569 6962 7582 6532 1085 1924 3997 9424 2354 8728 2982 1030 5798 6091 2040 9545 6726 8710 1030 9280 7287 5339 7961 6373 7634 9360 1093 7984 9582 4710 9925 3993 9224 3452 9278 3644 9722 3537 7312 6799 3296 6030 3396 2511 1163 1170 1603 3054 1518 2314 3965 2914 6361 5822 9080 9415 1456 7764 3248 7854 4718 4848 6448 8944 1161 7689 8020 8659 8459 6216 8560 1034 4222 7979 3785 3673 7482 4628 8980
1169 7709 9621 2673 4372 9791 4375 9419 2353 1603 4780 1873 8113 9769 8152 7737 8446 8105 7731 7433 2603 1993 2873 8618 3696 7344 7539 3075 7985 9069 6592 3319 4012 1721 6070 2565 6680 4087 1788 4616 4463 5596 8150 6689 7817 3531 2481 4964 5339 1957 5003 5266 9593 9941 4872 1933 6100 3383 6089 7352 8319 4786 9959 5693 1592 5343 8112 9112 3814 6860 7836 5448 3285 4768 2204 9221 5248 4963 3388 5229 3961 6975 1714 1193 3868 1021 7122 8693 1609 4303 1848 2301 1788 5081 6326 5736 6839 8734 2773 5905
4283 8450 1388 2378 7914 6712 3579 2346 2130 3173 2195 1401 8100 9482 2976 9743 1564 6046 8499 1805 4280 9348 9859 1245 4098 5726 1706 5560 4072 1137 7485 4710 2677 4657 7426 4274 3496 9856 9487 6052 7332 5782 2702 8000 4970 3603 7777 9329 7171 3992 2630 9997 9957 4813 6480 7722 5790 6343 7336 6489 3079 2744 4457 5949 4520 4172 2421 9540 9774 9157 5574 1572 9491 9834 3938 2895 6090 6067 6907 2825 9645 5581 4358 2903 2169 9215 2767 5794 2717 7926 6544 2195 9934 1735 3494 7273 5477 4455 7088 8795
1107 2111 9646 9048 6343 6654 4051 6613 5221 2191 1557 8803 9272 8231 7085 5997 1180 8042 6196 3733 7714 7845 6838 1227 7020 6758 5768 8627 3737 2582 7513 3892 5595 7873 3311 7163 8162 9856 9821 2763 3431 5690 5062 6429 4731 6742 2744 5842 6360 1901 2474 4069 5641 5926 3466 9925 9309 1760 1742 7081 3773 8620 6429 8050 6885 5095 3579 4802 1504 7783 3310 5612 3888 1399 6359 8023 8548 4690 9206 3786 5345 3063 3964 2457 4978 4240 5952 6970 1380 6505 8359 3274 4755 5484 1906 3022 9072 5076 3285 6456
6692 1435 6370 3471 4729 6544 1826 3517 9116 5449 7880 1633 5139 2675 9936 9248 4227 1925 3862 2309 9772 1332 1444 4742 9081 5785 8428 9395 1772 5703 3064 5273 8612 9650 6603 3185 9296 7154 6099 4249 6866 3692 8002 5221 5603 4961 7341 1301 2493 3148 7274 3922 4019 3513 9283 2484 8646 9506 6514 5924 1384 6946 1348 6696 8217 9510 3875 9758 7283 3284 4739 8750 8956 2091 8301 5040 4868 6765 4288 9523 6156 8453 6990 2360 3613 9669 6900 5828 2645 7433 9699 4631 4867 5148 9158 1094 7573 2378 9042 1295
5694 3059 7709 5493 1181 3658 9287 6830 6629 9417 9033 7453 1112 2640 7832 3422 2934 2305 6589 3020 2325 7725 5738 9016 7978 7661 2781 6954 6775 9706 2777 4921 9780 9549 2998 9358 7222 4094 7010 2856 3588 1933 5486 9895 2466 5779 6983 3139 7523 6305 3423 5012 2186 7971 5607 2314 2070 9096 8983 8112 6548 7678 2217 9268 1879 3872 7030 7511 4284 1523 8237 4223 7509 5857 7353 9387 8924 8036 7160 1987 3870 7911 2718 2139 4346 8366 5796 8312 7536 9237 7304 9981 6565 1537 5572 1209 3176 7092 8230 2137
2598 7838 6930 3082 7954 1231 2710 1459 4675 4796 9263 8861 6399 9929 6147 7770 1578 1778 7930 9924 2843 1654 2954 2732 8813 8152 5854 2972 5622 4999 5104 4896 7049 3123 6009 7233 6460 2648 2367 5705 6380 8089 5659 5049 6797 9263 2531 6237 1827 2174 5885 8378 2744 8730 9533 6593 1381 8051 1032 7694 3119 5528 9621 6058 5286 4514 3117 7248 2341 3308 9249 5822 3673 5201 6390 2089 3194 5642 4796 4273 2191 4042 6052 1862 1233 8760 9335 7558 2064 6059 5965 8478 2570 5752 2063 3478 9351 7765 6371 4454
3152 9325 2024 3932 3583 3479 1353 3858 3774 4244 4040 5177 3608 1314 6103 1505 2318 4475 3593 3665 1059 6597 6647 6585 9094 1731 9083 3045 9396 6656 1194 9078 5746 1314 6827 4890 9015 7772 6544 4271 3962 7744 2336 2699 1282 2210 7291 7312 7593 2956 8803 1357 9225 6954 2254 7552 6955 8115 8314 1191 6031 6795 7849 7720 7088 6262 6655 7782 9573 5317 7987 7852 7952 8750 9575 1007 3345 9386 3931 8743 2493 7926 1969 3134 2477 4523 4064 7259 6389 4919 7395 7769 7657 8740 7710 6465 2380 7242 3441 1998
2811 6463 4595 1799 7774 1194 5283 7640 9678 8636 8438 7248 2714 6788 6174 7165 6519 9657 2753 3614 2553 7225 4180 4994 5459 4839 3587 7514 9009 6495 4321 8453 7443 7635 2795 8476 3798 1848 4545 6162 8595 2602 2365 4322 7853 7013 9294 1287 3358 1003 6510 9650 3644 5015 2547 1452 3857 1475 7531 9572 8464 9760 4842 4113 8379 2628 1573 4886 9531 1279 3832 6078 5968 3479 7304 5266 8090 3493 8452 4709 2493 7859 8916 4434 1609 2671 4111 9204 7818 7342 5895 1972 8750 3494 8419 5344 4751 6449 5786 4260
6388 8633 9047 4328 1225 6233 8407 4678 8110 9458 4069 2766 2167 7319 3484 8229 2118 7599 2375 2074 2854 1712 4031 9086 7335 6096 8466 7650 1536 8965 1431 3222 5359 5296 4637 9529 1997 4678 5966 5324 8467 5114 1942 5936 8933 8633 9177 4657 5541 4187 6247 6643 6137 1965 9090 9543 7014 2695 2634 4264 3531 7694 8817 6236 9097 2934 9513 7222 8439 8846 1461 1883 7992 5561 5896 3551 6199 2550 5415 6142 7402 9836 7439 9376 2167 9280 4119 9085 6517 8289 6458 7483 4108 8944 7136 1306 4373 2522 7261 8497
1695 2440 3813 6416 2945 2546 9480 5874 1747 9461 3680 6490 9480 9788 7325 4711 8290 4873 5727 5415 6557 5466 7217 2227 4089 5465 8710 8261 4306 1551 7723 4071 9789 1847 7726 1130 9283 8605 4909 4094 2188 3724 1245 2872 9682 3689 6735 9832 9215 7696 1292 5466 2945 2894 3606 1167 2937 9595 7596 7378 5444 2065 1104 2626 2014 2947 2627 2846 2642 5694 8017 4600 9647 8469 7136 9579 5678 5846 8921 2255 8989 3727 6283 6301 2532 3451 4242 8222 7435 3550 9259 6138 9826 3699 6281 1598 7335 3230 1156 9632
1806 8909 1802 4003 5683 7665 1958 8497 7541 9108 5841 5043 4666 5819 7736 4153 5191 2763 7144 4627 7027 6098 6070 6384 7730 9249 7779 6831 8211 4163 9108 6989 7473 4703 2243 2340 6493 7976 5265 2429 2252 8145 5591 8718 9098 7644 9177 6613 4472 1513 3031 9401 3587 1640 7903 8150 3310 2244 4005 1294 2549 9371 8124 2674 6078 5836 1811 2021 1409 6726 4619 8815 6941 3052 8321 3698 9457 6595 3396 6494 4858 8261 3072 8432 8998 1093 5570 8461 3098 6533 6431 3674 7600 1057 9427 5137 7899 6278 7173 4355
5701 7713 6749 1695 5387 2506 2564 8801 4818 9296 6634 5050 1180 6010 3905 7204 4060 4730 1166 8020 3757 5727 9382 8599 6831 7059 6598 7671 7028 1529 1476 7777 9406 5224 3075 4013 1610 4880 5299 2564 9702 1020 3546 7025 1210 8474 9175 9375 5627 5785 8636 5530 7383 8744 6887 4381 3226 3866 5714 8852 6125 2510 7098 8071 7333 8857 2579 7940 8674 5290 4265 9277 7547 2227 8355 4915 3802 9654 3312 2019 9867 7881 4147 4653 6396 1340 7837 1471 5058 4874 3277 8725 5916 8032 6140 6371 8127 1008 7572 4464
3252 4277 6344 1491 6182 2577 4061 8595 5731 5969 5909 2121 6814 1491 1199 7393 6675 4336 1676 9607 4676 7670 2317 6250 8998 7992 6005 8130 7074 2537 2753 5938 8397 8376 7546 4195 7224 1826 7163 2649 1324 6391 8294 9076 2832 6669 4526 7002 4518 5673 9744 1538 4251 8209 3880 6453 4566 7393 8251 8834 3940 3324 6624 7708 5117 2009 5067 8025 1348 1922 6222 3816 6027 3668 2344 6986 7009 8013 8680 4679 3489 7750 9066 7627 4593 1430 7257 6595 7814 8194 2101 6072 4563 5498 3922 5469 8489 1342 1719 8497
5405 2967 5660 2154 6763 6345 3506 7881 4312 3411 5271 1908 8520 2364 8304 2964 9383 2018 7091 5927 7659 5035 6807 9880 4354 9785 8973 6444 1362 3700 9327 4312 8594 5598 9059 4326 8538 9600 7397 2945 2882 7836 9818 5593 2600 6746 3040 3743 7501 9768 6758 7734 5178 4229 7200 5792 6628 2026 8059 7649 5341 9066 3556 7020 8973 7642 6280 2086 5245 7039 8707 3668 5981 8070 6725 5612 4286 7471 5676 3492 6275 9138 3114 3430 7772 2805 2583 3308 8672 8980 3407 4428 9391 1306 3760 2889 7094 7299 4546 1462
8224 1933 9361 3470 4417 6547 7135 1004 2411 8490 1747 2091 4727 3044 9615 8930 3551 9729 5713 3809 4392 6194 5018 7945 8876 7619 7777 3719 7044 1200 5207 1144 8949 2042 1451 5965 3553 9591 6503 9576 8307 5380 4449 5446 8363 1320 4252 1245 9522 2153 6676 1917 3739 5956 2358 4927 6565 1136 4586 6310 5734 7991 8413 6221 1610 1005 7578 6816 6782 9718 7627 9027 3169 9141 6160 9664 3051 8170 9917 4262 9030 9871 7764 5667 7694 5696 9757 2785 4398 5825 6725 3540 8431 3443 4654 8743 4669 9604 7261 7099
6139 4498 6193 3741 2975 8700 7530 7218 9626 2597 6315 5357 3065 6186 2265 5673 4533 2800 7123 3852 5484 6066 9184 7109 6671 3859 6070 1561 4456 5153 3442 8133 4167 4159 4694 2761 3256 9056 9898 1320 7571 2976 2891 1136 9488 7173 7446 9637 6338 9871 7888 5940 5367 8469 7448 8452 6461 2864 2182 5665 5497 3560 4999 7962 3830 7941 6111 3507 5597 8816 1724 4503 6313 2251 8828 9294 4924 3268 6999 8544 7091 7636 2405 8024 1999 7278 8001 8727 4311 2634 5400 9875 2524 6540 3561 6000 1059 9483 8203 9485
1598 9678 1485 9176 8294 5988 3110 9946 8249 1640 3962 1313 1837 7856 8617 8251 8798 4303 7578 1608 9834 6708 8825 2266 6749 5606 8468 7997 5419 6118 1683 5759 8239 6710 3996 1717 1952 4199 3253 8598 2195 7972 3281 8954 8223 7804 8006 5231 2882 3919 4700 5804 4559 4571 1355 9617 4689 9688 8302 6939 9851 6613 2178 9207 5463 6013 9339 5373 2797 8842 4481 8698 6107 4452 8419 9755 8703 3768 2971 6755 6140 8662 8066 6274 3558 6343 8568 1886 3881 3870 7176 4756 5285 4343 9613 3759 1247 1190 8920 3910
8825 8728 2996 7470 9062 1952 3789 1943 6729 5573 2242 6366 6242 1545 5925 8348 4867 2155 6200 8907 2954 8552 9558 7267 8910 7170 2825 5975 5455 4983 2344 7109 3264 8859 4947 2893 4004 7497 8758 2771 4179 9063 7246 6285 1695 2041 4064 1019 6193 5195 8188 6805 1088 9718 1474 4273 3656 1462 1203 6413 5239 2509 2920 9812 9338 4492 8954 5905 6161 3363 2939 9153 4760 1656 3384 3189 4027 1366 5184 9463 6532 4174 4696 3823 4825 8506 1279 8956 5658 6689 1309 8756 9536 9519 5122 4879 5109 5733 3600 2667
2678 9046 1236 6708 6536 9406 8202 4394 3793 9777 2655 6063 1092 7577 9844 6700 3916 1403 2881 3502 4399 9407 7910 6123 2150 1849 6593 6754 3206 4443 3631 8382 4173 2979 9862 9952 5146 8173 9265 1622 3891 2956 2060 8652 4732 3118 1539 9843 4850 4516 9987 1063 3132 7217 9248 4523 7057 6393 7921 5534 2210 4510 5978 8440 4247 7973 9630 9701 2924 5188 1207 3859 2542 7932 6770 4743 8930 1457 5834 7850 2964 5444 7199 6698 9310 9086 1753 2943 4404 1250 4832 1778 4034 4875 6127 2658 5272 6332 4523 7881
7147 6836 4754 4188 5837 4823 1034 1976 3183 8767 4700 8290 5818 5257 9821 3094 4258 2818 2315 9723 1838 1756 4629 9938 4370 1613 5971 9475 1377 8599 8297 2957 3102 8402 9752 7115 3412 1122 9614 6251 8399 1416 5902 5762 2670 3612 2462 5032 6248 3762 2934 3783 7139 4624 5330 3218 6471 7190 9160 2483 8777 1739 5273 1415 5015 1052 5730 2817 5069 7201 1264 1485 4647 8852 2581 6730 5161 9219 6589 1216 1608 7130 8169 9876 9424 4391 9100 4834 7812 8320 3052 4412 8998 8492 5233 6421 5726 4633 9575 2313
9027 9637 2429 3281 7522 2985 5140 1739 2276 6642 9548 4436 1882 2138 9349 6997 9478 7334 5332 2126 8227 8412 1589 8241 7235 9543 3613 2030 6248 8611 1722 1670 2361 8943 4175 6221 7403 9522 2193 2620 2853 7949 2702 6480 4962 7035 4777 4544 6338 2615 8043 9972 1833 8480 5319 3621 3530 5553 1171 7325 3721 3051 7222 3705 1091 9175 8799 4666 3689 4646 9204 9837 7543 2326 3035 1987 1944 6729 3668 8409 8863 5130 4875 4565 5707 8198 6637 6458 5898 1473 1326 2918 1988 8273 9371 1453 1966 5580 9062 8249
3093 9856 7646 2491 8807 9931 3354 7311 6819 2068 7577 9571 2739 8613 3748 7127 5150 8926 1104 9031 8816 4865 4964 3890 5949 8091 6553 5288 4900 9358 7689 5121 9170 8595 6608 7643 2285 4602 9901 3643 1565 2630 4368 9857 8332 5074 2939 5255 7816 3763 3293 4379 7278 3192 1106 2463 3151 5238 7343 9517 6904 8347 5534 4208 9290 3640 7886 6373 5621 7997 2736 6566 3520 4556 1795 3946 6582 2929 7457 4801 1746 3773 3433 5172 7481 4935 5465 2645 1328 9383 9004 7872 9243 2865 2310 4551 7394 5881 7602 1351
1788 2535 6177 3278 5258 6428 1452 8352 5505 2529 3133 6073 1304 1986 2919 7886 1119 1765 9972 8081 6962 5778 6201 5396 7775 7000 5086 6151 5884 9129 3599 5228 7852 1449 4724 2477 8694 5811 9767 6583 2199 8747 1576 1590 9360 3074 1500 3713 9925 8590 3326 2648 9009 5560 8378 5699 1214 6177 6796 2479 3852 8454 6756 6256 4829 6773 4985 3214 7185 1721 6550 7049 7525 7793 9088 6921 7140 7320 5576 1372 4222 2617 8050 6180 2096 6913 8490 2876 6116 6847 9084 1123 7176 2072 8655 1385 8280 8685 2822 7053
5511 9985 8945 8731 1536 5450 7787 8952 4329 1832 9877 8750 9391 6978 6351 5920 6030 6681 1467 5350 1785 2861 8485 3544 6825 4457 5771 8489 2680 4600 8201 1667 2890 6167 7946 4656 6151 4746 1653 7651 5712 3716 9249 5116 6101 8651 7679 5343 8255 7646 1363 4315 8313 4423 9596 7344 3729 5996 7662 2435 3097 4390 9624 7498 3226 9004 9613 9406 4822 8396 2232 5231 7792 4908 9766 5594 2901 6129 8701 3418 4573 7076 6113 7461 6261 3306 9402 4059 4046 6514 5051 6996 9404 9553 2516 2737 2911 8931 5253 5781
8718 8813 1494 7998 2702 9724 2102 9332 9389 2523 5341 6220 6092 1257 9638 7195 8106 5874 1949 2285 4102 6998 2693 4304 1247 1851 4961 1026 9420 6457 4784 8111 6931 5266 3106 4275 3992 7805 4229 1056 5562 8257 8867 2316 1296 3641 6743 6525 4793 8254 1019 2323 1611 6943 4649 4676 2420 3307 3422 4544 4708 4462 9920 8522 6348 5833 1222 8575 9421 2494 7660 8539 5568 3798 6663 7450 6961 5490 3061 6389 3829 6783 6939 6761 5830 9401 6473 7125 9805 6185 5394 3434 2531 8506 2404 3622 1228 5177 2060 4476
7985 5655 2302 9717 3135 1390 5012 5712 6360 2844 4047 2143 2537 5501 8670 5828 6324 7286 1971 3550 3948 1127 2376 4811 9230 3673 1516 9525 8673 5046 9185 8222 7493 9743 4432 1631 1172 7024 8792 8392 9530 1080 6047 1761 1356 6642 1541 5987 3771 1874 9237 9717 3756 3551 5475 8883 9124 7341 5033 8915 4815 6398 4615 8957 7272 7303 7675 5145 5664 3064 7164 9424 5366 8207 2820 5754 2855 3202 4567 2772 3605 4228 4000 4714 6935 8311 4120 2247 6179 5946 4558 3461 4352 3182 3857 1884 4995 2373 6247 9717
2216 1820 3392 2065 5853 4179 9750 9498 4961 6188 5185 3043 4610 9298 6922 5004 7703 7006 6131 5257 3976 1045 3508 1459 6483 5938 1216 1728 6625 8559 5126 8488 6641 6687 6285 1269 5140 6282 5795 7725 9426 1513 3577 1186 5029 1048 5035 1018 7074 2903 7052 6054 1380 1133 2529 3421 4600 8070 1743 4685 2939 8787 7635 5442 3314 5734 5872 4606 5686 8931 3926 3508 9645 3372 1838 9452 4366 2281 6125 1057 2486 7215 9581 2045 3462 5802 5860 3338 7223 3936 7165 7661 2239 9070 7697 3041 2828 8937 8077 8026
2699 1909 4596 7687 4122 1736 6936 2853 2610 8881 4925 3569 9862 3683 8633 3877 5305 9882 3147 3830 7970 3647 9722 9527 4467 3014 3808 8646 2626 3651 7526 2585 6202 1235 8534 4633 3352 6800 2268 1962 2191 4489 2478 6988 6853 8757 2605 1260 9793 1518 6870 7741 1367 2960 8754 5563 5579 1141 4746 5585 7428 6147 5161 9548 3548 5967 2908 7894 6042 6939 7049 7729 4204 1137 5527 2554 6501 9549 7211 4918 9681 3612 6861 5187 1997 3770 5988 1451 7344 9063 3819 8735 8977 7012 7157 1630 1219 5260 4082 3223
2933 2469 7076 7812 7366 1450 2158 8824 6945 7713 4699 4120 3024 6620 6748 4988 8350 7965 6188 8288 7867 6060 8257 4077 6002 4725 1299 6785 2849 1747 6363 8967 4558 3295 2758 9915 3089 3507 5670 6415 3010 4617 5908 3464 8168 7199 3891 6724 6119 7113 2038 2456 4107 6267 3385 2079 2325 2642 1608 5830 4990 2026 8207 6867 4980 5387 5761 1627 1255 5499 8537 4053 9154 9527 7204 3933 5114 3587 4747 1888 8511 3175 4376 1735 6363 7248 5487 8345 5531 7179 8292 4669 7718 3920 2406 3846 4410 8343 5114 8030
2077 9213 8361 2667 1876 4252 7698 8686 2015 4913 6475 6993 1958 5595 5453 6423 8457 8001 2236 5218 2787 8738 3633 7238 5026 3137 9153 8542 6961 3903 7470 2459 2478 3984 9547 7948 8415 7606 6134 8255 1062 6910 8119 3190 7136 1024 1443 1480 6006 7860 4579 9646 6551 6942 1608 3326 6491 8068 9004 1159 5377 4097 4049 7417 7173 7310 9417 8865 7386 7132 9505 9714 5838 1834 2031 3367 5547 3732 4081 7576 2281 5389 8416 2710 9772 9200 5895 1965 4285 2167 1949 9815 6406 8669 8369 7040 1763 8451 1506 1638
3118 9474 7290 4879 8797 1412 8016 7664 5469 6257 2282 2426 3520 4888 5777 8364 6728 2869 8457 8791 4264 6093 8201 7396 1759 1325 8884 7914 5276 9356 9944 6463 3729 2850 6745 6848 7425 3898 1409 8421 4229 2589 5294 2320 6363 4287 4763 4563 7361 5315 2289 9892 5199 5396 5303 4733 2635 2820 7820 9669 3695 8720 2824 4080 7315 1885 3760 1809 3591 8192 4333 1186 7428 7559 3555 7488 5700 6023 4760 9866 4270 3151 3554 5642 1193 4405 8900 3340 5218 5227 1878 9655 5538 2647 9021 9931 8978 6006 4992 5180
9796 1933 2214 4844 7951 6583 1595 3433 9560 5787 9920 6744 5844 1601 5357 2029 2017 3068 1127 2041 6166 3117 5595 3472 1595 5157 4519 6190 7546 2008 9872 5624 7215 2520 6528 8646 2142 8198 9039 5186 5885 1880 8103 4374 5254 7422 1689 7039 2791 8723 1973 6761 9661 9994 8673 3146 5643 1150 9458 7220 2374 8502 9485 3633 8937 9029 9453 6210 8811 4599 1298 1799 8585 3969 3925 3885 4232 8788 9110 2831 3802 5871 1620 4274 9847 7994 9272 1672 1478 5803 8771 6765 5289 2720 5848 9705 7760 4085 8379 2736
9144 8320 6387 7505 3121 1083 5406 6222 6806 6309 8473 4111 5427 4984 2855 4301 4422 4584 2575 1950 9451 5916 3244 6226 5514 1208 8784 3611 2846 4399 3979 4842 6149 2564 3937 6844 1677 2754 1960 5182 2966 4011 2095 1518 9191 4231 5191 3106 6530 8232 2646 5118 7678 8449 1063 8598 9330 6028 5157 6775 4790 8777 1432 4206 1016 2784 5078 9779 5547 6377 9901 6881 6640 7070 3527 3696 6564 5089 1362 9121 7269 5062 6584 9124 5568 3758 4738 3591 5972 2631 6984 3201 2952 6177 3151 8750 8194 4115 2012 9240
2815 5046 7628 2636 1261 1473 7275 6376 1775 2337 6083 5821 6034 1350 7971 8967 5493 3421 3255 7206 5596 6520 6619 7863 8812 1138 5820 1772 2772 8465 5429 3483 9794 1780 8890 2646 5686 4436 2329 1448 2488 7581 8120 6980 2310 9230 9391 2469 2044 2621 4239 4884 3544 2276 9965 8259 7442 2886 3913 2104 1245 2144 3419 3780 7669 9874 3368 3667 2776 5918 8540 3819 8367 3989 1009 6198 1137 1391 4977 3607 9375 5771 2332 4836 8611 9161 7105 3436 6363 3841 5743 5584 6016 5839 8436 5689 6388 6060 5695 9659
2022 6174 8468 7770 4138 8557 8298 9988 7153 8925 8414 4606 5628 8534 8013 8229 7909 3621 3591 5061 5946 8790 2302 2208 1313 9230 2390 3026 5681 5711 9663 4058 5497 3544 1215 7162 4358 8154 6031 1990 2433 4733 8558 5985 4074 6230 3216 4566 7977 4732 1731 1858 3349 3255 1745 3588 4219 4879 1037 7304 5796 5007 1983 8397 7603 3573 2735 7269 9591 3936 7609 9264 8952 3635 9982 1534 9509 9813 6234 9099 5410 4616 7239 9001 4756 8457 1381 3079 9109 2508 9154 1522 7814 2695 4524 3245 1685 1305 5065 4984
7775 8593 2071 6867 8300 1712 1941 8600 9165 9473 5346 7424 4282 1332 6418 7089 2452 6447 3117 8826 1053 5273 7301 7279 5324 3560 3350 4168 1083 3247 8274 5532 3661 2621 1519 7580 8755 9208 8005 7724 5258 7940 4314 3494 3242 6573 7650 7048 4576 8190 1903 9444 1758 7070 7959 4900 9692 2892 4154 7528 6434 2277 2351 1058 2409 6282 6649 5180 7191 6135 4945 6020 9109 6191 6112 5517 8258 6385 8950 2198 3602 6911 5124 9911 4996 3415 4025 1531 3740 1414 8441 9676 7375 4524 8384 2336 1622 5494 8836 9880
3099 7186 4478 8722 3733 5545 8423 4566 7594 7587 5131 8300 8533 2591 3112 9148 4640 4853 1850 1846 4253 3133 6648 1517 5280 4414 9954 1203 9786 8472 1727 7572 3441 3854 6265 4662 7144 8167 7565 7372 1137 7422 9436 9318 5798 3375 3357 4131 8396 2150 5781 4753 3448 7114 3716 1891 2429 8248 6252 7686 4094 2861 7648 6421 2876 8678 1024 1045 3419 2640 8003 3184 9754 7058 2013 6536 6995 4676 7801 4880 8756 7509 3973 6137 9494 5130 9098 1163 2772 9296 7198 2427 8821 1383 6964 7574 8300 8342 5035 4668
6465 6204 8973 3583 5703 9700 9269 7067 7811 2977 3194 4346 5631 1390 9899 4505 9478 9601 5038 2978 6393 5994 8943 8910 3614 9212 8215 5375 6515 7866 7066 9295 5510 4938 6553 9126 3995 8931 5547 9358 3153 9235 2609 3789 7258 1431 7090 9093 3035 4587 7676 6639 9579 3977 9968 5403 1954 7932 2864 8516 5953 5051 8907 6831 4182 8496 8642 8415 2019 5790 8587 8593 2178 7105 8190 4394 7647 8129 6119 4530 4764 1605 4808 9256 7634 9447 9153 9799 1801 6913 9779 7144 7642 1777 5158 7796 6793 6614 1830 7409
4924 2147 4615 3433 4439 9089 6234 8587 7799 5936 1571 6392 7985 5920 5878 8732 6957 6455 9214 2295 3958 1447 6734 2846 1818 4992 1765 9034 1310 9026 5356 6088 8329 5806 4548 8687 2826 5510 1341 2464 7716 6064 5257 4913 6275 4017 6652 7079 4848 1049 8255 4438 4620 3220 3274 3700 3341 7833 8970 1917 3842 1305 8242 6613 3263 4299 9513 6854 1099 4307 9418 1805 8598 7897 3617 5403 4781 2698 7156 7075 7552 6840 2412 4551 5407 9536 6936 5506 3573 7370 6004 4965 5242 9892 4402 7010 5459 4498 8585 1220
8574 6374 9406 1153 2170 2750 2811 5390 9784 8561 7898 4307 4135 5560 7536 4180 8602 6518 6459 4902 3752 3948 6472 4878 8277 7603 3816 5041 1419 7804 5092 1875 8364 9862 4702 2623 5755 2864 9268 3919 3415 2816 6591 4764 8150 5624 4814 8434 1646 4988 5379 2348 7986 5158 4300 3413 2325 1672 5881 2824 5264 2078 7951 7209 3026 8426 4983 7958 2787 8364 8700 5627 5743 5031 5608 7423 6475 1215 5966 8546 2936 7196 3314 1146 6248 4295 6934 9225 5362 6872 6965 4437 2750 9158 8660 6634 5132 5888 9950 4223
6074 2317 9342 1898 6454 4659 4562 3111 8590 2031 2364 4853 8301 7487 3158 7007 3636 6996 1412 2211 4710 4227 8086 3255 2767 8419 4005 5948 7509 2900 9931 1920 5207 9329 1877 4339 2659 3378 2671 9523 7563 9469 9760 7103 1770 2069 7649 3036 4638 3697 1469 2394 1633 9809 2553 8692 1450 7536 2477 7016 1136 3346 4387 7150 1032 5056 1026 8833 4220 2454 4329 9838 3788 3792 2995 4576 7273 9728 3646 6242 1264 4078 6324 5588 9302 8661 8241 2178 5331 4178 2026 2211 7617 4342 9168 3643 3828 2255 4627 7676
9418 8639 9767 2144 3581 5342 5335 8975 7150 7691 3157 1022 6040 3996 7109 3426 3806 4826 7429 5739 3715 5223 9951 6804 4779 6799 3944 4809 2299 8625 3665 4160 8442 7250 6291 5004 3835 1878 8088 3124 3085 4176 3037 5036 3292 8511 7194 3231 3362 3975 2739 7323 5465 1878 7582 7283 4473 7274 9357 6294 6574 1143 8731 9088 6946 7121 9062 6292 4208 4713 7349 4749 1219 6207 1358 7389 8696 6005 6712 2492 8300 5777 7188 7558 3349 3961 5337 8957 3116 5626 1749 1051 8146 5527 5081 8207 5083 7702 9061 1912
2540 8574 9293 9265 8376 3823 8887 4157 1101 2495 7272 5085 7429 5388 7037 1823 1635 4933 4359 8243 3264 5895 7942 8926 8374 2160 5117 8890 7729 1043 3579 3386 2312 3383 9098 1765 8062 8085 1975 8822 4512 5315 8468 5519 7421 8965 3361 5415 5561 2726 1036 7443 4199 6159 8004 6674 5907 5088 8426 8894 1440 2235 3264 5022 7634 6987 9248 6058 7509 4073 9640 1894 9722 6706 3842 9794 8454 8371 7980 5848 1445 9786 5591 9654 6329 9451 5574 3189 8099 6086 2229 4468 4497 4614 2467 8670 9049 1162 4925 9165
2662 2302 1888 1945 6161 9897 1325 5263 8056 5703 2567 1858 2280 6914 7803 2301 6319 4475 4223 2206 3843 7576 7048 9610 8727 9143 8215 6983 1085 3472 4187 5657 3869 3900 4103 6615 7463 9031 5815 7766 4186 2344 7865 1393 5015 5508 6806 6216 2155 8283 6426 5548 2312 9357 5595 3959 8608 2863 7675 5332 3424 4938 1771 7690 4855 3631 3271 2403 8460 6709 6665 5905 7671 1101 9332 5073 3222 4324 9687 1494 1215 6110 7042 9168 8639 4526 3434 8359 3548 4985 9080 2304 2548 8949 1562 2669 2530 2928 2090 4105
4069 1599 2807 1604 1350 7805 1186 2646 3450 7772 4362 9237 2322 2935 4611 8403 9001 9155 9552 5560 7386 9447 2199 1254 8561 6662 8344 5446 7145 7021 5449 4154 4651 7307 6821 9130 3859 4327 1975 9586 8361 9694 6511 5540 7572 1060 4598 7239 5284 7314 5819 4688 2197 1180 2976 3717 4409 7527 8734 6916 7268 5621 9893 8068 4691 5877 5812 9130 9893 7255 8276 3158 8821 9137 2261 6478 8997 9298 2367 7885 6295 6113 7372 7903 5046 7726 1361 5059 1634 7985 2821 8809 1224 6830 7576 9695 3963 9857 3842 9537
3705 8749 7272 5522 7553 8062 2006 1887 7359 2264 3949 5031 3834 9826 7846 2392 6022 9387 8652 7741 2327 2041 7683 8209 1067 7194 5631 7848 2903 4919 6652 4662 4215 4753 7627 6509 9804 1993 2188 2862 4934 2444 7958 2874 3516 9398 9032 1505 3146 9282 1266 9534 8492 6878 3635 9880 4495 7045 8261 3424 5665 2637 2821 9067 5549 4301 8680 7553 4555 3299 4622 6453 4646 2338 3450 4821 6088 9958 4152 9714 6344 3487 6098 2721 6945 7437 6406 5152 3466 2357 9778 4656 5542 1238 6536 2358 5243 8026 2879 5453
5861 8023 6234 1695 3048 1065 7667 7876 8127 4810 3952 9728 7042 3975 7064 3887 3230 8281 1810 2694 5350 6297 8570 3510 1607 1334 4751 9156 5812 4325 7040 8111 9842 8402 3536 7133 9248 6638 5534 2652 8303 4650 8280 5608 6847 9004 3411 5690 8321 5367 9438 4453 7818 8784 6887 9403 7497 2029 2980 4454 9809 9593 4965 4810 6315 3223 9138 8242 4121 4711 8212 7856 2363 6369 7910 3928 9380 2707 9116 2249 4541 1933 3018 6570 8109 3732 3649 7659 4728 2358 1288 1019 4319 3918 2689 8657 7422 6062 2373 2964
2363 2226 6447 1067 1900 5476 8678 1472 5093 2832 6366 5995 1355 1400 1354 3068 8464 1122 3010 5800 2108 2139 4764 1536 5497 4316 5221 7444 7254 8756 1015 7932 8525 2646 1766 7578 1765 4091 8466 2715 1032 6674 2852 3697 1075 1024 3110 8438 6863 2784 3398 3184 1915 4796 6823 7236 1481 4219 6447 9971 4471 6624 8998 2010 2592 4767 5703 6494 5194 9787 5683 7567 6278 7735 6679 5726 4837 9376 5688 1558 4032 5917 6086 2955 3690 1655 6864 9290 4541 9221 9723 5115 4436 5315 5074 2295 1013 3862 4607 5678
2531 1067 6133 5597 3719 5808 6367 7549 9020 2785 2545 7932 5142 9952 9173 2019 2707 8693 4081 2972 8732 3635 6633 5070 6686 2947 6165 8562 8784 7033 4714 4540 4187 6165 7022 6375 8215 7660 1778 9028 1551 8206 8322 8023 9489 9371 8015 3852 9950 7173 9618 6343 7647 3727 6717 2460 4283 6308 3030 5476 9608 9329 1960 5582 9149 5990 7075 7058 2435 4614 3940 4566 1451 5375 8017 8605 6761 9943 7958 1408 9739 4200 2789 5919 6838 2988 4570 9119 4021 7538 5551 6097 5037 4598 5791 5229 8659 4917 1043 7390
2160 1231 9503 4445 5924 6265 4579 3162 1454 8701 5420 6699 8109 5129 1534 9637 4966 8809 2406 6529 8964 6756 3140 1232 6160 9767 9607 5287 4848 7387 1224 2283 3111 1012 1956 8225 5606 6514 8205 6767 8379 7674 9113 6305 8795 9294 5938 1993 7627 1713 8685 5567 2035 1230 9801 5005 9594 5716 7513 8558 7207 6226 4915 9737 4723 1396 5184 4812 1877 2802 1394 2646 5758 2255 3218 5822 7463 9509 3161 2455 7504 7982 3116 3452 6945 7666 9992 2345 6912 1944 3047 1317 1727 3795 1547 1915 9350 4352 6863 2786
8982 8302 5849 7179 3853 7110 4989 1180 1820 5601 2815 1386 3881 7612 3495 1234 1868 5295 7065 5256 7133 4524 2280 6117 5959 5861 3068 2746 5402 2021 5245 1841 1198 4277 3271 7905 7578 5236 2779 6002 9767 7584 9507 5735 4676 1771 2048 7885 6486 4291 3414 6984 7105 5826 2348 6524 3030 4726 8819 4779 9404 9014 8630 2198 2475 4174 1424 7842 2834 8516 4718 6862 9540 3995 8659 9218 8326 7818 3675 7385 2771 6321 3850 5265 7429 8122 9198 5310 1208 6285 5000 5104 4556 3932 8505 5652 8702 2664 7535 8396
6273 9088 1950 3759 4240 6135 3518 2076 4688 7780 8022 9750 6568 9813 9032 9439 4036 8208 2581 5886 8068 5448 2754 5468 6740 1123 9285 7226 6596 7311 8571 1559 6143 8800 7729 1974 6258 8286 5834 7860 8600 2890 1987 1055 2514 6581 2649 1334 4500 4431 7854 6847 6059 1454 5224 3971 5880 9039 8176 8375 4523 5153 3377 2097 9626 6118 8048 3873 8603 7114 7990 5537 1375 5001 8475 7228 7562 4749 7899 6870 9335 3133 1873 3559 4632 1648 9424 8413 2143 5492 5730 7955 3754 9097 9956 9800 1123 5285 9278 7848
4860 6501 6547 8291 9010 9436 4686 5673 8965 4233 6969 1586 2988 9687 2125 4673 6451 5062 7819 8049 1933 9331 4539 7960 6628 2105 2119 9309 9437 7910 5204 6278 5775 5592 2429 4846 5334 9873 3916 7793 1132 9837 6130 8358 3677 6015 6494 4885 9091 7928 4206 7292 7795 9147 8311 4304 1988 8064 8398 6695 3077 1159 8699 3522 6221 7487 1770 6876 2909 7653 2018 4536 7858 7107 7910 8859 2115 7360 9131 9020 6217 1990 4695 9168 8092 5184 5755 1161 9022 9753 7029 3876 8265 1828 5486 4316 7595 6690 1365 5840
1470 6554 2739 6091 7032 5472 4842 3076 1593 7822 4706 3523 7409 7289 7005 3560 3002 2285 6768 9445 5562 5700 9701 8099 9553 2223 1997 7934 8980 7156 2119 9035 1252 1888 3425 6591 6837 8916 7122 9807 5005 1733 2445 6808 9492 4911 5000 7021 5021 7851 8285 8809 2742 7841 5119 7966 5829 1636 6548 9423 2430 4581 1100 4384 7328 7407 1508 2999 9585 2047 3857 2923 6901 3063 7559 5338 5835 8584 4051 5366 1934 4890 9545 4560 6803 5255 4429 8815 2289 1015 9566 3205 4212 8566 1195 5186 8347 7717 8626 7043
5064 6922 3659 5166 5232 9899 2660 3910 5171 6856 8742 2613 9712 2618 5189 8867 5897 8143 8754 9747 7259 3439 1243 5856 7942 3765 6934 9856 7842 4416 1606 2951 8133 7726 4343 2433 1673 5370 1796 8442 7386 6148 9570 8750 5041 5513 8584 1765 8413 8751 3114 4008 3253 7289 7060 7049 5944 5775 5736 8843 8211 8907 1964 7490 6772 4986 5174 1591 6345 5318 2210 6231 2925 2317 9940 5257 3818 4592 3080 1771 6795 4485 4595 9631 8650 4424 7305 2391 3855 9200 8208 1653 3727 7334 6361 4285 9147 3596 7244 9374
8556 3758 6476 2354 9707 6907 2967 1595 2505 2234 6189 4998 4738 4661 3609 6951 8057 9945 2465 5646 7660 2883 4387 4390 9574 2261 7042 3812 8764 9850 1800 7363 7835 6430 2762 7358 2783 8409 2885 1789 2471 9062 3258 9333 1091 6129 3280 3634 7049 1401 2953 6317 1223 5773 6555 4206 4748 1495 9131 3388 2669 2589 1340 3514 9472 6262 6588 1199 3423 6604 4941 4082 3626 1986 1736 4536 7976 8236 8255 9956 6515 6826 7579 9749 8961 5147 2563 5034 8160 3226 7453 4973 7245 9378 8737 2661 9841 4095 2685 4786
1959 6587 9238 2062 3263 5355 2857 7272 1542 3442 4800 4827 7294 1844 6338 5562 1887 1516 2001 3970 6087 2710 9692 3395 2332 6496 4689 9890 5620 4121 6896 6985 1902 1494 1049 5190 7894 2040 6185 9591 1306 7617 1007 4398 6998 3814 3245 7086 8740 2476 9061 8674 2009 7331 7031 9522 6870 1714 8171 7187 6960 5342 7792 4103 6522 6515 1840 2794 6330 2431 4256 9062 5133 7660 4784 2609 9851 9511 5133 1371 3834 2158 5032 9314 1457 1082 8959 7477 9994 6707 2431 7713 6181 1526 1680 3101 8298 5817 6161 7441
2170 8013 1491 7430 4644 7972 3389 2560 5591 6252 1586 6216 4654 7014 4567 7553 3130 1809 6645 1696 7681 3554 7845 4231 7423 1670 2621 4167 4061 8584 2801 2308 1694 9528 7804 3881 9499 5829 5855 2064 7699 1212 2337 7877 6913 9243 5255 4522 6285 1318 5492 6286 6019 8427 8920 4146 9813 5756 6576 4169 2100 9051 5760 6463 6495 2680 1600 5321 6168 8950 8632 7274 6811 7738 7601 1767 6000 9744 4861 7581 8871 8728 8324 7830 5360 7531 7969 6213 6906 3021 3799 1793 2417 6875 2203 2903 2749 3762 1678 4780
3915 3236 1465 7987 3294 1819 9779 6239 9974 4039 6602 7501 1011 5242 7473 2995 9479 3653 6799 1567 1420 1073 2094 3056 6675 1571 9032 4180 6097 6758 3050 7187 7405 6004 3431 5458 3254 3786 5023 4079 6340 8482 7723 6839 2827 7460 3204 1033 5097 9358 6833 3651 3143 3368 1248 8183 6185 6201 7931 8403 5427 4119 4650 8045 7476 1577 9072 1012 2253 7424 4980 3751 3893 5084 4025 8211 1418 9991 9114 5745 9042 1590 3374 9913 6930 8042 4522 1303 8764 1998 2220 9570 5137 9048 5468 7581 6966 1036 4789 5016
2732 8292 9235 6125 4015 2452 4812 7149 1777 4652 5882 1663 2170 2633 7897 6759 2357 9598 1609 6112 4302 2002 5110 1367 6145 2370 9919 8746 6165 9145 9575 7530 4166 6563 1106 1724 2080 3328 8344 2986 5956 2353 5215 1175 4897 5588 8267 9701 3466 8460 4511 8266 9710 7511 5918 4845 7124 1944 7880 3366 7488 6939 1065 7053 8691 9391 4159 3911 1950 5630 8784 4431 9606 3508 2050 6248 9181 6649 6342 7880 1535 2419 2389 2860 4179 8259 2271 7262 6511 7632 3298 4589 4453 5072 8656 4488 1073 1970 7755 2703
8827 6310 7424 4616 7365 6603 4948 8478 4046 1751 1213 8190 3973 5798 7204 9848 8147 6861 6367 6450 9602 1602 2429 9553 6216 9058 2076 8530 5653 8637 6370 5774 6154 3584 3622 2196 7155 8156 7535 9716 5299 7122 3406 7680 5763 7665 8217 4027 9977 9427 7843 4156 4615 3171 9322 5520 5770 2191 8711 4026 8436 4428 1491 4736 8433 2813 4996 9893 7315 3928 4054 7995 4229 5645 9113 1051 7409 3844 9492 4347 1712 6252 1548 7688 2167 7475 8275 8678 4547 7839 4983 5745 1388 9922 4362 8230 3960 3989 6354 4610
7548 6698 1134 6294 1949 9847 5914 6594 2522 1062 7661 9879 4834 5740 3954 7973 8320 1039 6693 2579 5297 6570 6820 3036 9476 1502 6111 7811 9846 7707 4748 3692 7717 2670 4130 1189 8515 1496 2793 3400 6399 7279 8860 4259 3329 6447 7857 4880 2156 9008 9818 4467 4143 9407 6846 7075 2911 8351 9549 6908 6105 1363 9831 2984 9892 9587 1842 6974 1982 8957 2479 1932 2326 9033 8995 9885 5051 5964 1341 1279 2986 7692 6015 7969 4426 6170 2686 8258 8616 5971 1916 1785 1665 9289 1389 5735 4922 9167 5611 8742
4659 2331 4255 4699 4579 3797 5280 1304 4950 5550 7923 2106 5544 3553 3846 3011 3131 1561 1485 7548 6365 9430 6084 7703 8593 8324 1091 1200 7674 5875 7747 4859 8186 5176 7631 7999 3389 5372 5497 8910 8196 5464 6400 9836 6966 7599 3441 7537 5322 7847 2213 1472 6813 6122 1535 7648 4534 7992 9624 5077 4966 8995 7274 9174 5069 7547 9075 8707 5462 4917 2263 2094 3516 5104 8609 3425 1625 5031 8834 4101 2662 3980 5606 6029 8818 2612 9068 4771 1050 3352 4101 9997 9818 4737 1319 5058 3993 1603 1385 1565
1662 5657 7058 9421 8377 7534 6276 9726 3197 6567 5180 5974 4530 2953 4241 1310 2253 4015 4643 2825 9458 9638 3117 1329 2317 1386 3410 8938 1463 2025 2280 7308 8292 7130 6037 4225 3132 7635 2962 4195 3119 6676 3758 8774 6688 3762 3709 1476 9950 2549 1657 1220 6738 5623 7061 9422 4564 9155 7174 1886 1393 3120 4873 6680 6189 4096 4884 3837 5542 3954 2245 1044 1097 1919 3216 3161 1665 6869 2631 9477 9021 7434 6961 8141 4575 3109 9741 2215 7387 4453 8739 2073 4877 2385 6331 3876 2359 8368 4694 8015
9329 4236 4428 7554 9683 8579 8311 7332 9321 3520 9060 8189 8605 5727 1636 6445 7423 1610 9736 5276 6465 7043 3249 8464 6388 6630 3360 6200 8763 7521 3583 6287 9436 4835 5448 4043 8476 2065 4264 7855 1436 5712 7930 9253 2346 8037 6090 8805 5497 1400 6993 2142 4012 5147 1798 2261 1005 7000 2986 2339 3607 2361 1155 4470 8288 4231 6356 5671 1494 4175 6928 2725 9760 8543 8505 1572 5935 6126 8588 4548 9372 8407 8460 7324 2908 1119 8757 3693 6117 4978 1064 8595 9589 2429 4402 2037 9922 4838 2278 4881
3966 7301 5434 6018 9589 1787 8774 3615 9053 6108 2472 2945 5671 2952 3372 7737 2686 7670 1211 8455 3814 3284 3927 7436 2815 6606 2111 2230 3226 6528 8805 7436 8168 5764 2950 9294 4620 1451 4300 4221 7142 2408 5959 3323 7015 5112 7306 9746 5793 6242 4013 6468 6754 8497 1826 9996 5190 5408 8716 2121 4033 5974 7234 1472 6260 6885 2674 1575 9361 4269 9766 1078 6715 1369 8996 2587 5158 9483 6264 4188 2541 6246 2408 4713 9852 3379 1978 2429 5141 7812 3243 7388 6273 2626 7013 2064 1196 3379 7280 6458
8161 3706 3789 2125 7094 8764 5031 8674 4773 9349 2178 4627 4188 4548 6035 8324 5380 7934 3608 8827 5451 2271 9470 7549 2346 4433 7562 5616 5059 1348 5013 6115 3873 7027 9015 1430 7609 8538 1849 4232 7858 6915 2911 1137 3873 3047 3398 7206 9645 3014 2880 4866 2974 4936 4798 9345 4264 2735 5954 8946 3516 8009 7641 6607 2830 8474 4936 7010 6787 8233 3478 7085 2551 7987 3281 4804 3558 8602 7837 3982 8054 9069 1966 8406 8134 4900 6678 4914 3982 4554 9190 9380 5781 4283 8200 1076 6782 7259 4718 3651
1367 5951 8693 4143 2292 8143 4954 5842 3210 9148 4611 2261 2416 6738 6670 8797 9614 6130 3361 3769 8008 2548 1125 6327 9768 9946 9191 1429 9862 3047 4146 3929 7898 1981 1574 8016 5882 2892 1064 5125 5383 8164 9797 6491 1728 1703 2943 5714 7090 2357 4706 3123 4122 1143 4627 5633 1540 9466 5348 9636 3294 8121 2574 4727 5400 5000 5374 3974 6154 4243 6308 5025 8591 7948 9621 3580 2192 9227 4454 1822 4703 9821 8820 2032 6272 7152 3133 8897 7527 5230 7454 4300 5970 9268 3666 7955 6241 1337 1332 2877
7652 8639 9963 6316 4446 5381 2258 5384 2121 3375 4117 8968 4922 2135 8405 2922 4961 5101 6830 5550 1903 7181 3315 5472 3896 3982 6466 5428 5655 9054 1584 9725 2793 3755 7569 6588 5874 2858 1078 9400 6926 3579 8186 2228 5773 4773 6866 3453 3278 9748 2183 8757 2463 8174 7850 6119 9041 2955 9339 9412 3333 7677 1622 5822 6005 1364 4097 2555 7229 1952 7032 7598 8918 5617 4181 3190 6638 5715 9822 1070 7424 2233 9936 3981 1208 7748 5145 8736 6194 4169 5170 9972 7274 5297 8257 7886 1527 7805 7085 3248
9524 9238 4402 4371 1115 5345 9583 5725 5281 7098 4764 3536 2683 5406 2171 4224 8144 4743 3348 3227 2010 2740 1507 6005 3572 5498 4188 7877 5063 2901 4614 5628 6461 7467 8144 4297 5085 6740 6073 2524 8692 7819 4673 1947 2525 2832 8603 1183 6239 4847 8237 8801 5946 8973 3997 8321 3152 8629 3944 2312 3946 9140 6817 1261 8728 3766 4783 4915 3913 1078 4564 7871 6215 9096 1895 3545 7376 3024 1669 8541 7329 3900 7977 2054 8770 8901 8745 6270 6816 1317 6566 6159 3808 9230 4416 4954 1472 1560 7260 3786
5577 4431 7271 2670 8284 4187 9841 7117 9162 9666 5752 7910 9779 8934 3817 7440 3007 1464 3900 9734 3313 7703 1016 5088 5679 4573 6452 9069 8967 1409 7040 1976 7757 3013 3760 9831 1095 6669 4544 6723 6411 2998 7776 1457 1070 2367 6078 9658 3607 1384 9948 3366 5198 9882 2985 1576 2830 4026 5163 5661 6289 5960 4126 9114 7196 9906 6126 5048 6643 1554 8792 4454 4160 3183 3033 1676 4031 6962 3477 4977 3650 9838 4261 6101 8471 6974 9068 7171 7024 3402 9206 6952 1698 5850 3111 5156 7400 6218 9212 8591
6467 2127 6851 3110 3406 1692 5035 1943 3984 4773 1597 2491 6112 2253 5341 2178 4586 2022 8282 2744 9601 1154 7326 1458 1565 5913 1605 9037 1154 1688 3745 4733 4326 4083 2839 9806 9516 6983 9030 4790 9671 1723 7259 6393 9661 6996 8281 5526 8025 3937 4903 2739 6496 7085 7019 6978 4501 6141 4483 1084 6087 5897 5492 2659 4440 2076 1392 1529 8923 9333 4171 6546 2091 1378 9242 4932 7315 8824 5724 6199 6554 3214 4450 4098 7805 2581 2351 3989 6601 7720 6933 3865 8613 5641 7743 1658 4993 6057 9447 3921
2248 7548 8731 6564 1520 4174 7547 9562 5284 8887 7071 3494 7048 6990 8840 1360 7419 6636 4389 9915 7541 1648 4961 6009 4174 4466 6063 8405 9763 1970 7564 9654 5263 7500 3436 3566 8820 3209 8899 8563 9296 5323 9058 1501 8117 8067 6187 6638 8519 5438 8170 8502 8634 1669 5764 5534 3450 3664 4364 5606 8581 6051 8754 7476 9557 4860 6600 9109 6790 8111 8777 1072 3035 1991 3835 7425 9166 3670 3844 2303 1521 6066 9682 6345 2899 8978 3261 2190 9029 4599 5861 5532 2654 5387 1481 6570 3872 4505 6450 3092
8970 5952 6607 4657 4482 6820 7510 6257 7441 1424 7884 8032 8262 6706 4775 7510 3787 5998 8462 1518 4248 3560 6308 9012 1501 6614 2892 9897 9295 1473 1048 1738 6507 2410 5097 6810 6724 1389 1015 6785 2475 3433 5351 5843 1844 8612 5172 7407 3351 8054 5739 2548 7665 5128 6989 6744 2562 5952 9485 4691 1693 2134 7602 5340 6394 3985 7431 5918 2349 4612 3590 8973 6705 9960 6745 2176 8286 3862 9753 2306 8798 5098 4664 7951 2465 6518 9393 2687 8861 3904 3324 2101 3596 3581 5629 3113 6875 6424 4933 6761
3963 9708 5264 4998 1854 2829 9237 4605 3759 2594 1550 6560 4044 4202 4611 3957 4974 8899 5412 6222 4767 1218 8281 4300 5116 2074 8786 5076 7799 1958 9532 9999 5780 9625 2079 4013 8120 1887 8546 3164 5228 8690 7078 2629 9526 6403 4448 6198 6213 9082 5888 9520 7913 7213 9365 5688 6752 6712 4465 9302 9257 2127 6148 5218 4636 4457 4630 6974 1259 5760 5105 2484 6247 3760 3969 9232 6922 3238 9710 6242 2499 6551 8418 9199 3404 7555 4205 8760 7881 7510 1229 1946 5485 1231 7302 7448 9302 3381 4813 8450
9989 6128 5937 9959 7219 2455 6238 7587 8090 3921 6911 2507 9032 5183 6261 8373 9708 9946 9896 2564 7561 2222 8228 2230 9179 8120 2705 9286 7680 8321 2307 8262 9442 6321 1360 6159 4219 5921 4562 2284 6704 2184 4401 4404 3899 1942 7246 1748 1748 1529 1991 4518 9172 7802 9606 7537 2496 3545 3413 1560 9961 7821 5430 1935 6793 3879 2265 4633 3939 5318 3023 1382 9388 7027 5456 2621 7923 3560 9944 4527 8888 1352 4876 5166 9247 6067 7291 5588 7100 6976 5947 2809 1137 7919 8327 8370 2371 1767 8728 6823
7309 1847 7746 7270 6523 2352 8778 3279 2118 6740 7959 2185 1594 4870 5989 1051 6026 6423 8033 8750 3684 3570 4949 7984 4387 5367 3767 1259 6903 2209 7049 6631 8454 8085 1728 8032 1050 8725 2189 9684 5548 4978 9997 9638 8083 1240 6653 3340 3179 4801 9402 7267 8093 3652 7406 9711 6204 8378 1448 5334 6953 8131 2885 7563 4874 9929 8784 6373 1953 1236 2082 2709 1584 7068 5338 4801 8651 2070 8995 4595 9374 5157 4500 2696 9982 3471 1053 1466 1930 6179 4460 6249 6998 3345 3057 1277 5102 7601 8692 1991
9619 3639 3845 4492 2296 4044 9197 1113 8760 3627 7893 7637 5227 2276 9268 9804 7295 9368 3781 2158 2034 7107 4348 4174 7356 3021 8335 5930 6619 7802 4639 5451 4729 2082 1315 4800 3911 6852 4337 1985 3055 4319 5090 5014 2393 5544 5134 9323 4439 7955 3290 3525 6023 6588 6821 7059 1648 7289 8942 3386 5466 7200 8631 6614 8439 5059 9670 1956 6826 1564 6439 5783 2381 2362 2110 7791 8807 6188 5830 2015 2802 8951 3970 7861 7164 1233 6815 6862 8870 8247 7474 6411 4588 7141 7286 2113 2047 1618 9319 3917
8367 6452 8380 8455 2228 1781 2384 9199 3580 1743 2531 8572 7477 9330 8313 3317 7967 3405 5550 2925 6295 8041 5845 1076 4392 2031 3425 4610 6961 5824 8798 3428 9279 6659 1868 3478 4358 2993 1920 8239 3215 9500 5040 7389 4063 6643 5540 3606 8885 8444 5106 1248 1204 5055 4536 7943 2380 4107 5568 4031 1641 2820 5246 9247 8430 3779 5632 8218 6709 8582 3163 6033 3168 6143 9366 9459 9055 5946 9031 8453 6007 2282 5396 1032 9528 9096 7785 3714 3058 6694 3034 5569 1518 6273 6435 1170 1176 6135 3141 8028
7626 6283 3649 4907 6201 6196 7855 7213 9593 3485 8916 1461 6615 4744 2312 9835 1468 8486 9883 2517 8122 5554 6858 2643 3631 7739 2931 2790 5356 6676 9785 7338 4045 7582 1701 7948 5172 9185 9266 1393 3241 1393 5628 4118 2645 6911 8969 2099 8650 6571 6070 7399 8369 7291 6452 7409 7049 3117 4896 4394 8097 3845 7871 7754 7141 3338 6803 7422 3631 6893 2769 8517 1863 7154 8789 3425 6248 1023 8745 6629 4228 4374 2322 6160 4527 9163 1008 7265 9506 9944 3216 6723 9245 6601 2398 6633 4471 7312 9998 7929
3926 9385 6764 9050 7629 9449 5168 3124 6817 7283 7130 8276 2321 7240 9680 8246 5173 7052 5590 7432 6440 8310 8548 3930 7369 8618 1061 2581 8915 4849 6588 4213 8394 9182 3112 7378 6082 9478 7326 8022 5148 7015 8009 3125 1298 5934 9303 8441 5224 5752 8570 4407 8661 1390 7720 5506 4599 7944 7729 5144 7852 7170 9132 4405 7312 9725 2445 9936 8183 6400 6470 5779 4890 9038 9535 3468 1941 1091 4970 6133 9313 5647 1354 8900 2146 2670 5972 9198 5250 1931 4225 5094 6812 6641 5866 5957 8106 1584 4052 2978
4106 1146 5447 3900 6180 8425 9248 3048 3124 5784 6328 1266 2792 1513 4611 6368 2413 6748 4571 7844 9155 6241 7881 6403 1900 9860 4265 5133 7653 1315 9619 8252 6123 1553 2863 3085 8544 1772 4876 8143 9208 1566 9341 5771 4201 9259 3709 4556 3109 2629 4765 6203 2576 3379 9704 9049 5506 3505 6635 8502 1421 3004 5000 6224 4523 8881 7369 6999 3595 3372 7800 6463 5637 5247 5207 4412 1888 8608 6135 8793 5284 8738 4784 9614 5698 8076 8079 9692 9768 5894 9479 1442 2356 4161 9907 2253 7437 9758 8286 5275
8231 9105 1298 4580 4919 5271 7230 6754 9118 6191 4641 8383 3403 4320 2046 5263 7185 1901 9847 7120 4431 4875 9531 8462 2188 2940 2775 7388 1098 1180 8522 4365 5325 6247 5849 6378 5522 3794 4220 7488 6242 7989 6374 8492 1115 9298 9962 5381 4337 7095 6007 6560 4453 2843 8515 8338 5601 7178 1304 8564 2045 7541 6496 9536 8152 9982 6192 4501 2828 2129 3375 2391 5833 8483 7779 8164 3365 1760 1436 9282 9543 7889 2827 1060 9141 1444 9623 7744 4485 2278 9365 9700 1378 3905 9705 4848 5237 6773 7783 3520
7181 7397 8050 7428 1554 4931 5212 1545 5148 1712 9467 7021 4266 1692 9797 2532 4094 7331 3221 4251 9312 7505 3103 8863 2569 4059 2259 8509 8990 4675 1927 3488 9982 5902 5514 1862 5514 2962 8242 2689 8938 7956 8520 8324 2571 1519 8803 8379 9887 2332 3010 7558 3592 2445 2329 7455 4702 7866 9719 1514 8808 2088 9350 7664 6585 3710 7685 8153 1909 1210 6120 4969 8971 8624 7625 5301 5039 9792 1943 1681 9701 3752 2533 6528 8342 5516 7637 2976 4185 8658 1188 8060 9633 4900 6748 4307 6247 9980 2699 6196
46 22 772
10 59 678
6 98 615
97 3 321
24 6 665
1 32 107
68 8 359
50 30 941
4 61 125
78 97 323
62 81 968
97 14 322
14 96 146
8 77 505
5 87 157
84 86 226
65 15 509
2 40 237
80 56 112
9 94 759
38 60 100
52 50 263
94 11 973
76 31 124
64 55 226
1 22 902
66 54 170
6 51 266
90 61 674
39 83 287
21 75 465
83 74 874
4 95 377
36 98 870
67 92 935
90 60 922
42 10 862
10 33 784
55 83 562
95 44 414
52 5 524
96 71 189
47 24 651
34 77 601
55 58 383
26 49 256
65 86 302
47 61 212
20 93 472
53 62 471
96 40 322
38 34 991
73 44 506
5 93 150
52 75 572
68 6 478
37 86 704
24 38 978
24 50 849
69 8 101
19 90 108
76 14 974
95 54 207
56 98 931
71 69 495
73 37 732
70 46 819
93 20 707
20 42 415
92 70 894
96 29 637
41 32 663
51 42 461
83 15 779
60 92 142
54 51 100
29 57 565
22 15 908
51 58 137
55 69 938
2 65 726
51 79 415
28 21 867
50 34 409
6 57 351
49 10 627
68 42 438
22 30 540
39 90 588
5 36 531
39 52 590
97 86 101
16 67 585
71 78 416
21 38 103
32 38 178
69 18 374
1 30 745
94 51 605
24 88 659
72 39 407
92 61 529
62 82 647
1 0 308
92 86 632
18 99 789
21 61 541
86 70 525
30 96 165
78 22 824
6 47 749
31 52 571
10 94 275
39 40 553
77 98 930
81 34 319
14 4 890
77 88 880
80 40 452
25 64 200
22 22 338
1 16 405
26 36 319
18 75 637
77 97 651
38 62 817
13 85 227
15 34 564
84 20 253
4 85 179
25 48 772
10 78 694
91 75 348
51 43 208
18 2 107
81 7 458
46 89 280
41 58 910
47 80 381
26 15 274
57 34 425
56 13 580
63 6 964
84 32 368
28 98 129
78 80 228
68 18 937
45 50 726
67 64 650
60 76 922
66 44 560
11 52 350
1 46 436
82 36 154
46 40 600
31 61 971
35 95 374
3 24 705
84 28 762
51 45 299
71 94 199
8 9 282
89 69 326
6 51 528
34 10 243
71 38 532
50 90 764
7 10 454
60 93 972
46 5 356
40 49 520
83 59 385
13 32 919
43 50 163
27 98 129
70 31 290
0 8 678
26 54 403
47 64 489
17 27 288
0 19 789
51 48 323
57 10 811
33 19 980
90 19 551
2 77 261
62 54 831
81 34 454
65 43 765
25 72 889
1 60 676
91 18 696
90 44 567
59 52 953
78 97 728
68 20 192
8 39 549
21 26 542
10 5 534
72 34 972
95 30 975
18 79 747
66 42 174
34 69 863
14 94 414
41 4 422
53 56 555
47 77 658
49 88 976
80 42 455
26 13 481
98 82 929
48 64 575
79 5 773
29 63 964
94 43 429
30 26 169
75 0 392
99 39 365
4 0 788
56 89 390
44 51 586
79 97 462
50 56 109
35 50 976
3 57 827
79 77 140
28 3 177
75 50 501
43 80 356
75 97 919
6 49 299
28 90 400
27 63 934
80 79 398
28 88 862
19 85 324
85 19 920
95 8 997
47 29 916
29 33 488
17 61 894
3 88 565
31 49 260
96 62 842
14 52 788
0 85 973
4 40 392
76 21 996
29 58 279
73 86 519
64 22 258
92 98 680
64 71 643
70 96 226
25 95 733
73 62 295
26 80 587
31 26 520
71 15 598
69 96 258
23 74 537
1 77 690
28 92 447
48 95 497
7 11 731
29 21 598
62 18 747
15 26 302
10 91 919
88 39 536
83 66 736
60 84 140
35 57 816
53 96 357
96 9 258
47 2 225
47 27 582
40 50 597
78 36 488
72 21 521
88 21 979
18 41 723
12 64 929
63 81 959
50 47 935
21 93 777
48 58 674
45 23 986
22 6 313
86 71 806
18 68 688
44 40 497
50 40 798
63 50 327
19 43 229
37 51 175
52 88 177
59 27 901
10 72 714
30 9 598
0 0 279
47 21 803
48 79 375
25 26 552
0 67 184
20 26 193
82 74 645
49 63 431
72 66 745
12 76 127
20 45 855
41 89 845
27 38 783
44 78 756
10 58 542
8 10 989
78 40 727
36 25 136
24 53 542
4 27 810
42 20 577
24 53 643
60 67 746
8 80 370
80 20 476
44 85 292
48 77 563
34 98 409
72 82 977
11 93 825
91 74 487
54 40 932
46 50 565
53 57 441
99 29 501
33 10 605
21 39 276
41 10 802
32 8 621
94 35 635
84 77 759
15 48 792
42 56 153
94 30 752
24 86 348
32 71 333
23 72 311
30 75 312
50 87 814
58 95 250
65 6 806
38 36 586
4 77 687
62 40 419
98 36 108
77 86 527
10 40 909
38 81 998
29 47 340
81 96 895
91 98 586
47 27 213
16 78 343
59 63 529
2 57 669
10 49 502
85 45 183
99 79 587
52 54 199
76 70 537
97 49 309
66 21 601
28 9 867
2 30 238
54 70 572
1 39 675
3 53 559
0 22 608
4 87 500
32 34 445
44 89 803
23 28 528
10 66 845
47 9 329
65 96 309
57 87 560
75 77 467
95 12 157
56 90 939
2 35 363
79 69 118
63 2 966
99 14 143
4 72 307
31 9 822
38 19 271
19 46 618
37 93 813
33 41 619
15 47 704
42 30 230
73 6 485
25 14 422
95 83 507
71 96 876
66 27 871
86 23 249
82 35 881
61 49 321
97 54 759
73 81 862
95 0 958
45 83 849
36 38 808
22 51 270
37 0 803
49 50 113
90 27 359
97 14 140
31 21 975
28 79 495
12 81 951
70 7 418
80 27 792
12 39 345
27 93 619
0 61 210
8 93 378
93 96 638
75 98 137
16 65 523
95 93 666
48 48 621
31 92 386
23 30 582
82 85 438
39 17 502
9 71 838
42 0 988
13 52 744
43 85 235
21 36 876
6 31 499
27 27 580
75 91 437
74 1 806
82 53 847
68 7 812
89 9 960
67 54 603
49 81 685
20 60 370
0 24 889
29 16 528
8 97 497
73 65 328
44 21 579
39 25 770
93 77 345
17 36 389
91 81 264
78 86 963
56 16 681
61 69 450
6 54 579
2 19 962
42 5 844
89 47 854
0 94 713
63 55 433
88 16 255
84 56 223
20 79 354
24 25 351
88 61 846
66 71 406
10 26 180
23 12 122
95 46 681
55 20 200
69 59 393
57 17 335
34 46 634
59 97 900
78 43 719
30 46 778
83 9 974
10 55 440
70 39 776
35 63 100
60 52 570
61 72 191
99 15 910
42 88 253
60 45 378
60 7 836
30 21 139
97 66 930
49 74 492
45 29 757
7 50 510
39 76 765
53 90 872
60 35 134
9 70 353
27 45 644
75 56 865
80 98 398
22 44 505
20 55 150
30 7 894
77 74 618
72 45 185
99 10 631
95 64 367
23 34 817
62 16 558
18 99 462
59 30 513
45 70 715
84 22 761
19 15 814
86 46 192
77 95 809
51 90 917
58 92 492
57 55 868
0 41 573
56 40 123
20 76 337
40 41 130
79 20 755
72 73 969
17 97 356
20 9 458
55 50 428
48 21 504
69 36 256
2 27 212
36 45 183
79 15 197
77 50 174
29 37 829
62 15 235
54 15 220
5 27 305
95 79 954
18 70 258
4 71 267
58 92 472
9 38 107
1 4 678
85 9 385
2 67 597
60 5 511
57 19 720
43 22 547
75 50 876
17 78 394
45 23 195
91 42 992
14 79 818
89 96 412
69 96 629
19 10 128
67 2 448
44 43 111
20 92 536
90 42 834
26 41 430
10 72 569
32 59 865
68 59 996
13 62 714
82 86 494
89 32 432
9 79 228
8 63 395
40 40 633
73 81 699
37 71 477
5 5 295
58 72 286
15 23 141
20 79 660
44 31 523
48 73 672
0 99 196
59 28 410
17 21 178
98 3 200
55 18 551
22 46 934
71 57 135
29 86 636
76 97 227
22 25 252
46 52 803
70 48 368
58 96 627
66 35 968
39 31 427
77 73 608
71 22 275
29 54 609
45 16 377
65 40 561
38 61 734
46 60 851
71 2 325
73 21 974
86 80 978
86 33 698
24 67 847
84 16 811
87 46 944
36 81 917
69 97 117
37 51 374
93 57 215
31 18 794
65 80 982
20 46 756
31 86 898
6 77 253
88 95 840
70 64 980
49 95 219
84 26 156
24 12 885
79 15 622
95 19 161
31 42 601
56 9 523
6 39 582
61 10 916
94 36 475
71 55 953
84 79 920
29 67 532
77 35 654
11 43 826
73 26 149
80 67 863
79 97 994
43 59 804
55 45 528
17 91 900
46 83 169
34 98 590
59 61 856
69 86 569
62 50 209
67 9 841
12 51 813
21 30 565
89 3 979
31 6 632
3 33 584
83 59 997
70 56 539
42 27 467
66 8 660
37 83 926
13 31 490
78 40 461
67 87 435
46 79 755
19 81 770
80 10 304
80 86 148
98 70 403
90 27 548
89 52 113
97 82 559
0 71 711
96 19 893
75 34 460
63 39 935
85 24 275
90 33 230
28 73 506
99 95 899
44 12 754
48 56 365
55 70 696
46 58 476
89 2 539
59 30 552
63 70 271
65 3 867
61 3 840
30 68 491
18 28 872
63 76 906
61 54 338
84 6 871
39 87 257
8 10 938
83 87 412
14 53 390
20 98 360
8 95 218
41 73 850
52 70 643
9 55 379
36 57 1000
30 20 903
59 41 673
73 20 605
48 89 933
47 23 171
10 75 397
37 60 990
57 95 561
43 17 380
74 25 475
4 21 669
82 3 402
80 36 646
63 2 592
8 48 349
89 51 986
99 28 629
39 40 340
55 22 839
68 45 345
86 26 307
67 28 559
2 93 964
57 82 924
62 22 828
46 62 896
11 85 689
47 82 778
91 47 423
53 85 586
37 35 471
50 24 618
28 18 750
96 58 935
13 42 121
22 4 868
11 82 377
18 9 225
84 25 877
34 25 861
16 37 544
97 15 936
39 78 299
53 96 944
96 79 198
71 45 101
34 26 635
64 59 293
22 47 929
13 20 241
58 48 219
79 32 584
49 83 880
44 7 593
31 63 912
58 51 908
87 94 393
49 64 901
46 51 457
17 57 631
73 47 514
31 78 360
39 90 190
12 89 422
37 27 880
52 8 661
45 50 835
80 30 192
36 99 630
74 96 738
23 18 476
48 8 774
19 99 903
11 62 926
72 75 642
15 18 167
8 53 661
63 65 427
65 42 754
53 53 814
7 11 352
95 9 645
90 72 596
43 9 864
21 32 243
50 59 439
55 14 376
16 28 765
50 84 286
12 67 817
50 10 188
53 84 903
12 72 834
14 81 711
16 77 812
62 29 162
25 73 500
62 52 876
49 27 919
27 93 163
40 11 263
7 53 125
51 70 694
92 38 363
97 86 419
91 25 629
0 4 563
6 53 943
68 22 242
13 33 569
75 31 641
82 25 911
53 86 353
79 81 821
16 96 789
56 13 530
31 7 528
7 75 329
91 60 518
85 77 571
34 60 419
23 64 561
72 72 298
85 34 712
34 25 124
41 4 705
41 83 722
84 33 516
98 79 777
4 90 113
64 26 163
32 20 374
74 21 816
48 56 196
93 40 899
90 21 559
83 21 679
16 35 774
28 98 195
13 43 355
47 30 962
20 2 725
83 31 194
8 25 446
14 66 387
23 85 705
7 21 939
15 99 759
8 2 591
76 58 189
17 15 469
48 77 323
60 18 652
69 94 634
92 53 858
27 95 361
11 13 345
71 50 166
5 34 268
76 98 605
44 45 511
28 32 996
85 66 869
91 5 291
3 42 211
62 86 105
26 99 915
14 25 305
51 88 806
61 6 251
72 59 570
8 92 585
86 71 749
98 15 390
88 43 447
73 98 338
73 69 559
12 97 943
37 78 475
98 63 297
74 82 123
21 28 165
82 5 381
44 15 363
37 6 481
56 29 524
32 53 879
38 54 257
45 12 397
13 24 449
12 29 840
65 83 410
45 12 517
15 89 958
85 56 992
48 65 710
81 80 573
96 67 446
9 46 481
51 52 551
1 3 506
9 22 557
43 5 353
83 88 569
34 17 168
21 72 576
58 86 295
79 4 719
64 91 660
62 31 508
67 10 538
92 25 764
72 21 997
57 44 460
93 78 869
48 84 767
78 1 176
64 52 400
14 45 404
84 26 628
5 80 631
30 78 813
0 91 355
36 18 649
77 60 484
21 62 846
0 51 219
58 31 725
21 72 867
95 25 540
31 6 159
41 27 121
65 71 325
48 87 593
24 39 239
87 71 790
27 70 964
48 55 306
0 40 172
59 63 671
43 42 987
77 44 269
7 50 593
58 38 515
36 22 600
50 53 713
82 46 672
2 66 586
10 70 355
11 13 167
6 63 896
68 92 938
36 70 890
68 63 396
15 67 515
50 27 643
4 99 386
58 8 812
59 47 118
13 57 168
76 70 482
86 90 271
36 44 931
90 35 150
39 94 963
34 77 230
72 56 544
44 11 183
63 64 302
15 7 505
54 93 802
93 30 124
94 22 805
47 59 804
46 38 990
65 59 996
3 22 275
41 93 640
57 12 509
52 67 436
64 16 325
36 75 322
0 29 519
51 40 320
65 43 480
39 74 902
94 74 333
73 96 858
24 52 536
72 38 980
12 19 348
82 23 283
1000 55 38 95 47 986 19 84 85 94 551 76 6 99 53 317 23 63 34 95 965 39 21 81 21 316 90 32 94 68 607 8 16 29 16 947 42 53 91 96 311 20 62 80 92 617 94 54 97 56 414 82 25 87 97 135 74 18 79 30 179 67 21 76 93 475 60 14 94 42 305 1 17 51 27 159 6 35 35 82 814 9 8 80 19 230 69 7 78 90 547 74 68 88 92 461 45 0 94 4 101 34 9 36 31 418 2 84 51 85 431 28 98 89 98 517 91 16 97 60 928 46 96 87 96 508 15 24 77 53 523 34 84 83 85 924 55 48 99 75 130 32 30 92 71 794 58 57 97 73 536 7 93 69 93 214 88 67 95 83 784 96 16 98 56 698 2 55 76 85 815 40 28 66 37 326 66 40 77 55 723 26 3 84 50 502 29 52 95 99 90 33 41 79 92 816 61 85 84 85 737 26 40 82 97 5 43 13 83 96 950 65 91 91 96 467 8 24 98 58 152 89 36 97 39 29 60 94 92 96 50 90 82 95 91 127 72 64 79 77 876 17 31 38 69 10 14 89 14 96 319 67 78 94 96 272 69 85 70 99 753 81 78 98 97 860 76 82 98 84 602 84 28 93 35 449 82 18 90 99 735 4 95 15 96 906 49 24 87 85 70 54 23 81 60 496 80 52 84 87 668 47 75 61 99 459 55 8 70 13 25 81 15 81 18 203 58 91 95 91 1000 21 0 60 77 548 39 77 42 81 319 69 40 98 92 345 50 70 81 86 374 50 62 98 88 150 71 84 79 86 870 39 25 59 75 596 22 81 24 92 553 25 13 43 43 404 8 59 96 83 611 22 49 28 76 984 42 83 94 86 14 9 43 95 52 637 41 19 51 60 462 38 20 75 33 360 87 76 93 88 720 12 8 25 27 132 89 91 97 93 375 63 96 94 99 191 83 0 99 87 394 71 82 93 99 434 67 78 91 97 751 49 52 93 74 802 17 78 85 96 232 85 32 92 74 260 0 79 68 92 411 55 80 81 80 284 41 58 77 97 105 42 86 79 90 783 20 30 46 65 163 2 68 64 90 411 91 51 92 77 105 84 97 84 99 750 22 67 23 96 469 58 20 94 85 474 39 4 63 48 808 62 43 88 48 805 46 94 64 94 503 35 79 57 88 229 55 64 73 68 500 34 89 34 92 986 45 87 77 89 703 25 28 48 82 351 73 42 77 86 180 64 61 97 65 922 94 42 98 70 653 59 95 73 96 405 50 7 65 30 468 29 87 38 89 919 69 50 69 60 858 90 97 97 97 250 61 31 91 66 148 56 30 80 85 716 89 59 95 84 627 89 86 92 94 633 96 44 97 85 582 2 73 92 82 649 70 2 87 7 452 80 26 87 44 374 91 94 95 99 501 0 48 68 49 914 13 94 69 99 851 43 91 88 96 512 27 39 99 64 974 72 22 84 73 637 45 39 88 96 179 50 48 63 67 777 49 65 87 88 168 43 83 68 96 198 42 4 90 89 289 84 88 90 94 237 70 63 76 92 106 14 13 34 50 497 46 10 65 48 18 40 62 77 83 663 62 95 90 95 968 8 69 58 80 317 80 6 81 21 167 32 5 40 49 835 72 94 80 99 401 43 73 95 82 500 58 13 73 95 55 77 82 78 84 971 29 61 43 97 917 96 83 98 86 533 17 84 60 99 704 50 12 63 65 975 54 89 93 90 724 72 86 84 98 664 34 42 94 83 548 17 27 68 81 357 95 47 98 99 760 72 61 74 68 141 51 34 81 36 768 21 16 72 73 107 56 63 62 86 779 45 30 82 63 320 5 90 84 98 167 84 90 98 93 429 2 2 73 59 275 37 62 96 62 119 76 36 99 78 503 31 92 32 98 746 80 78 93 89 321 92 68 96 78 655 80 26 98 39 566 93 92 94 95 738 33 33 73 53 271 32 14 32 21 154 31 66 84 78 789 7 14 62 36 656 80 26 82 54 845 82 68 92 68 584 48 84 54 93 347 69 70 96 72 709 25 96 64 99 103 7 45 80 96 924 78 13 90 43 383 58 62 99 66 22 2 49 83 62 734 49 88 91 94 27 83 87 92 92 247 52 68 81 97 108 93 54 94 78 824 83 63 84 86 503 81 5 85 87 492 57 74 65 83 752 29 47 32 52 566 42 35 73 59 774 46 36 86 39 834 9 17 40 55 865 57 26 73 38 764 34 87 43 93 255 81 23 92 98 532 97 84 98 95 631 63 33 91 91 504 5 17 37 86 227 51 81 96 85 972 20 66 54 76 403 56 76 72 83 270 86 44 93 67 586 60 74 94 95 350 27 44 88 90 134 18 86 28 95 545 14 82 93 88 669 62 79 62 90 910 71 59 81 69 737 7 70 27 78 629 58 66 66 90 253 83 10 92 64 250 33 96 65 96 181 29 95 79 95 606 92 53 97 58 516 96 85 96 86 331 32 37 47 51 548 28 81 78 95 769 46 58 62 94 397 70 98 83 99 600 66 43 69 97 820 48 47 51 52 35 50 42 80 46 181 87 65 99 75 125 43 51 90 67 652 86 94 86 98 966 50 84 79 85 31 84 74 94 84 252 47 58 63 67 967 23 21 78 89 230 23 41 90 99 907 96 89 98 90 637 83 21 86 31 55 6 61 36 82 342 84 48 97 62 388 52 16 63 33 177 7 39 33 97 94 22 92 89 93 474 13 86 23 96 718 4 36 97 54 56 26 71 76 94 791 26 2 38 52 633 2 96 86 99 959 6 1 87 29 345 48 81 53 81 211 59 40 81 46 10 94 54 97 64 748 0 71 54 80 345 22 77 91 95 978 7 9 45 13 419 39 21 79 67 197 70 56 72 56 504 78 46 82 62 726 27 41 52 74 491 14 27 72 66 377 75 47 84 84 125 17 64 60 89 484 25 51 87 79 276 71 72 92 78 265 42 73 86 89 265 60 73 60 82 798 98 85 98 96 107 97 41 97 83 644 94 18 98 70 541 36 75 90 90 359 67 7 85 93 278 59 74 94 85 509 37 71 37 77 352 61 89 69 89 338 13 3 73 35 638 89 60 93 81 524 60 18 87 54 524 40 62 83 62 830 47 39 69 52 776 47 22 94 81 600 49 7 83 54 48 68 80 86 90 705 58 44 66 82 846 46 27 94 87 627 89 88 97 88 939 96 18 99 33 23 86 18 92 23 126 75 10 90 55 718 63 94 93 97 575 38 4 75 96 161 53 97 63 99 383 9 35 71 71 48 82 15 99 90 132 81 43 99 63 390 29 2 78 11 469 95 67 99 99 542 45 62 98 92 166 51 79 89 80 536 20 85 45 93 160 31 48 45 64 635 60 62 70 92 108 57 18 70 58 885 7 92 41 98 506 91 65 94 90 565 69 15 99 40 123 95 64 97 70 834 84 86 91 94 602 1 95 82 96 415 57 2 67 67 493 36 21 64 46 27 96 92 97 99 25 61 63 78 89 152 1 88 54 96 280 39 42 75 81 253 86 38 90 76 928 26 43 70 86 163 6 22 80 43 857 13 29 63 41 940 80 37 81 58 18 65 94 70 97 233 78 76 81 79 597 40 38 59 48 62 52 50 62 79 8 41 90 92 91 539 48 11 99 82 42 60 61 78 62 177 54 44 67 47 268 20 44 79 83 858 56 55 82 81 291 73 75 74 75 122 89 77 99 87 19 2 22 75 48 60 32 63 64 93 877 44 87 82 99 872 12 45 12 63 879 29 79 97 91 342 11 87 44 93 92 15 68 24 86 902 82 42 94 42 208 6 77 57 97 197 25 2 33 65 664 14 69 36 70 214 37 51 71 67 863 23 31 60 77 883 50 41 82 65 45 78 33 85 54 245 1 69 47 94 222 44 59 93 67 757 92 14 93 70 484 42 20 77 41 705 93 94 99 98 169 23 40 94 59 425 15 8 22 69 220 47 49 67 78 38 19 1 28 62 230 58 39 75 65 341 41 17 53 37 536 60 31 62 36 799 64 51 85 89 849 48 9 81 59 540 97 75 97 82 386 32 73 48 97 354 56 22 60 56 425 82 20 92 78 140 13 34 40 38 593 30 97 59 98 494 18 19 64 65 788 58 19 73 37 511 12 80 81 91 609 7 85 79 98 801 7 11 17 12 649 67 37 86 54 322 38 27 63 54 905 45 16 58 16 77 42 16 43 66 574 10 58 64 80 239 12 91 63 97 201 54 21 86 75 256 95 36 99 62 705 87 85 97 98 679 45 88 74 98 680 2 88 9 89 816 38 80 40 87 249 29 89 82 99 444 47 91 70 96 881 91 20 99 43 511 45 63 56 79 43 68 36 80 81 513 28 68 31 93 966 4 92 53 96 18 97 83 99 92 25 96 67 96 86 206 20 88 88 99 221 88 32 96 59 921 76 3 77 70 722 12 2 58 14 264 80 29 81 87 325 43 15 65 70 508 5 87 18 94 953 78 48 96 81 200 4 70 60 89 946 23 57 44 75 883 2 30 28 41 318 28 25 69 47 470 51 28 58 39 67 79 18 79 26 687 91 76 95 79 795 56 43 92 66 298 31 45 60 92 511 18 23 90 67 706 18 71 57 97 851 75 48 84 72 420 63 93 93 96 765 48 57 60 90 474 15 34 64 70 55 43 70 93 73 467 38 64 80 75 101 25 12 83 98 957 66 57 83 96 414 29 57 76 75 353 8 47 15 79 205 37 80 96 81 168 30 88 45 90 595 4 66 45 78 434 67 86 83 93 946 82 49 96 74 565 2 30 73 30 193 12 56 93 87 770 63 14 65 76 684 36 93 44 96 312 6 40 88 88 432 3 5 31 92 348 1 14 47 80 321 0 22 36 38 663 20 9 36 69 926 57 84 80 90 966 55 5 82 80 104 85 39 89 96 274 6 82 68 89 105 93 96 96 98 979 11 16 31 60 749 49 69 96 74 169 19 38 21 80 202 50 49 59 79 836 2 67 60 94 573 47 8 96 26 372 78 59 82 81 570 52 95 70 96 181 16 72 72 88 59 49 29 71 95 839 21 17 66 61 383 13 74 22 85 90 90 95 92 95 778 48 25 95 78 855 4 41 32 55 783 9 61 63 62 422 19 74 23 98 930 46 76 70 80 853 39 13 56 94 559 77 13 94 88 271 75 2 76 85 975 88 87 92 87 357 86 14 98 19 282 41 43 51 98 483 32 83 87 92 756 20 44 56 57 432 35 72 54 93 944 26 40 30 93 217 72 18 89 84 676 55 98 68 98 833 68 14 89 82 98 32 22 53 55 832 22 47 64 59 408 92 21 98 33 21 86 1 91 53 674 79 76 87 93 754 73 14 98 33 550 31 90 96 90 63 31 93 74 97 968 89 84 97 89 651 47 8 55 22 832 27 76 75 86 842 42 18 49 81 935 57 19 82 65 923 23 19 32 57 729 68 46 99 99 147 58 14 96 92 676 58 16 87 23 331 77 4 98 21 726 82 49 87 58 367 45 95 60 99 733 1 33 45 39 98 20 7 44 33 366 96 73 97 81 573 88 69 99 90 580 29 10 48 55 457 57 41 98 62 564 58 60 66 60 273 93 25 95 67 608 22 74 42 87 456 2 42 44 64 542 8 56 37 85 869 89 37 98 92 313 6 53 92 99 474 36 76 91 92 424 0 76 92 99 965 97 66 99 69 62 60 18 92 92 478 6 80 30 90 154 87 94 89 98 543 22 1 37 80 975 95 1 98 54 427 24 17 68 30 707 29 31 37 36 746 65 51 75 67 781 23 61 23 63 399 49 55 93 89 830 29 47 75 86 99 69 63 89 65 927 66 12 90 72 76 27 91 37 94 412 35 11 98 55 328 42 67 89 84 468 88 80 91 83 580 4 75 73 77 508 38 41 72 83 89 93 4 98 29 660 94 49 97 55 127 7 72 11 75 319 82 34 88 62 374 76 25 88 86 138 83 11 85 68 170 1 62 73 78 373 64 98 91 99 10 85 51 96 79 362 32 71 53 98 2 28 49 46 94 195 92 88 97 89 256 40 42 67 90 495 79 88 98 91 527 83 51 92 84 879 46 33 96 48 490 25 9 39 36 37 38 24 54 71 644 56 51 59 99 430 37 91 72 92 296 14 11 25 96 836 28 49 86 60 621 83 21 93 80 969 42 34 50 59 810 1 51 15 95 38 4 28 47 66 203 10 66 38 98 478 46 13 46 50 358 64 53 93 91 168 23 78 87 93 396 91 87 92 97 259 28 27 95 29 60 5 84 84 92 710 2 93 76 94 704 94 25 94 54 825 69 77 77 86 319 94 9 96 52 757 4 77 48 82 32 48 73 99 84 136 79 34 84 54 152 6 54 25 84 757 78 43 81 95 173 1 86 53 89 688 40 73 62 79 234 28 24 82 61 458 38 93 53 99 315 54 92 57 92 708 74 29 80 45 807 85 48 87 61 49 4 59 90 64 563 5 14 6 70 479 13 27 54 81 205 9 34 73 90 331 59 35 96 40 891 37 52 77 71 199 13 65 32 87 230 16 29 42 72 669 21 26 56 98 324 70 24 70 32 549 56 11 96 68 319 25 73 25 94 207 15 17 17 80 578 5 97 10 98 922 25 18 68 96 842 47 6 65 7 911 5 6 6 63 502 77 97 86 98 598 35 98 65 99 8 91 11 99 30 435 30 79 35 99 28 52 35 96 66 9 75 27 79 71 595 35 23 53 29 898 64 4 69 37 125 32 19 52 35 467 51 47 61 82 650 65 10 74 37 465 85 14 97 51 978 67 27 90 94 892 77 4 99 45 433 97 32 98 37 490 72 49 84 71 620 8 54 37 83 575 22 65 26 86 216 56 30 99 47 800 65 97 82 97 162 63 73 67 96 731 72 72 83 87 694 60 33 90 45 798 48 8 93 59 578 36 46 73 69 80 14 58 20 84 513 35 25 64 33 635 66 34 91 46 693 84 44 86 58 732 90 28 97 40 948 24 43 48 85 382 40 15 46 88 19 64 36 83 78 105 72 25 72 92 89 57 2 60 6 49 78 85 78 92 725 32 35 96 57 739 71 32 72 54 536 86 67 98 90 638 15 71 21 91 318 62 25 72 44 999 86 93 94 97 252 67 38 98 88 406 28 33 70 96 308 57 73 92 91 394 85 22 99 48 881 89 39 94 52 115 41 23 50 69 705 2 47 22 48 155 18 92 41 92 942 17 87 80 94 501 44 54 59 98 183 52 53 77 81 578 3 50 21 84 726 78 69 86 69 642 81 28 85 80 889 20 71 57 97 982 98 14 99 69 123 74 30 91 46 863 33 46 58 80 515 58 55 80 66 696 51 42 86 83 488 15 65 21 98 375 32 49 79 89 114 17 81 84 96 981 11 27 26 54 987 94 73 95 93 606 6 62 96 71 784 31 12 43 47 766 96 65 97 96 444 44 82 56 91 505 37 97 66 98 170 60 12 64 67 409 37 2 86 71 252 88 81 92 92 588 52 93 71 96 2 33 91 52 97 31 14 79 88 98 344 96 69 98 72 706 95 6 97 99 356 79 66 79 99 104 86 14 88 54 321 86 44 91 99 851 53 15 94 23 335 94 85 97 93 215 17 47 89 49 418 46 42 92 49 943 21 72 79 84 136 29 87 36 98 546 82 30 89 54 160 14 41 46 69 144 18 63 96 65 918 98 3 98 20 846 25 24 55 39 277 44 10 61 86 948 47 52 58 66 176 7 49 45 74 984 98 94 99 99 105 76 38 80 66 756 56 82 80 86 949 86 20 87 53 119 25 64 37 73 595 40 81 49 87 765 64 93 99 93 407 63 84 88 97 445 34 48 43 87 431 87 83 89 87 316 37 79 85 87 322 49 94 92 99 703 26 39 58 76 680 8 39 74 82 241 21 36 72 37 811 78 17 86 39 881 46 47 52 87 254 69 23 83 52 954 18 7 69 58 834 5 68 76 84 314 56 57 74 71 108 16 5 31 29 996 89 64 96 70 340 38 8 70 59 130 18 92 68 98 599 60 85 87 99 298 84 47 94 81 89 47 67 99 82 975 48 60 88 79 454 70 26 79 35 484 0 71 87 89 521 60 24 91 46 455 63 45 74 78 392 90 40 93 99 7 11 16 46 89 194 20 88 21 89 383 69 75 90 97 290 39 24 77 86 195 39 45 55 68 536 89 38 97 65 63 57 37 76 97 184 49 50 90 96 991 88 98 97 98 960 35 35 65 58 809 34 28 65 71 514 8 82 37 87 971 91 90 98 91 493 66 36 66 54 142 19 67 85 89 325 49 36 75 50 246 96 11 99 17 867 85 50 94 82 991 27 11 99 38 262 28 37 60 53 224 71 90 92 94 879 32 56 65 88 224 97 85 99 91 930 82 26 87 81 319 24 48 65 79 736 15 2 21 80 624 12 95 83 97 654 79 0 87 43 47 50 22 50 43 927 87 14 97 69 157 89 37 95 93 899 35 46 46 97 972 84 73 97 91 201 16 3 44 13 167 35 19 98 36 742 12 76 17 79 804 57 35 72 50 881 69 34 77 93 366 19 56 41 97 681 6 37 39 84 22 95 68 97 76 118 56 67 67 87 177 12 52 99 97 357 70 15 99 58 705 23 27 34 89 705 76 1 76 52 410 66 29 85 77 775 41 5 55 34 704 83 77 89 95 193 23 33 25 45 733 96 46 99 54 206 34 86 39 90 509 80 82 92 89 38 73 62 82 95 931 52 13 78 98 300 32 82 97 92 237 95 16 96 32 70 84 47 91 56 356 62 33 70 49 768 86 42 92 90 385 90 13 97 20 680 3 48 59 91 277 73 22 99 94 230 90 92 96 95 542 46 4 72 59 250 50 5 53 43 309 13 81 13 84 549 74 45 96 80 998 53 73 54 83 797 2 2 34 72 266 77 92 87 95 72 9 85 72 92 852 63 20 71 59 611 25 49 96 56 796 7 94 91 94 795 11 1 85 46 936 97 5 97 38 492 86 65 87 95 682 98 86 99 99 519 81 49 97 74 725 36 17 55 70 536 84 55 99 73 952 19 0 75 62 93 16 82 38 95 233 83 89 99 94 803 22 84 68 84 728 7 82 92 99 764 15 21 22 85 553 51 44 77 47 742 31 69 63 93 300 64 79 82 86 277 75 19 83 67 535 37 52 76 86 840 82 41 85 62 753 47 15 97 69 337 19 98 83 98 976 16 39 55 64 412 46 57 86 62 25 24 66 82 81 404 3 96 37 98 251 11 90 30 95 843 58 29 91 44 334 72 59 78 97 347 17 92 65 92 154 72 41 81 58 86 87 61 98 98 334 48 81 52 91 58 87 9 91 9 24 24 50 25 82 137 5 58 82 62 633 27 39 40 73 225 98 2 98 43 239 19 7 60 24 775 88 49 97 87 242 63 30 84 55 773 95 90 96 93 395 49 61 91 66 721 77 4 81 33 468 98 8 98 60 476 37 54 96 78 822 0 10 90 21 873 95 39 99 82 145 30 52 70 72 771 23 82 43 89 58 44 82 93 96 182 97 47 98 54 138 75 33 76 67 777 49 16 88 83 527 18 33 97 45 904 17 72 54 83 32 47 45 50 81 337 39 84 93 88 240 4 82 32 92 14 37 41 67 81 638 6 15 14 74 629 57 64 87 83 747 55 35 61 36 744 33 59 65 98 227 48 95 86 98 887 13 10 82 78 744 24 21 80 45 896 37 85 80 94 446 38 35 46 58 136 7 83 54 86 684 2 73 92 89 627 90 11 91 27 28 46 14 49 89 223 92 79 96 85 465 36 25 58 73 203 86 77 99 92 644 91 93 98 97 368 38 90 58 90 216 15 42 66 80 788 88 36 91 46 553 73 9 77 17 638 72 38 98 38 134 27 55 86 91 293 7 74 40 91 564 39 19 90 45 193 73 10 79 36 41 53 12 90 94 604 15 15 73 44 90 38 66 63 95 582 98 84 98 94 448 77 57 97 89 620 41 8 44 96 106 50 34 85 77 512 13 50 71 63 661 29 9 82 74 570 41 64 89 82 200 89 76 98 97 456 46 21 80 39 618 57 74 81 85 74 60 67 67 76 746 4 95 11 96 950 5 65 85 80 234 69 7 89 83 730 11 31 28 69 448 48 16 63 29 266 7 36 79 90 158 27 47 33 65 474 98 66 98 99 961 46 50 58 91 751 86 70 88 73 584 20 87 37 96 897 73 69 86 94 408 17 8 68 88 358 27 84 70 98 356 32 83 37 94 314 68 52 91 61 617 43 88 56 92 370 61 65 86 67 596 69 71 71 93 168 22 9 65 69 976 45 80 51 82 155 3 22 56 29 19 5 2 94 60 159 61 5 74 80 539 22 82 28 88 76 73 38 84 90 451 89 60 93 65 370 45 16 98 90 580 3 77 81 97 317 42 7 87 40 370 32 72 61 81 391 32 73 73 80 280 76 66 99 99 344 81 84 94 93 170 84 72 84 81 446 0 78 74 91 748 33 54 43 61 100 80 62 84 85 258 62 14 78 19 657 14 25 95 76 798 93 73 96 88 296 76 9 94 39 278 16 16 59 49 266 46 77 49 82 909 98 26 99 86 627 24 51 39 61 346 52 62 80 93 621 38 96 79 97 253 43 22 50 55 194 92 92 92 96 558 4 96 65 98 344 90 92 97 92 480 75 35 90 76 496 88 26 88 66 758 3 34 35 34 576 4 70 8 89 660 62 51 82 67 110 36 84 49 87 429 47 24 81 79 824 27 56 67 86 800 9 44 39 64 750 7 76 67 96 34 7 83 62 97 648 47 12 75 51 730 51 84 88 90 539 93 51 96 51 856 97 3 99 25 194 53 91 54 99 507 60 56 74 78 643 11 74 82 87 623 98 73 98 84 855 80 55 85 70 926 16 43 46 57 208 81 74 91 80 287 28 15 38 95 811 70 9 98 64 733 32 58 81 79 243 98 6 98 41 372 74 84 81 91 112 15 84 56 89 583 33 69 70 72 580 77 74 83 88 285 27 70 62 75 947 88 7 95 14 283 7 88 32 92 252 4 73 96 81 246 30 87 73 94 837 94 97 99 97 617 1 27 51 98 892 64 44 69 57 209 93 34 96 66 299 30 51 40 68 745 19 4 94 21 740 45 66 60 90 878 72 53 99 98 27 75 47 77 63 28 33 46 92 53 648 47 16 64 25 403 10 43 60 45 774 95 6 99 56 492 59 23 59 35 37 87 45 99 66 282 58 34 88 35 69 98 68 98 93 506 72 23 77 87 447 10 17 42 88 351
1000 66 39 93 62 583 59 69 68 90 510 32 23 48 71 870 43 82 81 95 538 73 18 73 23 463 13 56 38 76 478 18 76 74 86 765 15 67 15 73 318 21 36 56 46 725 98 60 99 80 303 3 45 23 70 397 1 8 55 90 680 25 0 40 46 534 85 24 91 25 758 39 61 86 98 429 1 58 13 74 698 13 24 36 98 807 15 63 56 84 497 91 71 97 88 314 67 84 86 95 525 35 6 99 70 37 40 25 59 83 6 89 29 93 75 323 66 84 67 95 171 36 82 89 85 924 70 47 86 66 291 45 97 82 98 646 84 53 94 89 82 11 38 42 57 111 47 51 60 62 221 87 20 99 68 902 86 71 87 88 189 34 57 55 84 416 23 11 36 81 367 53 24 82 48 901 46 80 62 87 959 97 35 97 52 990 86 39 94 95 34 5 17 22 55 471 73 14 99 30 316 34 44 74 70 180 28 64 48 96 333 76 72 80 93 400 84 76 94 99 439 2 0 92 83 6 41 72 72 99 435 16 83 20 97 299 31 97 96 98 980 34 33 96 49 384 82 93 94 93 826 80 37 90 55 485 51 40 87 58 259 6 52 68 77 497 64 54 71 90 541 37 14 71 37 254 16 96 95 96 900 50 53 57 57 960 56 29 59 33 896 58 23 75 68 261 9 32 15 45 594 12 77 85 90 712 70 18 96 70 598 61 22 81 57 518 43 95 79 99 61 5 34 60 74 399 44 22 93 64 657 51 49 55 78 594 87 69 89 87 361 86 26 86 58 893 3 49 88 51 335 42 85 79 86 33 36 0 39 46 33 10 20 12 74 750 25 30 68 54 238 17 43 51 91 992 45 2 64 80 280 3 16 4 45 326 21 9 91 33 409 34 91 98 95 754 83 47 90 91 115 68 39 98 47 260 70 71 90 79 462 23 80 80 90 607 46 74 74 88 104 10 33 63 44 876 47 32 91 79 773 95 82 95 82 813 57 28 73 90 653 67 98 85 99 88 96 58 99 75 100 80 15 83 93 888 57 2 73 63 19 67 82 69 91 879 74 34 95 79 527 10 63 66 84 739 37 16 96 30 15 16 45 86 97 15 32 6 80 96 86 80 58 86 85 483 33 48 79 56 783 37 41 86 88 391 33 5 38 80 860 93 33 94 54 235 6 60 51 61 757 15 37 48 98 834 83 67 89 68 171 45 26 74 48 827 47 13 91 42 701 67 15 91 72 780 76 81 85 83 927 43 24 63 36 206 57 17 90 98 6 64 65 96 78 985 40 18 97 27 806 8 51 60 73 363 89 12 97 57 41 27 17 96 96 289 49 69 53 85 847 80 74 85 96 376 73 43 91 80 338 40 27 72 30 417 69 79 76 80 282 75 28 92 39 753 83 64 93 98 756 91 92 91 95 20 47 8 87 8 155 89 66 92 78 245 36 64 74 69 103 52 67 56 96 503 50 16 99 78 78 27 66 34 68 470 35 73 96 91 18 82 28 93 77 463 7 5 83 15 664 68 36 94 80 538 82 40 88 89 798 21 56 84 73 114 81 51 92 92 223 21 2 64 80 627 91 67 96 68 587 73 39 82 97 885 53 44 86 63 653 51 53 67 65 179 34 41 68 50 694 69 48 78 89 855 92 8 93 50 576 30 46 74 79 129 51 1 87 38 788 57 38 75 48 235 77 95 85 95 685 23 6 80 98 706 28 41 75 60 543 22 21 38 87 368 41 76 55 86 126 71 88 93 98 196 97 69 97 82 997 13 60 48 93 232 82 38 96 63 199 66 63 77 72 190 9 76 95 89 316 23 97 87 97 649 75 56 95 94 568 0 92 52 97 345 32 53 40 89 565 34 51 83 78 751 36 54 83 99 454 28 87 83 90 485 42 29 69 49 208 78 84 83 85 988 93 46 93 47 228 26 48 64 59 698 57 81 66 92 884 84 19 86 56 351 90 51 98 98 593 3 14 57 51 387 40 41 63 89 466 54 0 54 70 280 29 11 67 67 168 14 76 32 92 117 4 48 31 99 831 24 49 94 58 773 76 69 89 72 380 30 60 89 77 131 11 65 23 80 637 14 15 16 80 370 1 35 15 84 496 9 42 82 78 37 24 41 35 53 362 73 1 73 53 318 65 89 94 96 621 32 47 97 73 407 87 30 96 65 868 75 34 99 63 283 79 19 99 97 310 76 3 80 42 895 28 4 70 94 855 85 82 98 84 839 84 45 91 68 276 18 94 57 96 294 78 10 81 51 604 93 67 99 80 723 76 41 94 81 545 5 5 63 63 868 26 82 40 84 768 91 53 97 98 756 19 48 53 72 951 48 17 81 31 723 16 92 87 94 254 46 28 78 89 116 26 6 65 40 530 36 42 63 57 81 35 35 79 52 173 48 28 55 91 979 42 38 89 96 868 79 89 96 90 544 42 2 91 13 632 35 87 60 96 52 25 68 59 92 921 41 72 98 95 477 17 37 30 81 746 32 98 37 98 431 40 55 81 56 840 71 65 93 87 68 31 16 94 23 139 44 9 91 21 435 7 51 31 81 907 82 15 91 18 610 35 39 93 42 725 10 94 54 94 758 90 29 98 31 367 50 35 76 36 444 50 52 75 72 682 35 19 82 34 978 78 47 98 80 695 13 46 72 91 666 60 31 88 50 480 86 34 98 80 326 53 59 84 73 905 43 75 81 83 565 21 31 43 93 186 44 78 84 97 891 82 84 86 92 811 30 14 67 97 805 77 73 80 74 304 7 12 12 48 255 72 11 86 80 695 93 66 95 85 727 40 12 50 91 830 28 1 33 31 126 1 44 33 62 177 15 54 54 74 948 77 45 79 99 495 40 87 56 98 574 45 21 93 78 993 91 8 94 20 469 60 15 87 99 290 18 31 81 67 856 23 29 98 95 284 44 81 62 84 191 91 44 95 88 917 92 43 93 76 106 68 53 95 84 949 24 25 75 83 744 77 58 87 60 509 86 32 89 42 331 76 73 77 77 725 94 92 96 97 85 54 78 55 79 838 67 76 76 92 655 94 3 97 80 459 68 61 88 68 589 6 64 78 74 360 8 18 45 20 726 33 1 69 60 474 46 6 81 89 361 92 33 92 78 615 10 94 69 94 477 19 75 68 75 527 67 25 84 54 874 87 95 90 95 218 54 77 60 85 352 76 48 77 84 614 9 96 31 96 856 31 67 48 76 433 81 66 85 93 566 90 23 98 67 421 40 79 74 86 475 74 23 90 87 723 6 9 79 17 482 21 23 45 81 976 58 60 85 91 341 28 59 33 69 48 55 55 86 83 109 91 84 92 99 170 34 96 37 97 526 39 88 76 93 669 52 84 83 91 407 2 51 32 60 463 29 44 40 92 875 34 25 64 82 630 71 21 84 73 580 49 50 70 87 402 0 77 49 84 947 14 76 47 78 286 3 2 23 30 886 55 35 87 81 575 87 75 90 77 661 77 48 96 52 466 59 39 69 59 67 40 69 97 94 737 82 4 94 80 249 15 41 58 42 170 78 4 94 48 435 83 66 86 82 55 48 87 96 89 732 94 32 95 95 209 44 38 80 89 252 60 73 66 83 584 34 31 81 86 824 6 31 89 76 552 5 68 81 76 184 29 6 42 57 89 59 40 87 94 92 0 78 1 86 479 94 60 94 87 382 61 27 86 52 448 0 39 35 74 986 4 72 46 85 754 84 97 88 97 202 13 52 76 95 537 46 59 76 98 32 32 39 87 91 546 31 66 45 97 193 38 34 58 46 207 94 43 98 75 174 59 13 97 82 416 36 56 49 66 844 21 28 76 32 17 66 66 90 90 236 72 52 89 86 515 39 31 41 50 173 19 34 60 39 147 84 96 95 98 778 47 91 69 97 75 28 50 74 54 994 66 4 67 64 974 72 46 90 91 396 27 50 53 57 524 91 40 97 88 55 98 90 99 91 124 1 7 59 96 869 44 6 70 10 667 2 37 43 66 163 35 62 45 73 811 37 76 48 95 872 22 30 52 39 232 33 8 86 32 437 24 28 44 60 248 85 75 98 85 355 53 94 72 99 405 28 65 79 84 794 92 43 99 71 841 89 20 99 37 530 84 83 95 89 10 12 85 45 94 303 54 92 80 95 243 64 22 71 37 286 53 39 81 57 609 87 18 88 27 918 55 75 91 81 194 21 74 61 85 796 7 52 21 88 116 94 43 98 83 426 17 9 28 21 618 2 74 19 83 157 94 4 94 51 756 52 83 99 89 947 83 94 93 94 472 26 24 47 90 397 46 87 86 91 699 76 58 79 97 849 34 32 50 56 476 50 33 96 91 507 11 3 29 3 263 4 57 9 79 703 17 81 55 98 321 93 96 93 97 56 66 55 98 88 313 89 24 94 70 807 79 20 93 77 198 84 47 94 90 420 13 8 90 72 940 43 37 69 81 724 2 31 67 52 647 32 3 64 61 77 0 26 39 37 250 78 68 85 69 21 67 47 78 90 107 40 64 92 90 846 96 0 99 57 229 76 83 94 88 837 80 25 81 53 142 13 60 29 85 203 53 68 86 69 104 21 12 42 35 549 36 48 74 86 687 79 34 94 66 864 8 24 81 77 468 87 59 92 71 505 27 52 53 81 892 28 6 91 9 57 54 34 76 47 524 72 13 84 66 49 67 29 92 48 625 47 67 64 76 969 14 20 55 26 839 73 56 91 76 172 43 87 87 95 641 96 90 99 97 943 60 64 96 81 26 15 65 55 66 369 34 89 51 89 887 43 13 93 76 466 86 6 89 20 157 29 54 53 71 617 50 29 91 95 794 63 65 80 69 115 3 39 35 87 94 2 41 82 57 410 78 98 96 99 978 57 96 79 96 9 40 30 99 34 353 2 45 93 87 250 72 13 95 23 266 37 2 66 63 712 68 93 85 96 139 69 27 75 35 544 34 67 46 92 491 96 35 97 45 896 35 8 92 81 263 92 39 92 49 855 78 97 91 98 4 84 44 95 98 264 90 23 99 99 929 41 62 61 74 198 77 8 77 11 456 47 88 90 91 156 7 92 16 92 426 25 75 72 87 613 49 7 77 93 368 21 31 30 38 925 66 27 72 74 289 29 93 43 97 41 83 14 90 31 633 33 36 75 87 42 3 72 79 78 838 56 81 61 96 215 90 56 95 93 671 18 33 83 66 511 31 84 73 96 411 6 36 90 38 97 48 84 58 89 250 43 11 73 40 431 36 58 86 82 19 42 21 46 68 77 55 13 66 63 945 86 3 99 42 275 19 28 79 59 983 83 92 97 95 844 45 0 54 47 702 16 33 57 85 548 77 31 86 89 706 79 59 88 88 854 74 32 75 89 521 84 74 93 87 939 42 81 75 81 86 27 88 39 88 23 30 13 32 81 405 61 19 78 22 918 6 30 50 33 746 89 30 89 39 335 65 23 96 59 944 59 94 85 94 991 82 73 82 74 871 96 11 97 55 746 87 95 92 96 832 21 82 72 91 494 40 71 88 73 456 5 56 18 68 525 28 78 74 95 723 9 60 64 94 20 84 53 88 94 984 83 83 91 90 507 58 91 70 91 226 10 92 18 93 364 11 24 84 35 566 67 96 81 96 719 21 66 90 71 487 2 93 61 94 692 68 96 80 99 929 52 45 67 90 89 85 64 90 67 207 49 77 66 90 332 87 98 88 99 133 8 71 86 97 885 46 91 95 92 945 52 20 82 63 688 72 73 91 81 692 28 38 60 62 645 81 95 90 97 899 60 12 92 91 80 80 34 97 39 530 49 88 56 94 399 35 46 57 58 332 8 30 88 75 629 85 34 93 85 262 26 32 78 66 563 85 87 90 98 785 45 53 54 74 773 3 89 28 98 701 98 89 99 90 874 22 86 28 94 452 91 42 93 67 51 61 96 98 98 796 48 11 56 83 896 5 52 10 95 589 78 10 86 85 744 45 64 78 94 387 93 92 94 96 652 1 29 3 36 627 65 53 68 66 337 61 43 66 62 231 77 73 90 96 727 20 86 73 94 298 97 31 97 65 272 17 54 74 71 440 0 27 35 43 196 2 93 87 93 679 34 32 93 60 748 68 73 91 86 671 38 44 92 91 451 95 51 96 76 818 22 62 67 78 600 93 54 97 60 89 27 72 89 86 372 69 70 69 79 335 56 40 58 57 508 71 51 96 58 375 36 8 52 79 24 31 15 80 52 268 6 66 92 77 481 80 91 98 91 840 12 90 59 93 928 9 80 92 81 908 57 54 75 74 190 65 73 67 73 315 84 68 92 96 754 75 66 76 90 57 54 47 97 73 495 46 83 75 88 200 75 70 95 79 93 21 30 29 56 156 80 4 89 64 189 28 66 34 81 789 14 38 82 78 254 96 36 97 43 192 25 67 47 88 290 29 2 86 13 7 47 13 48 44 800 43 66 67 88 30 21 32 65 73 578 78 31 89 88 756 8 18 48 34 253 66 84 67 94 519 70 32 97 60 317 24 34 43 81 64 97 0 98 21 718 54 66 73 78 215 30 88 46 98 934 26 77 68 84 13 33 55 81 67 617 98 43 98 43 85 69 9 86 77 587 57 7 66 86 553 16 75 93 98 116 18 43 50 85 830 33 51 75 81 783 76 59 79 70 495 97 12 97 58 880 76 24 80 47 988 80 22 85 80 711 50 50 77 96 167 88 69 92 96 727 9 79 91 87 519 41 35 99 79 399 64 57 79 70 1000 74 23 88 60 8 54 17 59 98 470 76 78 79 85 404 14 56 71 59 183 38 57 62 75 903 18 6 75 43 741 16 14 37 52 750 91 76 97 93 503 67 9 88 12 359 10 73 82 78 684 40 8 70 42 563 23 98 28 98 286 48 69 79 94 248 66 22 77 50 978 58 83 59 95 318 37 62 81 85 28 15 28 50 35 191 98 78 99 94 612 80 96 80 98 96 91 27 96 72 473 1 55 38 66 664 9 53 19 69 578 15 12 89 62 433 91 40 98 77 484 45 17 56 77 36 18 17 92 44 321 69 69 87 80 900 57 26 57 92 790 2 48 83 60 417 21 69 92 79 76 67 85 97 91 502 44 63 52 91 62 24 50 29 55 311 69 30 84 78 125 95 24 96 55 475 51 10 52 68 583 82 73 94 79 525 52 43 89 72 260 12 75 31 79 347 96 41 97 48 63 86 76 91 91 872 2 65 97 92 388 54 83 98 89 961 88 44 93 89 765 97 90 99 98 452 42 19 42 27 126 1 41 90 64 955 81 59 94 78 334 76 6 77 49 144 94 41 94 63 326 12 91 47 92 419 32 87 40 96 522 21 35 92 98 684 2 51 47 90 257 42 75 82 93 508 91 79 92 79 986 67 65 95 78 385 75 1 91 24 882 39 92 45 95 295 66 35 99 43 839 29 12 53 88 531 29 42 85 64 851 42 82 65 88 338 15 49 33 66 787 9 16 64 23 167 64 67 67 91 275 33 59 48 90 761 15 97 20 98 256 31 7 58 43 483 55 5 72 68 588 31 5 34 49 756 84 47 96 57 605 37 66 46 88 400 1 12 19 55 456 73 72 82 75 158 75 70 85 92 234 48 1 70 82 349 57 7 77 63 580 17 93 63 96 397 19 37 45 81 262 30 52 80 79 94 61 17 61 29 216 79 40 84 52 132 45 68 93 87 767 90 35 98 63 379 47 88 89 96 740 42 11 70 13 697 50 24 51 47 730 74 51 77 74 790 32 23 75 56 867 22 82 60 84 185 59 96 75 97 386 96 20 97 83 928 66 32 95 33 201 33 25 54 74 496 20 82 23 84 122 4 2 12 46 723 4 96 46 99 807 52 98 83 98 446 87 94 87 98 923 32 75 68 97 634 80 43 87 91 528 91 83 91 86 141 14 71 84 93 722 48 82 80 89 8 22 44 56 88 809 70 28 81 42 856 11 49 29 56 302 63 81 98 93 113 69 6 91 13 244 15 16 47 31 895 18 62 21 77 651 22 70 61 90 713 54 20 96 78 754 84 14 91 99 562 80 93 93 95 718 6 12 59 58 214 73 44 91 90 171 31 93 71 96 283 78 26 98 28 306 66 24 72 33 703 7 78 92 94 84 78 84 79 96 82 93 75 93 89 697 79 84 89 92 656 70 32 94 56 369 20 97 36 99 833 27 90 59 95 145 0 30 69 44 366 77 85 95 93 100 45 30 50 96 977 95 87 97 92 901 45 16 58 95 377 13 87 72 89 445 73 79 83 83 389 61 49 77 78 427 97 53 97 67 163 90 20 99 91 605 76 57 91 95 865 38 26 55 78 155 40 71 60 94 286 58 71 68 85 315 36 90 98 92 57 55 39 98 42 897 88 40 96 60 987 46 16 48 52 391 45 67 90 79 79 86 61 86 86 666 12 36 69 87 534 15 42 24 58 816 27 26 33 50 667 81 14 97 14 266 47 33 91 38 416 31 40 49 70 148 61 38 65 53 287 57 38 94 43 408 14 32 71 60 93 6 65 76 96 153 77 30 80 56 908 78 80 98 98 100 80 85 80 96 404 25 86 64 88 873 55 95 91 98 151 49 93 97 94 96 90 51 99 97 388 49 58 54 66 301 39 35 52 43 527 7 54 87 68 942 87 23 98 62 247 17 22 47 80 18 94 74 95 91 92 34 7 86 9 314 80 52 91 55 958 23 70 63 74 356 2 24 96 74 171 56 58 88 62 864 11 85 73 92 135 78 38 84 43 87 71 29 79 89 112 91 77 93 93 56 39 32 89 84 198 17 70 73 70 337 71 41 84 74 951 5 9 82 33 657 4 16 49 17 403 78 26 89 66 41 8 16 62 67 633 42 52 91 52 953 12 28 36 28 885 48 38 51 76 266 94 78 94 94 47 71 7 71 28 460 50 17 92 89 404 79 32 80 83 693 55 56 89 67 182 79 66 99 91 44 34 47 62 68 399 95 57 97 67 420 1 6 28 32 17 6 92 62 98 749 92 56 94 96 448 58 65 75 80 290 29 32 85 47 51 75 0 79 42 173 86 8 86 37 776 34 46 72 95 745 11 56 80 81 863 88 20 92 46 942 14 16 83 19 765 66 69 71 87 698 4 56 82 65 200 38 66 69 85 406 29 92 52 99 249 67 32 76 96 8 80 96 84 99 299 32 56 91 68 545 92 81 92 98 976 32 13 86 60 719 38 65 54 70 732 98 71 98 74 854 65 56 84 63 79 39 28 40 41 859 60 11 79 11 762 76 79 82 85 562 46 13 74 96 235 42 3 62 76 475 48 50 67 92 456 76 61 98 82 369 7 87 36 96 59 55 57 86 77 409 79 87 93 89 153 59 67 93 81 582 61 27 86 89 880 46 17 50 19 595 77 48 90 84 380 3 60 78 71 543 12 20 15 21 903 95 44 98 84 61 8 30 52 93 481 51 87 67 93 81 52 23 95 66 828 26 91 93 92 461 25 64 46 79 964 50 59 73 84 739 0 45 4 55 964 60 73 93 82 928 82 65 94 75 655 62 47 69 86 486 15 39 83 76 369 27 74 63 76 662 78 57 95 87 916 92 66 93 73 101 95 18 98 83 356 36 59 55 68 840 61 63 87 82 679 42 67 69 67 666 23 38 72 75 46 84 69 98 95 202 5 14 70 63 281 8 54 19 54 471 65 15 75 40 827 44 80 71 87 485 18 18 84 67 464 72 10 89 84 322 62 92 64 97 541 64 61 75 69 69 81 6 91 98 357 93 25 95 92 384 40 91 45 93 76 52 89 65 91 381 93 56 94 57 461 16 58 92 82 80 71 64 85 74 666 10 41 27 42 345 40 87 58 93 379 26 26 82 37 454 18 74 59 75 19 62 9 77 42 647 36 50 82 79 610 74 74 90 79 628 90 14 90 96 552 50 87 65 91 351 72 14 75 55 794 92 14 98 96 813 18 64 37 97 993 7 0 88 68 56 1 85 80 92 907 55 10 99 26 912 0 19 66 66 790 60 78 75 82 256 91 89 96 94 440 5 53 83 97 483 88 83 92 86 232 43 58 66 65 136 82 60 88 86 575 96 20 99 87 982 56 41 61 79 13 76 48 76 51 654 92 48 96 62 494 28 12 57 24 977 3 19 83 33 449 46 64 81 77 272 91 72 91 72 675 86 29 87 30 799 35 38 54 56 453 2 83 74 86 887 59 22 89 82 754 2 95 49 98 406 16 41 38 76 978 71 22 71 28 490 7 56 87 97 521 85 13 97 97 147 56 58 77 77 15 20 9 64 20 56 42 84 68 88 51 78 12 94 47 851 10 19 56 21 45 18 66 20 68 383 24 80 80 94 440 61 62 67 71 825 41 47 58 84 889 95 67 97 75 266 59 25 69 84 371 58 42 76 80 666 78 85 97 98 3 21 80 91 96 56 4 81 27 97 415 6 67 71 83 685 59 56 92 66 650 85 70 88 94 425 83 98 83 98 928 17 49 81 76 245 3 38 90 39 584 51 42 99 94 987 42 74 50 93 243 67 11 71 93 484 31 55 44 81 709 42 10 87 14 336 69 83 99 83 866 44 58 54 71 222 84 48 96 88 822 0 28 68 41 330 81 5 99 31 392 14 4 63 46 162 94 43 99 84 616 76 27 95 31 973 28 93 30 99 629 93 11 96 66 995 11 62 33 86 916 43 45 51 62 433 60 91 91 95 571 92 54 96 84 508 25 81 90 89 515 56 88 56 98 626 84 79 84 79 453 43 93 73 96 412 14 57 31 81 348 59 29 65 79 761 86 40 97 95 732 75 86 78 96 530 46 0 57 92 713 58 2 84 63 192 65 30 89 67 918 30 86 57 97 997 60 0 76 63 568 77 72 93 78 23 51 56 75 57 703 55 18 92 51 475 41 4 80 68 779 47 3 96 34 475 90 40 92 64 226 59 69 84 85 515 82 97 97 98 122 65 49 85 93 413 8 33 18 92 712 32 67 59 89 69 51 75 60 80 545 65 41 98 74 693 32 45 58 59 852 51 20 75 71 600 65 56 99 70 776 60 42 85 69 406 59 90 66 90 489 23 19 41 21 570 38 84 62 89 727 16 55 97 97 10 40 94 73 98 436 72 74 72 99 642 65 36 98 45 937 52 24 79 48 473 16 40 69 75 784 3 7 44 61 60 80 79 86 82 10 80 87 80 92 779 78 94 79 95 834 34 57 73 97 787 15 29 49 93 824 22 50 24 95 946 70 7 70 10 177 29 48 66 90 333 49 39 84 39 854 83 42 95 86 217 28 63 40 80 430 96 98 96 99 246
