100 100 1000 2 444
7896 2682 8044 4880 6815 3959 3062 4682 5785 1565 1809 9387 8214 8958 9666 1165 1942 9861 7476 4972 1786 3783 8383 2346 9059 9292 1121 1087 4992 6485 2219 9617 8206 9401 7367 4209 8867 5253 8312 6430 5966 6067 1898 8310 8465 9261 5372 9475 5185 4504 4995 3679 6859 9418 2764 6758 7436 1585 4545 4760 7010 8907 9332 2814 6787 7526 2866 1959 7857 1973 7786 2563 1905 8567 2909 1354 1697 3173 1772 9395 6720 8484 9491 3155 6044 2989 3632 5458 3036 1841 2745 1181 2766 6544 1076 9075 1510 5626 2051 2045
4930 2534 6278 1188 6233 7142 4170 8800 3206 8884 2272 9129 9599 4471 8750 6281 5442 5273 3702 5660 1184 3452 5307 7743 8008 5680 6812 2672 4961 6725 5416 5147 7064 1834 3778 9728 3171 9419 7895 4285 9051 8383 2421 3910 9005 3145 7438 1627 9719 1537 5215 2667 3152 1022 4226 4510 7531 7561 7190 9839 3798 4361 2039 7037 7085 8899 8340 8620 8998 8825 5178 4304 8678 1533 5653 8821 3450 6270 6019 2945 2312 8545 7162 7983 8573 9844 1930 4425 5358 8144 9290 4551 3131 3037 1300 5746 6591 5137 1738 8401
1028 9794 7115 8020 1690 6581 6788 8387 7265 5376 5260 2244 5295 1856 5180 8712 1316 9836 7037 2826 1552 1304 5579 3602 4905 3683 2986 1845 7422 7120 6342 2758 2149 2450 1950 1088 8709 7504 9483 4429 6979 6038 2938 7826 4220 6319 7999 8856 5905 5997 4042 1307 2616 4692 7771 6632 5276 1148 9048 8394 4197 1120 4780 9613 6685 1701 6836 5205 8355 4524 9490 9988 3405 3567 1963 8356 8531 3651 1810 3283 1849 4947 5069 8932 4641 6593 6888 1475 6016 3883 5092 7974 2675 5836 7083 7089 5298 3275 3207 3284
3747 3182 7612 3902 7043 6432 3272 1088 8704 4912 9636 1852 6595 1101 7558 9688 9162 1174 8840 9660 1712 3318 4661 7857 8407 9052 1247 2306 7057 1532 8538 6351 8704 6269 1627 3747 7934 3509 9948 5122 1967 5894 8886 7009 2070 4338 1193 9526 7386 2605 3953 6080 6400 3933 3322 2585 9108 9419 4175 4624 1789 3770 1746 7866 2253 2871 3552 6024 6036 2808 8889 2597 8115 6437 8524 8939 2518 7038 1655 6279 4282 4586 5874 4805 9801 3613 9237 8501 6814 1394 5975 1333 5941 6360 1250 1221 6876 6571 1137 2902
4607 5601 5263 2709 3473 3333 7629 9318 9382 5541 3997 2689 1431 1724 7755 2525 9597 1469 6988 6182 6529 1195 5224 3187 3714 6596 8494 7748 3118 2486 6365 4153 4600 8928 5572 5630 1646 2744 2660 4650 7107 3794 4081 3586 7761 9774 6171 3201 8648 7526 6672 1491 4466 2175 5063 7627 3110 4245 5428 9093 2101 1344 8386 3035 1347 4281 8525 2469 6707 3677 6268 2316 6062 5139 2605 2618 3856 4068 6514 6345 4664 5930 5962 7330 1761 9632 2055 6619 5823 4183 3791 2895 9974 1820 1331 8647 6646 2209 5183 8328
5102 3624 2202 3192 7379 1245 9441 2943 6492 9258 4541 1760 8796 1015 5267 5913 1174 3085 6136 5200 1515 6761 2326 7034 2313 2216 8480 7388 5061 5188 3414 7592 8416 1588 7165 1847 7492 5086 3720 3381 5217 1401 2106 4704 8273 5940 9628 9402 8203 7596 5490 7361 3394 9764 6721 5094 9409 8579 7813 4485 9636 4412 6868 1011 2653 6501 7741 5090 9138 4976 4455 8746 4534 7256 2218 2656 9795 5018 4144 5812 4500 7626 6106 8891 1540 7241 5277 1657 7911 4853 8796 9586 8193 9038 3434 2760 9686 5535 1695 6449
2174 5988 4183 2846 5671 3561 6479 6252 1365 7180 7543 3016 6495 8891 7078 5056 5904 8785 9165 4552 7545 7001 7586 8168 6403 2078 4923 8283 9833 7831 3756 4492 9582 4524 7567 7826 1487 3790 7550 2839 4501 1812 7745 6772 3154 1388 9599 4041 7064 7829 5736 3767 5051 4648 9042 1082 6784 8397 8369 1881 8219 7163 4653 8811 7661 2452 2524 4864 3539 1617 7598 8757 8762 5387 3538 2722 7517 4092 8686 2827 9532 4972 4056 8883 2323 5838 8671 2940 2674 2800 2320 9367 9370 8387 7216 2478 6688 3212 7925 7631
5807 1937 8026 2829 7222 1541 6499 8813 2995 9430 2085 8521 9527 2496 5494 4469 4937 6325 5338 1516 1462 6425 1571 7007 4265 6388 9622 1879 1360 5278 5110 1384 4027 5829 4527 6694 3330 8825 3050 5880 2257 8767 3558 4481 8725 1064 6532 7502 8413 3292 8021 3860 5212 9633 7395 3696 8448 9538 4436 6137 4494 3097 5495 7374 1816 8631 5257 4905 5461 2389 8319 5437 4354 2523 5344 2770 5001 2254 3665 4726 3583 6059 3292 7012 9700 8934 1828 5408 2480 9259 7713 1330 6934 3725 5835 8440 1859 5079 7077 7237
1995 7997 4881 8658 8587 5400 1751 9515 3258 2005 2236 5526 5255 1258 3711 9191 2818 2522 2695 2815 2550 1665 9737 9565 8909 5647 3862 6281 1911 1557 9063 5818 6318 6767 2237 9833 5787 6013 7098 6968 5395 8376 1569 3982 6135 4618 2849 1135 9090 1996 3280 2254 5329 7083 9245 4674 8070 3448 8997 2571 4241 6450 5886 2099 7723 7687 4093 4611 8301 3325 6625 2056 6339 6598 2058 6544 6492 8179 7111 4381 8231 4605 3283 8689 5100 4747 2425 3881 5672 2064 6248 9045 7550 5681 4265 2303 6156 4858 9112 3928
4898 1945 1704 5706 2900 7011 2029 7017 4405 7766 8669 8604 1907 1226 8703 8119 6538 4150 9625 7343 9705 2635 8606 3212 6263 3584 3302 8771 2026 3740 4066 6086 8452 3608 1172 6395 9803 5242 7317 3765 4482 3548 2424 3831 9483 7872 2224 7873 8886 2579 6911 8450 3195 8935 5226 5915 2341 3878 4025 9261 5446 6347 3028 9928 7316 5711 9458 8154 7073 7536 1302 2839 3051 9379 9266 3650 2606 7078 3164 3372 2004 1737 1603 9014 3055 3686 9788 1975 1985 9026 6149 2806 5495 1426 9623 1007 8119 1701 3542 1938
1250 2708 2309 1411 6844 1982 7638 2301 8989 5507 5888 4497 7686 9896 8847 4420 4784 9103 8733 6773 6147 6748 9132 2457 2253 6390 4184 3949 4847 5576 6711 5311 1525 9297 6521 3367 3419 4038 8362 2796 5011 5801 6819 2912 9248 8426 8817 8116 6873 6025 8725 6097 7775 8798 5847 1744 6037 7231 5487 8643 8185 6359 7942 2488 4886 1068 9835 2080 8973 1455 2770 1843 3700 3191 8660 5423 2131 6391 4043 3762 6653 4149 8856 3675 4714 5201 8057 1667 4580 1195 5237 6958 4665 9076 8106 5966 9428 4162 7695 3299
9373 7932 7623 5668 2260 6369 8169 7867 6111 5768 8941 6097 5774 6423 8687 2556 2992 3853 4649 7852 6597 3286 9715 2325 7605 5745 2404 5986 3020 7635 9597 3074 9837 1463 1602 9377 4981 2656 4923 7108 6942 8541 7221 8422 5275 8695 2295 9304 6187 8185 2844 2175 3251 9719 4300 3700 7134 1943 3006 3303 5938 6298 7718 4905 4812 3337 3548 1742 7754 4811 8384 9264 3921 4507 9501 2879 7937 2880 7599 8979 2848 1592 7414 8698 5990 5167 6888 5332 3250 6988 8889 4347 1803 3413 4129 9741 2881 8924 8698 2175
6918 6676 9666 4533 4847 6898 5742 7964 7789 6918 8743 2748 4066 9363 4143 6467 1424 4561 9076 7528 5252 8758 6581 9389 3043 2969 4717 6315 2553 2884 6622 8897 7037 4796 6813 4571 1602 2313 4513 8098 6570 8510 1068 7204 4628 8845 8182 3557 9307 4809 5547 7307 2291 2543 5083 9880 7097 8567 4610 1194 1255 8939 9813 1435 3146 5301 6569 3271 5519 6874 8935 3343 5038 3059 2177 8924 9687 2173 6149 2358 8627 5449 5334 6548 1109 8657 6335 4601 2541 3187 7964 6526 8004 4749 3553 9665 8577 7654 6938 4027
1482 2944 2079 4664 6174 4052 1303 2409 5739 1611 2472 4058 1572 1800 3062 3180 8154 7906 5375 1782 1743 3075 6419 1558 6062 8254 3813 6679 8652 9857 1637 6389 1411 3947 8458 1791 9775 9086 6736 5283 3065 2523 8327 2898 5129 9158 6431 5745 7889 6105 8468 7820 5697 3299 3132 3767 7563 3357 5714 3610 6935 6969 6235 6392 3520 8244 9428 6199 4820 1099 4676 7910 9075 4754 2227 9374 4772 9025 2974 7563 6486 2431 8415 1534 8736 3267 4220 3103 6822 2966 5222 6488 7601 3939 6110 4072 3264 2640 6097 9324
7367 9165 4318 6332 4158 8549 8335 9630 3417 6427 7497 2407 5253 6536 9662 7461 5040 4887 8568 4597 6711 9174 3715 9426 9602 2130 7367 6398 2923 3593 3918 1339 8602 2838 9401 7230 1006 4961 9696 1526 6388 3968 6215 9312 3013 1761 3753 7193 5741 8931 5611 9341 3912 9221 2953 1037 9229 1369 4788 3122 2017 6820 5298 5797 5239 6232 3424 2787 5393 3063 6292 8846 9364 3150 1126 2072 9322 2529 1413 2019 4273 7439 3744 1197 8345 9385 2265 5223 1133 9337 4926 5210 1517 6991 9774 8452 4162 3746 3123 8250
3002 7098 8832 9215 1879 1880 6687 6561 2056 5690 8646 7179 4428 9832 9297 1548 3148 8190 1999 1441 5059 7955 4948 5824 4633 5286 1043 3323 5653 3077 9185 8761 8537 3671 3976 5974 1249 6753 7879 5670 9980 4987 6714 5513 5760 4390 2321 4516 6067 2046 4182 1915 4197 3749 4728 3301 3635 3875 7363 6785 1146 8707 3638 9193 6522 9899 7945 2601 6036 7381 2822 5205 3245 5392 9808 9695 9282 3824 7956 4493 1632 1729 7165 1346 7442 6969 3020 1863 2213 1983 1527 5707 2084 9451 9606 8042 5543 7357 8331 3558
6397 4584 9713 5461 5085 8044 4127 2322 2595 7971 7132 7406 3970 6741 5868 2218 5517 8584 8550 2531 8242 2267 1771 7100 6519 6087 6966 4173 1403 8681 5057 8014 7052 5511 5495 7292 2552 3214 3604 2376 2375 9890 2605 8963 5625 7469 3901 7977 8412 8979 2736 2511 1628 4663 8616 5120 4098 8640 8046 2786 7467 6963 1630 3711 4916 2782 7218 1656 4419 7450 8312 3479 2727 5759 6930 1027 3258 3835 5954 1912 1350 9245 2500 4017 7169 7386 7410 4578 7824 6171 1927 6487 8706 2957 2136 9448 8476 7054 3578 1663
2803 9276 1648 6364 8711 8094 9706 7097 6492 1541 7593 1126 9594 7065 7977 7432 6124 6364 6450 4192 6923 2934 5646 8192 3794 4928 3387 9087 4632 4584 3974 1620 5191 6616 7758 6354 1887 8978 7573 6154 2758 9588 7754 3128 4999 4129 3799 3708 9897 5151 6551 1090 2409 4365 2390 5247 1924 3500 6120 8983 8656 2568 4085 2521 1188 9793 9352 4773 5406 3400 9228 1471 1659 4157 1584 3161 9250 2719 4982 7135 4921 9044 2245 6563 4416 8359 9121 6952 6004 2623 8658 2190 4745 7154 6564 8444 9147 9040 4499 7990
1374 2324 4743 5010 4539 2191 9895 9515 3355 8303 8411 5677 6771 8176 3113 5677 7824 3728 8837 3740 3180 5550 1966 7787 4328 4682 3287 5087 2367 5400 3421 6730 9583 9521 6599 3738 8681 8049 9625 1927 9802 2050 1743 9827 5407 7377 7826 2216 1139 1849 8852 3955 7127 2636 6836 3080 9946 1570 5067 3489 6364 7883 1010 3449 3590 3861 4647 8438 7599 6168 1071 2001 1432 3612 3086 1813 6403 5441 2996 8046 9186 7420 6463 1162 7767 8481 7864 1903 2654 1953 1647 7901 6975 6919 3207 1364 1962 4058 7737 6795
9913 7444 5171 7868 9562 8485 4278 7563 2228 5141 4736 6108 7606 9185 9598 4268 2960 6394 5240 1763 1545 6666 2169 7460 6728 9859 9515 8175 3287 2823 2087 8531 9316 9493 6260 8334 1273 4428 4305 3388 5129 6516 3005 5650 9572 7096 7024 2795 9830 7963 9704 4964 1959 9991 9526 6838 9849 4161 8900 2075 9428 9698 4587 3662 1195 7837 7339 9443 9554 4053 5779 2164 1263 7690 3896 8706 9774 9925 9330 6839 8354 9419 3162 8133 4929 6352 6552 4939 8778 5715 5028 9088 9123 1810 2105 6063 7461 9069 6267 1160
4450 5641 4797 1873 2830 8320 5915 6045 8996 1491 3365 5811 4390 7327 3668 6122 5767 8817 2743 7168 7384 4964 3481 2380 3233 1962 1917 6660 5474 2247 3912 3635 9963 8289 9724 7523 1299 9651 3569 3301 9144 8906 5367 5656 7722 3546 4067 7155 4457 7614 8359 3701 3131 3780 6354 1597 7246 3899 2421 2938 8087 6819 6682 2443 6580 3515 7387 2197 1157 5714 3843 9089 2433 6642 6877 2239 2959 7884 5549 8902 3989 2944 8424 5376 1361 1630 3348 6685 5176 8657 7349 3828 5836 1133 8318 9757 5675 4020 6608 3555
3367 2526 7000 6581 6320 5875 6313 3630 5317 8119 6337 1234 7763 3309 2602 3818 9556 7029 6224 8528 2199 6333 9191 9337 2818 1649 4142 2514 2818 7781 8506 2945 5358 6305 1324 4788 3808 8959 6787 3226 4214 3760 3485 4439 5880 9376 5142 1822 2504 7233 7170 7821 3942 2345 8346 7859 7409 7919 8525 9729 5025 6219 8101 2176 3949 6279 2225 4403 4611 1107 7806 6085 5604 5542 3763 5309 9415 9440 5005 3556 2147 3506 9031 7050 1698 9243 6910 5066 4791 4400 2705 7803 1780 7991 2334 4907 6243 1335 5517 3047
5033 9395 2000 3250 5843 7940 1287 8366 5741 6257 1598 6886 1445 5614 8747 3109 9231 4333 2972 9842 8983 2674 5985 7899 4770 8961 2732 2373 4798 9290 3658 9933 7455 3423 1946 6838 4037 4505 4657 6177 4068 2425 5953 3846 1863 3656 9608 6873 2528 4318 8436 3575 6180 7557 3867 5380 3317 6435 6892 4581 9593 1389 1845 9979 4171 8192 7233 9090 4305 4140 4795 3308 5879 8140 2802 5052 2491 8124 1147 3913 1043 5189 6890 6902 7227 2966 1672 9085 6134 2608 8580 9948 4976 4877 3878 3367 8690 1651 9016 3052
2642 1719 8567 1642 3398 8031 4353 9533 2136 7679 7115 3992 3212 3052 3841 8023 6569 5894 1986 6011 3258 7418 3899 6505 4312 6806 4188 7898 7182 5031 7004 7487 1511 5805 7627 5776 6886 4047 2502 8971 5192 4775 3762 5111 4829 8384 1998 3449 5747 7404 4119 1725 2453 9799 8392 2693 2937 6137 6997 2927 5696 4251 3183 4025 3793 8084 6338 3144 6180 5080 7575 3272 7698 5384 2324 7018 8673 1445 2804 6597 1956 3695 3706 5934 7521 5403 2169 2464 3197 4744 8000 5318 3160 8559 8795 7057 8969 8732 3549 3330
7128 4825 9749 7609 1669 3166 2034 4338 6169 4097 9217 4173 3884 2223 8664 6853 1903 8008 6530 9452 9175 3577 4184 4818 2734 5592 9800 3770 1057 3363 8041 8740 1659 3693 8294 7144 5486 2891 8462 3657 1300 2441 7785 6091 4989 9539 2839 6473 2701 9129 8116 1395 7003 6232 6919 1972 5762 5980 5863 7759 3144 8355 9514 8214 1383 5334 7191 4584 1161 9297 6598 3063 3514 2362 9873 2030 2356 7672 7555 6867 4847 2685 3023 9253 9049 9402 1875 8146 3174 1411 9092 9784 7320 7828 9688 5213 1814 7276 7354 5332
1575 7198 4146 2968 5598 7845 8610 9862 7984 2221 9581 6692 2803 8557 6089 6221 3591 8031 8905 7092 6100 2740 2367 5249 2359 2686 9777 9676 2162 9301 3145 7706 3338 9130 9142 6530 6156 4875 3074 5700 9868 3954 2872 3470 2549 8391 9220 9528 4539 7655 7754 4203 9458 4876 5237 3136 9775 3273 8884 5317 3972 5780 4026 6652 8579 7555 2043 2368 5691 6645 1070 4055 3960 1425 8409 5316 5934 3342 5404 6712 2601 3591 1341 8470 4049 5815 9900 8204 3308 1940 4047 3192 7376 6300 8974 3013 3158 7596 5852 4924
9301 1582 6365 10000 8031 3818 1536 9284 6733 9321 2741 5216 2184 9779 1878 8261 2151 5905 8139 8838 1521 2740 1859 5329 2558 5998 1135 8783 3269 8006 6346 2978 2039 2591 2393 9328 3512 2674 6808 2439 9659 5481 8298 1027 7016 4448 4862 2002 9108 9826 6714 7506 2046 6987 5569 3211 5530 9656 5842 5784 3911 6123 1101 7775 9814 6434 2507 1572 7786 5254 9963 3521 4014 9104 3338 6346 6861 5805 4051 6626 1940 2436 4546 8385 1815 7507 4675 9645 3216 3713 4891 6929 1029 6670 2723 2001 2129 8756 6027 8354
9788 1110 3790 7721 1915 6128 4156 9139 2108 5234 9905 6013 5366 2448 5339 7982 9734 4443 4075 6735 2466 2666 1465 1274 2196 4282 5077 6141 8856 4969 4722 4663 5807 6567 9024 1993 2530 6902 4549 9162 1168 4125 8933 8220 3487 4922 7028 1186 6946 9766 1057 5669 4838 6700 1557 8120 2442 6642 3344 9620 2102 9878 8349 8636 5871 1073 7878 1682 3759 7727 5695 3288 2462 8064 3983 7423 8835 7426 9638 1743 2887 5905 8938 8360 2327 2832 3520 8113 2953 8949 9722 8732 6901 2222 5263 9649 7355 5977 2614 2524
1952 3906 5729 4525 6520 2071 8354 2799 2530 5409 8045 1320 5314 6720 7309 2331 8626 7531 9697 4629 4380 4857 6749 3668 1304 4170 7450 9768 6412 9503 1919 3436 5505 5390 9455 8261 2338 6314 1351 1623 8161 6995 7670 1624 3774 1173 8521 4728 6307 7173 1741 7226 1768 4611 6015 6694 3577 2709 1970 9378 3819 8248 2790 5437 8367 2127 6104 2667 4101 6013 5397 1688 3091 6319 2901 6946 9038 6675 9149 8999 1855 3360 7526 4442 9485 2921 5910 7384 5511 2510 8542 3381 9630 9744 1035 6377 1764 3946 8639 3098
1440 6850 5554 1710 5330 1548 4512 2942 8201 1640 3217 8015 8394 3470 2916 4260 1477 1375 3701 3075 5065 1795 4232 4551 1543 5444 7839 4600 7385 2189 3064 2810 9224 3108 7031 1194 6102 7414 3002 8073 7657 2760 6671 9294 6719 8733 7332 6382 9526 2880 9357 3317 3909 3560 3293 1202 5605 6716 5220 1777 6715 1247 2422 4697 8546 1057 1569 1415 1380 9954 2736 7635 5311 4452 5319 6391 9266 4538 8502 3949 6293 9178 3420 4630 3502 4770 7179 7177 9355 8741 9102 1530 5483 5383 7930 7058 2458 4752 3159 8483
5393 2961 6798 1837 7123 9028 4094 4020 3318 1522 3631 1587 8455 9252 5783 3537 2611 8167 4524 3733 4741 4280 4867 9280 6810 1449 8464 2278 2873 1353 6673 2090 6327 4991 2698 1493 7765 4592 2594 4766 5033 9966 2840 2395 1661 7334 4305 9600 6021 5760 4474 5006 4303 4045 1123 6248 8903 9970 4645 3125 8078 9860 1569 6588 4605 5399 9818 6228 2896 8798 7785 5518 9355 5612 8492 6314 9042 2418 8124 1185 4387 5988 4504 6876 5893 2583 4749 9600 3659 7427 6378 6433 7890 7149 8254 7173 9934 9027 7747 5419
4972 7712 3195 8306 9312 4597 9967 5196 5015 5792 7468 9768 8121 2895 7890 1728 7534 2357 6000 5649 6764 4716 1637 1201 5828 1038 8337 4247 7116 7797 6810 2371 5756 3121 2559 7394 7266 3007 5894 8116 2952 3946 7770 3008 7839 4770 7142 8914 2982 9057 2964 2169 6395 5792 9312 3876 1646 4860 8555 6568 4467 1368 6554 2288 2843 1786 9636 5661 8817 2292 5323 1657 7299 5407 6305 9293 5425 2030 9984 9468 8653 9984 1856 2636 5923 2359 6410 8340 7997 2950 7832 5735 3724 7490 5095 7403 1591 7961 3724 3470
9143 1675 3059 5790 8906 6130 4761 5508 8283 4301 7518 5318 5409 2064 5404 3238 2293 6157 7128 8720 6412 2683 9568 5242 4328 8646 8813 7830 2148 3377 1826 8720 2210 7119 9602 5787 5626 3059 2177 2103 8582 1621 2560 3313 1637 2140 2610 5584 1167 4905 2305 8126 9931 9317 2073 2576 8184 9859 7865 8338 6327 3962 1747 3393 5455 8407 5670 9690 2472 6401 4360 1334 2190 4743 1335 6434 1247 5776 9314 2712 3604 1229 2691 4420 5188 7583 4174 4297 6842 6759 9551 7067 9260 5419 1878 5416 9331 1296 5764 4011
6102 5731 7737 4153 4755 6624 5862 3098 9994 6575 1989 7065 1794 8717 7139 9307 9780 2959 2047 9440 4877 4381 9502 5432 8611 5476 5704 1848 4709 6488 9498 1163 3888 5848 6977 3853 3505 6166 8342 3029 3297 6607 3625 9889 8539 3424 4803 9166 4076 1677 8307 3411 1684 8715 2384 5353 1909 1763 1210 4106 4349 3408 9778 4755 6602 8411 3230 8880 3997 7405 6995 8204 4436 6881 5333 6925 2674 8310 5329 1614 3444 1963 9679 8058 1583 7703 2082 2489 9786 7633 5242 7267 3292 3301 5814 6026 8080 7039 3831 7030
6443 9886 9497 9808 2665 9506 6629 4954 3092 4498 2565 4053 1778 5913 6866 9243 6422 1954 1184 8407 6251 2603 5454 8168 7943 5494 3919 7596 5848 4540 9675 7996 7391 9422 4843 4680 2337 6717 5118 3560 4516 9407 9351 9253 3620 1889 5794 5678 7951 1286 8807 8799 8120 6552 8499 6540 1521 3777 1392 8683 5095 7213 9606 2837 7318 4120 3518 1650 8617 1812 9094 7890 9074 4409 4928 9317 4191 7962 2933 1946 7564 5911 2728 7954 3077 9067 6722 1559 7803 9381 3130 5598 5449 6401 1899 5007 2464 6308 4634 9721
5295 5855 5018 3086 5277 5899 7747 3864 7893 6604 3812 1718 7353 2096 8290 1537 6142 5963 4813 2501 8993 4047 4984 1875 8803 9213 1467 8130 4073 6032 7947 1684 1817 1219 8337 2887 3648 9159 3021 4115 2902 4379 7313 7449 6578 5987 4539 1338 6287 9938 7390 3157 4511 3904 5925 6553 2933 1479 6828 4247 7819 4926 4948 5737 3053 3220 2468 5632 7759 6303 7202 3995 4090 5595 6549 5220 7141 6001 3392 4169 9107 3245 7987 9918 6643 2519 2113 1147 4892 3001 8502 6803 2793 7053 8743 9007 1785 7662 6831 9324
1494 8987 2511 5239 8110 8439 9646 2225 1544 8407 6081 9498 6758 7122 2855 5643 8155 3333 7150 2452 2940 2948 6125 1660 1958 9955 3553 1202 9527 7928 4366 3887 2386 3213 6945 2633 4086 7034 4520 9749 6486 7345 6618 7148 1992 2028 2212 9666 7011 1585 6893 4321 4870 3814 1489 8950 9813 1150 2304 7567 4769 6217 3540 3337 1532 6213 6378 6654 4368 6936 6144 9965 8007 5239 8538 8172 2657 8639 7842 9222 3653 2897 7462 4632 9143 6792 5119 3911 8511 4076 9331 9750 8580 8284 9272 6397 7318 7211 3009 9198
1833 8389 2053 9453 6260 7186 3483 9025 9753 2232 4322 6376 1467 8083 6036 3575 1931 6104 3091 2427 6103 7334 5899 6325 5857 4016 8794 4454 1907 3875 7071 3294 8582 3747 7698 5501 3773 5711 2476 2537 5974 4517 9731 8180 7046 1880 7046 2083 7836 6277 1538 7953 9274 3337 6692 1417 2468 8008 3721 1624 1971 9690 9811 9559 3361 1500 4192 3507 4521 6890 4993 7189 3527 6148 9432 1417 9302 5298 6545 5444 6263 8181 1142 4841 7581 6881 9608 1685 6261 6981 5753 3552 7972 1803 8176 6486 5260 1159 7265 1302
5951 4520 6870 8376 9769 3294 3546 3857 1617 4371 6761 5287 6921 7039 7122 8709 5674 9447 7443 6497 7324 3390 9891 6893 4264 6550 1889 2715 9573 1026 9827 5015 1110 2383 3599 3455 1583 7703 3911 3318 5537 4367 8795 4429 4239 1610 8146 8639 8710 8544 7890 7274 8002 2549 6979 2690 9692 2868 5245 3728 1227 9525 9982 7348 4833 8618 8987 1476 9844 3567 1162 2553 6294 9297 1858 5245 7669 5076 2217 1245 7113 8976 6875 4981 5653 4118 7053 9113 7263 9267 7017 9798 7960 3498 6128 3445 9647 6229 7846 8561
1102 3102 2582 6465 7374 7980 7536 5356 7112 4144 2010 4521 6784 1370 1175 7643 5596 3188 8727 8993 9803 6324 1159 4715 2378 8865 5212 9566 8909 8787 4083 7362 3626 8873 6429 4338 1999 6011 9845 3148 4632 5977 6351 3195 3951 9070 8534 5236 4876 4726 9936 9220 1610 3544 5887 4967 6907 8633 4681 3597 2136 9599 2740 7090 8721 3612 9986 9253 3344 5090 4079 3333 1307 2776 2421 4603 1787 4455 2362 6718 9115 9133 4621 3835 3348 4445 7638 2801 3675 5805 5802 3353 1298 8704 2714 8659 3864 2741 9514 5109
1765 6405 8653 7199 7539 7703 6708 2214 2520 9858 3238 9844 4361 9841 2038 2878 1228 3333 2124 1453 4628 8006 9904 7189 3446 5536 6263 6329 1738 8851 2762 7096 5080 6808 8198 7566 7858 5918 7681 7753 3445 6913 9511 4666 7576 1871 7181 2543 5946 5778 4397 1561 3367 1268 7204 3358 3520 5266 3242 3523 5218 6103 2894 2337 8517 1939 4977 5769 5759 4745 9635 2742 5500 8673 5480 4039 7675 9828 7562 6599 5958 8398 3215 6903 3198 6016 7179 6163 4789 4233 5464 8654 3313 4780 6654 3636 6965 6902 3240 9253
6734 7481 4640 8103 6432 3625 5535 1513 4691 3936 3434 2517 9480 3515 6706 1642 7473 7899 9113 5105 5915 2143 2266 1143 3430 8247 2001 5956 8566 2538 1956 9836 4386 4383 3236 5088 2246 8607 8743 2425 9792 5620 7439 3925 2160 3151 4013 7856 6725 1480 6698 6927 7579 7839 8859 8392 5919 9465 3996 6501 4071 5859 2362 3392 1699 7966 5798 4260 8362 8474 3700 3345 6531 7244 3395 4435 1870 1441 8768 7743 5618 5878 2470 5927 5215 7080 6258 5999 9809 2591 2158 3419 2818 6086 9299 4307 5865 4424 9920 6225
6950 6118 6927 5929 8917 8376 4305 7279 5186 2592 3402 2936 2783 6138 5818 5268 6995 5160 6056 2618 4171 9622 8570 7952 2353 4273 2014 2570 6571 1019 1639 6958 9710 2032 9278 4223 4260 6792 8626 8629 1723 3440 1689 2491 5943 1814 5988 7787 4654 1343 8058 6495 1980 9833 9186 7298 1263 2191 8212 7987 6011 7994 6645 6115 1980 9602 3073 2858 7612 4548 6793 8890 8312 6175 5742 6588 2868 1272 1892 8252 5889 1534 3895 3249 6754 7254 3837 3753 5072 1293 6660 4494 2701 5210 5668 7004 1318 8913 2756 3923
4678 6007 6850 7073 6017 4255 2568 9975 8542 5750 8189 8448 4145 9872 2106 9215 3480 9931 8415 4946 8254 6339 9675 4450 2321 1131 2999 2263 5235 4022 2604 1203 5482 1194 8041 5310 3288 3689 1663 7227 4253 8196 2713 9554 9114 5348 4682 8084 5298 3342 5504 3565 4881 9661 2898 7069 3018 8331 8465 3309 2176 4427 1519 4988 6341 5436 1093 4662 2651 2406 9792 3158 1214 2763 6367 5440 5423 8675 1489 8919 3355 1677 9746 6321 7393 8484 1277 3938 9587 5277 7431 8985 5618 9248 4096 5715 1721 2943 4626 8496
5606 7539 5423 8238 5884 5842 4884 9993 1664 1268 6138 4710 9151 8991 3364 4469 7107 4980 6355 5346 2086 8130 1832 9576 8002 8138 4719 4628 6012 4246 7836 8803 9000 2049 7045 9211 8636 9402 5689 5939 6620 6624 5166 1006 9029 9906 5088 7549 1220 5742 2497 1116 1213 2402 9621 3719 6532 5836 4958 9249 2112 5255 2174 1995 7124 2381 9062 6727 1653 2356 4227 2105 4287 2289 7440 7733 2009 5680 6146 9673 5392 9583 7826 6278 9830 8433 3182 5767 5126 8057 2912 5407 5569 8899 3615 4974 6534 3523 1694 7395
7726 8912 2970 7276 7370 2959 7232 4327 7451 2848 9022 3585 8581 7325 3129 3528 8250 1922 1122 2340 5258 8487 3530 2701 7567 9349 7556 4687 5004 3873 2914 8710 4762 6975 4436 4076 1662 5816 5863 6279 1237 3461 9319 6789 7032 3556 1542 8974 2135 1216 6701 6931 1842 1775 2572 5491 3523 2496 8348 4179 7680 3233 4647 1121 3423 5122 9464 7434 7668 1390 3113 2094 8640 9772 6253 4431 2343 9752 3236 6641 8711 9090 1391 4879 6481 4265 6124 6863 6551 8094 1394 1082 9926 6405 2209 3419 4341 7212 5877 8344
3536 1100 1867 9740 6238 3972 7311 4347 1910 8981 3683 1491 3504 7611 8775 3878 3366 9192 3000 5204 8832 9853 5604 7627 3216 1255 1592 2763 2216 7667 9909 4928 6706 4498 5012 7832 5956 9322 1162 8845 6287 7604 7147 6595 2214 6517 7759 1438 2200 5637 3625 1982 5389 8702 1110 1258 6355 5209 7971 9797 7905 4395 5823 5852 3358 3131 7460 4376 7097 8439 1846 1861 8263 4452 7857 8529 6778 7662 7105 9777 1983 6428 4541 8515 4862 3492 6504 9769 3356 1302 4788 6276 7638 7965 5957 4741 5379 7755 1080 2456
5803 5138 8439 3217 7933 7764 5095 1143 3133 7386 8795 4558 5588 6642 7740 9483 5188 8416 3774 1675 4685 5733 8432 7149 3467 4940 5635 2938 8209 6459 2624 6759 8766 9323 3212 9828 3570 9386 4836 7746 7190 2009 3635 6400 8562 4413 1376 1675 1385 3879 7981 8934 9902 6588 3491 5477 2139 4629 4965 8978 3598 5580 9490 7487 7769 3258 2175 1055 1047 4063 9614 1459 1409 5088 1450 6191 5438 8076 7533 6722 8369 9118 5193 5703 2435 7651 6280 1713 3690 5898 1412 3461 3362 7541 6453 1521 1767 8660 1388 6413
8164 9517 3025 7364 4127 1525 1642 8750 9709 8727 9385 3585 7252 9040 7527 9943 7214 4841 7515 3076 3751 9079 5176 9586 9204 5659 5807 8800 4309 6798 3385 9729 8810 6169 4708 2577 7542 1726 5118 1609 1639 3872 9921 5287 8988 4178 6331 9156 2401 7983 3984 9139 4191 7163 1726 9638 1269 6869 7533 6135 8921 3022 5322 5037 1174 6566 8777 3954 8271 5802 8400 1545 8268 2229 9058 9647 2944 5242 8759 6989 8694 1423 7327 1925 2307 3996 7397 6331 7780 8200 8751 9822 5752 1668 7544 4767 8064 1362 6867 6828
3564 2152 7901 2979 2167 9766 6437 3763 8858 4015 1669 7952 4578 8420 1682 4545 7419 4291 4765 7138 1980 9827 6844 7254 8632 3701 5381 5823 8212 8171 8217 8034 6114 2253 8401 4730 2791 6934 3700 4737 7301 5832 5630 2198 5121 3286 5174 8298 3196 5048 4184 2820 5817 8081 7109 8111 3499 6140 8159 2241 9632 3092 4523 6931 3441 4864 7879 8508 9212 7133 3117 4370 3295 6751 9625 4947 8369 3914 9944 8212 9436 1196 4659 7918 1686 2091 9230 2387 6800 4864 3145 3022 8925 3259 5743 7311 8020 5688 6779 8854
5369 5817 2668 3826 4442 3308 2014 9106 2150 8582 2337 4213 5019 6190 6514 2903 9833 6480 8861 3202 5449 4060 6630 9433 6368 8486 6068 1207 6656 2668 2886 6185 9930 5112 5946 2469 2472 2650 6742 8408 6724 4057 3140 1527 2994 5369 9521 3175 7591 2575 4444 3591 8698 9278 4679 6030 2984 7757 1085 4112 2346 2098 4343 1499 3997 1450 5675 8327 5451 8488 1070 2892 3448 6527 3320 7940 5841 1903 5454 7151 5063 2720 3657 8656 6565 1756 2479 2935 1415 1772 6487 3544 2461 5002 1961 6540 1077 6913 8846 9306
5232 5688 9804 4628 3742 6920 4409 1761 9601 8087 9584 8223 6903 2342 2436 4949 2381 3199 3353 9342 3561 6735 4948 3295 5873 9673 7871 7293 6011 8451 3621 1728 7072 6226 7191 9066 3290 6947 2554 9690 6179 1805 6998 5707 1436 1533 7836 2170 8263 7740 3716 1897 3380 2000 2637 9386 8331 5670 5975 4455 7692 2619 8024 3534 5056 5028 3045 4165 3115 6637 9609 1706 4312 6662 2861 5699 9537 7102 9227 5020 1569 3099 4359 3657 7615 1145 6704 6427 2110 4875 8923 6629 8688 9295 5399 5285 1148 9978 1579 4257
4026 5777 8476 2970 3146 6334 9687 7802 1137 2682 7610 2257 5258 3706 4729 9793 6690 1322 9861 3966 1042 5453 8812 8589 9364 7459 1486 5427 4223 4186 7680 7858 3273 3997 5104 4543 4569 9253 7600 9726 1622 2597 4277 3356 6613 2275 3624 2189 8116 2344 5620 3012 4496 3720 1071 2820 8657 2550 8275 7260 7863 9109 1653 7743 5970 6937 3464 8551 3274 8934 5542 1409 5298 1114 7531 3271 5321 2651 1667 1247 7248 5518 6035 6375 4484 4989 3548 2282 2652 6646 9415 2694 9449 8553 9050 7799 7731 2785 6818 6785
9686 8091 7788 3909 2156 6405 1803 5197 7771 9097 5616 7354 9474 2215 2317 2908 2880 2790 6900 3451 8366 1618 6739 5217 2905 2530 9535 4269 8711 7880 2542 7853 1453 8429 1792 2528 8932 2804 7510 8908 1985 9403 8319 6116 4480 7126 1715 7744 7242 9241 9286 2561 4761 6087 3437 1288 1335 3968 9831 3314 4320 6250 6011 4799 2263 1240 2676 2788 2981 5344 2764 5318 4866 2693 9765 5033 7674 7508 6504 9480 9111 5752 6618 1093 3591 5240 5745 1698 3346 2096 7821 2751 1475 8844 6698 8528 8887 1022 2940 8241
9799 2191 7284 4960 1962 2568 9577 8667 1881 1734 8850 1710 7299 5581 6004 1121 7441 8725 3122 6216 6600 8703 1211 9867 8095 6654 9776 4442 8207 6613 7609 8476 9163 1030 2312 8078 7976 8373 5459 5886 2030 7428 4020 4291 1290 2975 5523 4742 2943 6970 6261 9458 3434 8939 5806 6343 4935 6255 2856 2120 8858 1530 8870 4827 6637 7148 5916 2745 3605 6471 8534 1065 5958 3234 8412 7539 1679 9512 4779 6131 4365 3303 1277 7430 1247 9714 4220 3504 4221 1439 3415 6100 7401 2399 2173 2783 3019 2563 1249 6497
1035 5538 7837 7423 3709 6232 7307 8584 2237 8491 6746 3472 9429 4632 6002 3301 7598 4948 9300 5325 7637 5959 9293 9408 5075 8124 5175 2586 4482 2121 5191 9186 2581 5932 9861 3412 3358 9797 5872 8236 1148 1067 7190 4725 6364 7816 6885 3156 9015 1447 9268 1433 4556 8411 2994 9953 5693 7523 9695 8466 1477 1916 3737 6540 3638 8685 6780 5554 7842 6563 7962 2715 1304 7761 7472 5366 3483 8235 8590 6374 2694 1184 8541 3131 4943 7934 6767 1065 8516 2348 7101 8048 8401 4017 4349 5987 5056 8198 6932 9396
9010 5374 7132 6780 3724 6570 6639 7925 3240 8476 4168 7250 9408 1467 2133 3300 7319 1192 9617 8090 2155 3268 5632 1523 3434 5292 9500 5755 6930 3639 8028 5535 9663 5210 1072 8510 7227 3177 9887 7180 8779 3854 1900 2468 9145 5972 1519 3243 4669 2430 8372 9244 6741 9128 4815 8002 6476 4663 7142 6337 6992 1561 9896 6742 1066 9644 7690 5799 3662 4689 9255 5080 9269 7672 1042 6316 2798 3013 3488 9297 4993 3551 3638 1038 3660 8559 9122 7303 3164 2740 2843 9316 3580 5397 9958 1495 1135 4604 8090 2906
4871 5657 1083 4340 6362 1640 9955 5309 4005 4614 4136 2525 3331 7729 2795 3739 1714 8563 5742 3531 9796 4212 6030 8451 2614 5428 4170 2053 1728 3443 6026 1558 1543 5541 5380 7259 3267 8668 2030 2205 5402 1765 8377 7393 9296 5788 4264 2519 4586 3764 9077 2128 9127 6439 2928 7130 7767 1882 4543 3456 4896 4286 3734 5163 7064 4782 2535 4957 4950 1745 6549 8811 6713 2982 6237 8762 1234 6260 1354 2697 8766 5026 3762 5247 1958 5266 6992 2105 3380 1118 6227 7424 2128 7726 7351 8126 2805 1427 8613 3733
7229 3210 4250 9716 7393 9089 8330 2485 7258 4641 4903 7899 8340 7465 8676 9227 3090 1029 7496 3355 4727 9478 7484 6364 3082 2437 7701 3834 4259 5689 3201 4596 8845 2067 2818 8808 8126 6837 6982 4181 3501 2844 4134 1273 2114 6862 5658 9397 1322 1243 8473 5141 9885 2165 5834 1282 5661 5226 4352 1143 4497 7321 9528 5417 5048 3388 4003 3632 9208 2555 1581 5026 1882 8673 1474 1475 8148 6460 5301 2185 1714 3463 3461 6763 9306 6116 2915 7686 5017 4681 3464 2783 5420 3687 4541 2141 5376 1495 2041 9301
7112 1179 9664 9934 9336 6218 2498 8918 8066 2822 1740 5855 1408 8535 3663 3041 5579 3129 5191 6122 2501 8556 5922 9056 4720 6923 7642 2340 6597 1894 3889 5910 6604 6567 9017 1494 9436 7875 4886 7877 7182 7949 7018 1209 6153 3474 7715 1467 6600 5305 4341 1455 1787 5623 6051 8598 3912 3371 6434 5124 4054 5965 4677 3015 2739 4101 9125 7547 2283 2201 6770 2870 1665 3174 8863 7767 9029 5885 1225 5859 3911 3402 9702 1599 8162 6199 3783 9125 9719 7915 7559 3472 1926 6946 1714 7272 7507 9909 2387 9918
7852 9081 2603 7455 8044 3098 4883 3338 6485 3631 2969 9774 9970 7221 1552 1678 9666 5948 7230 3490 2019 7937 1626 8835 4589 5334 5430 1955 5783 9806 6760 4574 8083 2545 5784 6243 5250 5682 4339 8641 3885 9829 2715 5094 3189 1860 1159 1403 4965 5795 6600 4334 9082 5092 9623 4117 6757 3758 9659 1568 9262 8889 4878 4637 2552 7057 7605 3497 3153 5109 9708 3388 9914 2083 5740 9927 2985 7896 2797 5433 6547 9262 6785 3870 6969 6752 2750 8301 1842 3309 1436 1819 7964 3510 4885 4929 3435 9827 3822 8671
8200 2302 4867 2444 1273 8489 6469 5657 2403 5012 7573 9767 7988 1995 9917 8379 8356 3886 5201 4225 5593 9555 1387 9545 6935 6549 6423 7924 6240 8909 8356 3120 7119 1136 7541 1935 9166 7440 5247 3208 3509 3529 1846 4425 2139 2110 2604 7150 4759 7555 6209 2159 2313 5286 7365 2508 1661 6676 7931 7087 9174 4262 8150 7930 9800 4729 8597 1589 3548 6040 1919 9705 2783 8675 3666 5085 4565 2909 6344 2441 4410 1680 1612 6021 6767 9356 5138 1071 3039 8759 5759 3282 3286 6410 2564 4637 3532 3972 1747 5815
8033 4106 1580 1339 9996 1905 7632 5508 4729 1179 6118 3279 2501 1618 8863 6905 6713 2004 1748 7315 9877 1041 9713 3661 7292 6880 4363 1563 9815 6795 7124 3978 2663 3810 9340 2561 6552 5937 6208 1238 8288 9097 9163 4479 5082 9719 5481 1915 1968 8117 3852 8329 1790 1259 9724 4577 2162 1865 9899 6673 9229 4745 9151 9132 8266 2027 7942 8929 1533 5956 8633 2314 1462 1136 2889 3106 4582 3492 3098 4021 3762 9571 5758 3851 1951 9818 8733 4100 1406 8264 7905 9904 8254 9957 2604 6842 8127 5394 8371 8437
7121 8898 3418 4631 5405 5305 9032 1694 8905 3087 6281 4059 8093 3535 1487 2868 6603 2156 1947 1602 2828 5742 1329 7778 1841 4558 2857 2154 8676 7920 2739 8919 4679 7950 6874 7713 5265 7570 8143 3526 3881 3354 7212 3756 6446 2157 7562 6867 1315 1874 7658 8146 7544 6726 3809 3611 8972 1443 9181 2379 3985 9145 1989 7303 7361 3193 4122 1147 6951 7741 5500 3225 7496 6084 5043 1850 3146 4269 5359 4725 6957 5265 6030 9201 1777 6812 9504 3254 4829 7999 5600 5022 9156 7223 1288 1555 3181 2777 5714 6078
9704 6971 6787 2363 5644 9755 9033 2644 3895 8707 2984 3778 8890 8811 3701 3982 5786 8149 1445 2034 3414 2453 8738 8209 4827 5712 8703 2274 1654 4058 5616 9397 3040 8359 1002 6496 1479 8196 1001 5005 6067 6022 9175 1076 9408 2556 5673 7556 6036 9189 6220 4576 3705 1981 6327 9629 1542 1041 8944 9537 6555 3154 3784 3850 7189 6529 3581 8370 6923 6753 8307 9124 5967 9726 4988 1159 2461 6121 6136 1584 2881 4198 3343 7926 1651 5935 4775 2132 9115 2259 2857 5427 9605 5090 1110 1487 1685 5411 7848 4164
4643 2566 5970 9291 2915 7045 5995 5728 4268 5876 9288 8528 3884 4055 9949 4842 4098 1945 4888 8740 5324 7448 8240 2362 4060 7195 6876 6659 9647 7376 7104 5142 5251 1050 6063 7958 9976 1555 3240 5170 7397 5643 8491 2945 9802 6322 4653 7381 5838 8489 2756 8405 1490 1812 7650 9878 5234 8859 2605 9298 6963 1682 2202 8875 7876 6584 8284 8110 1909 7288 3206 2402 8098 2165 7844 4112 8964 7068 7111 3653 3654 2621 5928 6944 4111 8494 8647 2732 6637 4198 8702 2100 8086 6884 9110 6624 6933 7495 2176 9593
4784 3382 7779 5383 6406 6822 5693 8116 6418 2265 9614 6481 1303 1877 3324 8380 1844 9874 5912 9932 7463 4869 7955 2473 5953 1017 1168 5736 6270 2407 3391 7088 9084 4258 6782 2525 8799 1065 8739 7027 1978 5013 2295 5099 3194 5682 2151 7649 4339 6689 5409 3935 2056 7678 5417 5864 4586 7200 9629 1694 2132 4030 5809 7797 1173 5613 1973 4423 4859 7887 3968 7208 2132 4189 9161 4329 4198 1244 7348 1262 6408 8686 6924 2969 2813 6535 6742 4141 4312 8693 9560 8676 2445 7471 3631 1160 7855 3082 3194 3282
5212 8386 1830 7000 9555 8060 3744 1074 4959 7795 9222 9143 9110 5212 9627 5962 7514 7422 2849 7938 7655 2731 7297 4852 1511 4262 9661 7390 8751 7773 9744 7474 5453 8720 1163 9069 8310 9361 7569 3856 5529 1449 9604 1844 9370 2604 1748 6428 6604 5614 8357 9930 2142 4265 2193 9641 9196 2031 2302 6372 3909 4454 1419 2957 7704 5723 9355 1636 9133 4092 6267 4334 8265 6570 6600 7865 5551 1711 5845 6047 7745 3233 8281 9466 6800 1050 8757 7635 8959 5962 3039 9222 2152 2826 3436 5893 6445 4105 7732 1481
1975 6184 3186 1958 4409 8142 6251 6364 5521 4925 4297 9205 3870 3017 6899 2458 7191 4926 1719 2482 9757 5975 7856 7237 9660 8713 9354 3468 1626 6964 9593 2616 2155 9933 8968 4891 9293 6140 5214 1217 6955 4944 5407 3330 7761 1989 6236 4301 1920 3840 6574 4005 3104 5626 9710 4587 5024 4710 3286 3111 7783 2290 7134 3578 2133 4934 5192 6973 7870 6752 2915 3328 9996 4297 2056 3434 2309 6520 7018 8465 7189 9534 3557 8345 9551 7096 2128 2415 9399 6999 6833 9803 4495 7973 4164 8026 3362 5879 1264 9522
8604 9969 7301 9707 9772 8572 5604 6712 7698 3115 6756 2775 1660 8566 4372 3839 3305 7275 1122 1512 9697 9306 9091 9512 2285 8533 8458 6121 1058 7242 3747 5523 2098 6944 4781 4710 4243 9623 6736 4006 8168 4882 5913 6328 5804 1774 9001 7755 2720 2571 8751 7147 4353 2473 2542 7125 1220 7062 9120 4805 2383 3629 7657 9295 2755 7253 8996 5500 4558 2006 8357 8456 7165 1837 9828 1159 6642 8247 2536 1494 8731 7985 1406 6285 1610 1935 3799 3163 4430 8435 2885 4248 9126 5721 1354 9334 3319 2790 1706 7298
6769 6586 1877 3259 1722 9588 1838 6390 3612 9008 8529 3561 1878 7019 2103 1395 3395 6757 7688 6917 5659 6440 1337 5714 5824 3128 5339 6845 3334 6922 6867 7634 6443 8039 6940 1718 1741 4946 5334 3342 6423 9662 7796 7955 2647 7095 2431 7370 6770 4522 4504 5075 9989 3895 1725 5094 6361 7420 9883 8228 4095 3955 6703 7508 9485 7664 1221 6020 3217 7444 9140 5128 4113 2535 2867 1003 5694 4177 4379 8840 2617 9431 5045 4756 9086 4079 1179 3636 3307 1428 2197 6318 8799 5000 5284 9851 7039 6182 6740 2011
5042 3566 9044 5259 5221 3040 2998 7916 6992 4257 1222 3903 4875 6705 2014 7998 4933 1408 3732 2518 3746 9839 4030 5100 6326 7338 4518 2418 9275 3838 3368 8536 5568 5473 2968 3087 4520 4185 1823 4166 9127 9865 7096 9922 3058 2958 7100 4921 9046 3431 1203 2842 8673 3337 4778 1940 6484 5212 9714 6604 1156 2284 9281 7243 6088 2265 5493 5707 6206 7661 7335 5286 6546 5916 7066 6712 8692 6219 4099 3167 5416 5119 2042 5828 1099 8422 8211 9788 9089 8956 6947 3624 3978 7505 5474 1835 8051 6883 3149 8997
2687 2171 3966 7655 2746 2778 7013 2541 3635 7256 1556 5806 3381 2972 2903 9360 8461 5024 5939 1624 7739 1936 4725 1413 4308 2157 6853 2224 6526 1155 5138 5178 8295 2527 8391 9992 3188 2350 1688 5558 6278 6933 8178 7377 9752 4197 6426 6002 4715 6043 7080 9114 2914 2022 4255 5762 7358 3836 8668 4445 3314 2696 5372 5931 5540 8546 1212 1862 3471 2205 7844 8632 8865 5409 4717 5441 5040 9683 8019 3810 2651 3138 8510 6746 2750 8159 7253 3403 5675 7448 5296 9861 6268 2170 3470 1864 7383 3547 7022 9785
8842 1327 6793 6899 2232 7218 2348 1598 2564 7572 9860 3861 4732 9661 6060 8809 5958 9509 9929 8863 9669 5252 4010 4005 3644 6049 3299 8844 7922 7658 9710 1695 5610 4166 6931 2813 1464 3663 6682 7934 5955 6570 6167 4261 9728 6565 4738 8817 1119 3413 5782 5228 8376 6230 3086 2676 2797 4092 6089 8117 2179 9427 8523 6700 3099 2970 3672 8982 6498 6264 5189 7171 9107 2869 4643 1192 8275 4280 3533 2572 6324 5118 6179 6494 3727 3712 7351 2908 5808 2102 9291 7063 2344 4745 3817 6873 7830 9988 8747 4153
3019 6199 7387 7084 6236 4550 6758 5556 2985 6949 3232 2577 7637 4481 9499 8466 3854 2343 9249 3202 4350 3217 7220 5579 5712 8784 4975 5122 4365 4566 9040 8858 5809 8260 5221 5210 2835 9263 5993 6408 1299 4640 1115 7775 2895 8719 1403 9589 5150 5573 9837 3069 7809 2074 6923 6442 1154 9846 9246 6283 7583 6129 6602 8924 8353 5728 7616 1668 6382 6094 7579 3324 8044 8789 8740 3324 3708 4657 7018 9494 2192 8942 6762 7387 7330 6968 2130 8196 7579 8783 7211 6590 9623 9560 4575 4889 5814 9488 5231 3353
4386 3105 1617 5626 9526 1812 9132 4652 3106 9929 5572 4737 6569 4859 9009 8624 3934 7602 8186 2260 9328 3312 2460 9492 6163 5185 7115 6792 3067 3302 1083 9639 9847 6847 8169 1494 4312 2552 6056 5811 8561 9167 5059 6073 3227 7552 6330 4296 2041 5901 5485 7355 6194 6729 4312 6061 7516 3019 9290 5286 4437 8451 3382 4866 6450 5078 6460 5442 5864 2023 9121 4860 5596 9732 5955 4981 4294 6344 9113 7304 2110 1537 7748 7112 7132 2778 8282 1966 3400 3716 9545 7763 6329 2702 8087 1184 5127 6137 1957 4455
7921 5631 1255 6135 4430 6401 1248 2059 6662 2987 2087 9789 9485 5791 3117 4418 6838 3570 4286 5129 1758 1909 9234 4073 7017 5288 6848 2496 3452 3108 8697 8539 3852 4043 6282 7994 3089 5213 6899 3822 3002 9109 6278 7825 5989 1365 4456 7159 7147 2068 9658 8712 9451 9025 6577 5856 8498 9963 7274 5776 7646 6537 7715 7043 7617 9379 9546 3579 7011 2593 3408 8731 4476 6853 2951 8872 2191 6319 7480 7439 3137 9020 3282 1664 2823 2652 4817 1753 3857 5221 2214 8528 1020 8000 5710 1655 2203 7660 1157 3804
1826 7404 9405 9178 6104 8394 7726 7353 1264 3769 6475 7202 7796 4707 5226 8713 5424 9012 9323 7510 2853 9494 5830 6502 5721 7612 2076 6880 4379 5544 9762 8531 9161 4387 7776 7958 1965 5999 9002 2932 7502 9550 6830 7725 2926 8500 7356 6844 5576 5030 9010 5134 8296 6950 9556 6498 9974 1341 8157 7947 6018 7031 6666 4328 9901 8781 8491 2139 3992 7712 1304 2924 2334 6630 7037 6836 3811 8748 3237 8704 6419 7001 7167 7422 8472 6751 8217 4350 6435 1133 7576 6837 7242 5602 1238 4283 7768 2532 2922 3520
7598 2544 6339 4300 9026 7137 6965 2041 6246 3881 5167 3549 5332 1898 5725 5753 4956 5860 4316 2241 5215 7804 1934 5623 2557 2848 8631 9585 7585 8023 7454 4177 4838 7450 9428 7059 6010 3456 4029 2741 2415 3958 5381 7411 4868 2052 1564 3804 1297 9417 6602 9977 1261 4156 3757 6621 9940 5204 8628 3253 3344 8408 1417 4471 6947 1977 3710 7071 6960 2545 7038 7389 4799 3102 8356 1243 2856 6854 4031 8748 2604 4773 2445 9021 8058 4331 6547 4173 6673 9966 8830 1021 3988 7180 6437 7729 6093 9639 3178 7338
8776 2714 4930 6788 4941 2900 6337 1624 4760 9396 9983 5515 9454 1640 7666 5491 8175 9151 7354 8983 7538 9549 9191 9300 3890 1059 5424 3065 8852 1942 1018 9215 3967 3859 3583 1512 5152 9008 4344 3883 4171 5736 1227 9727 2681 9924 3027 2622 7511 4116 8164 4285 6679 3540 8420 6215 9732 6373 5469 5376 8482 5540 8974 3655 4912 2845 6581 5167 1448 3947 9953 2840 5485 1229 5801 6086 10000 4386 9194 4325 3242 7501 1222 9051 4053 4625 6353 2359 1248 6999 8293 2894 9669 8568 7949 7625 8391 1672 6394 2475
1088 9846 8797 9441 8369 5737 1854 5447 8477 4401 5719 3381 6631 5197 7514 7515 6039 9783 4201 5896 2788 4574 7900 7242 5236 2614 1264 4434 7067 7364 6436 8447 2013 8390 7230 7176 1599 7860 4073 4037 2609 6239 8415 1462 1728 8719 5966 6383 7110 4116 5369 2809 2170 9699 5923 5397 2280 5977 9102 3710 5667 3752 2542 5342 4341 8501 8725 9860 3487 6661 2221 9432 2814 3246 9149 3661 6761 9282 7038 5334 5996 3325 5842 4276 4927 7427 6105 4906 8299 5385 3389 3162 5087 1256 9052 5601 7129 8994 4796 9166
5321 8042 5534 4974 5403 9761 7509 9608 2832 2700 6088 2615 6824 5004 7323 9686 5964 9914 2832 1530 2309 9603 2712 5940 8863 6840 8471 4681 9299 3177 8217 1441 3884 1755 6271 3397 8780 7974 8890 6208 4600 7179 7834 3779 3790 7507 6713 1076 5222 9412 2981 3533 7195 5171 9719 8513 4445 2575 1648 8638 5525 4400 9527 7574 2119 7440 4975 3638 6596 5982 4130 4304 5986 8409 3337 9274 5967 4526 7400 1149 4906 4329 7706 8958 2246 8753 6646 8268 3634 2010 7971 7369 5193 5041 6624 2597 7504 6590 6048 9432
4297 7472 7107 5549 9939 4964 9034 8109 7998 5083 9740 9284 2540 8965 9759 1321 3949 9627 3300 8291 9192 9447 9731 1179 3290 1736 7039 7769 8602 8025 3174 2346 8779 5047 5746 3619 9728 8495 7136 2788 4628 3933 4063 5727 6175 2181 3368 9689 6040 5452 3569 2889 8968 9909 5946 7604 5285 1722 3347 4581 2788 2310 3045 3303 4727 8176 6301 7284 1443 9596 6087 4706 6234 9888 4643 5804 8452 5492 6312 1325 2731 3345 7720 8103 1621 1149 4372 3077 6043 7848 2450 9380 5688 1715 6170 8047 1795 2939 4648 1626
6971 8543 1526 7516 2755 1146 7174 6234 7890 9174 4703 9309 3819 7026 4079 4129 9391 2341 8515 1367 9214 8873 6232 6410 7680 5813 3135 9977 9253 5709 6316 9688 2914 7726 1802 3902 5457 9388 4146 6773 8237 7332 4033 3788 4842 5208 1520 8626 5333 5429 2479 6928 4066 5850 5700 3645 6756 4002 7765 4731 9669 4813 4214 5897 9889 4898 7930 1904 1935 8617 5478 6745 1217 9504 7026 8606 9414 2509 5388 1935 4975 6500 6106 1446 8818 9185 6273 6850 6569 9155 5109 2761 4019 4572 3820 1707 3155 6024 5507 1288
9363 6423 5354 1872 9994 6711 9876 4086 4860 7498 7108 2325 4313 9854 9157 6228 2827 8759 3825 4184 6339 7393 2293 8240 6246 8069 9900 3001 5900 6487 4928 4296 7932 2379 1186 1260 1119 9106 6434 7661 8512 9846 1624 6771 4308 1314 6152 4354 2536 5127 7182 9236 4932 3720 8498 1529 9940 8377 1099 8730 7120 9170 3466 4992 6308 5613 4722 9940 9182 6204 4264 9979 2028 3480 8434 2555 1845 7367 5927 8650 3303 8755 6114 6424 6212 5051 2039 7197 8952 6288 7429 3512 3081 6881 8884 4819 6663 2749 1303 8142
5601 1641 6506 8124 9245 4189 2036 2024 5794 4167 3657 5462 7531 6794 6778 6781 2782 3199 3472 2917 1498 7291 2565 8112 8500 5938 6427 8663 4285 1470 4861 5077 8901 9175 9513 2791 5387 4784 3461 4603 4192 5514 4040 1865 7931 2673 9409 2732 3525 6782 7324 6620 7469 5583 2874 3627 7313 3378 7078 5943 8958 8418 4615 2101 8981 6581 7031 6225 1870 8067 1719 5069 7464 1079 4448 2461 4973 7567 7772 2086 2985 3704 1316 4806 2188 9459 6619 4315 5085 8573 4429 8466 9225 6550 7839 7865 7357 9297 8790 9313
1947 6246 8030 6742 8947 7353 7090 3982 5728 5341 1051 9920 1303 2351 5804 7803 6091 1356 2671 3045 6284 2034 4426 9567 3359 5565 4038 4290 3629 4046 5640 5597 1476 4246 9598 6975 1863 6404 9403 1015 5409 9242 4337 4138 2890 9438 2308 2796 8382 9374 5836 4775 6379 6417 4352 3952 4514 2609 8138 3270 1844 5899 7187 2212 8709 6740 9041 4235 1035 6402 2328 3199 9263 3280 8351 9666 6153 2255 6998 5617 7151 6459 5374 6492 9172 3259 3973 5816 3233 6581 5408 3556 1707 7745 5460 8180 3310 3857 9552 4854
9925 7019 7979 8269 5339 3868 1222 6101 8143 3633 2870 7491 8906 3764 6282 8384 3409 1997 5809 2214 5236 6363 3811 3778 2787 2107 6877 6882 6037 6276 9469 3583 1522 9476 7501 7265 1028 8700 4493 5574 8317 4873 2223 4005 8089 3147 9974 4983 1384 5112 7251 2921 5425 1726 6127 4909 5729 5068 2756 4116 7649 9249 1388 6747 7538 4484 3468 9729 3955 4470 1419 6069 8002 5107 5789 1990 8846 5220 8525 8415 7241 2900 5806 4277 2717 3207 9147 1974 3920 4548 2070 8905 6262 4017 8898 9590 1833 8459 8117 8040
1973 5968 1206 7576 1452 8292 4960 3051 8172 7323 2321 6172 5555 5584 5246 5907 8371 2179 9587 1961 2226 7243 9948 2072 6216 7014 8551 6715 2023 2322 8177 4001 8076 6235 9888 2089 4509 6620 8528 6266 4506 6899 1987 9107 7223 3854 5162 9696 1431 5919 5518 5918 5776 2705 5445 4304 2873 4039 2897 7356 1736 7455 8311 4982 8955 5955 5520 4264 8659 1665 6625 3566 7268 4201 8369 1682 4063 4103 7062 9968 9040 9126 2759 7526 3953 3120 9355 5473 2768 1468 3231 8711 7736 7933 9387 6666 6991 1634 5914 9497
8782 6246 3814 1806 2539 7745 3593 9733 5095 4294 7282 1868 5337 1700 6503 8889 7918 2218 6954 5102 4896 7288 3742 2164 7078 4037 1733 4358 4100 9943 9611 1791 9372 1450 8620 3948 2855 6525 6423 4213 7537 6693 6112 9827 3275 6853 1136 9081 9499 2883 1861 1997 7771 5324 8080 2615 9105 7614 6385 5988 1112 6516 7685 4610 4223 5412 6370 3105 6215 9723 6254 1583 7005 4191 2107 8620 4206 1135 1093 5015 4969 4844 8123 5207 6986 3893 1362 3967 1789 8109 1323 8106 1587 5194 4724 9259 2664 3359 7445 4475
7043 2821 5921 2632 7964 3082 5591 2749 1461 5647 8200 9575 3029 2285 7915 6502 3577 7093 7470 3208 7435 7565 1152 7619 9203 8700 6272 6930 8790 4550 9726 7098 8604 5355 5641 3468 6802 7904 5640 8368 3360 7256 3879 5426 1423 9578 4586 9954 2960 6625 6176 1618 3900 6227 7462 9242 1054 8156 1281 9237 4384 9403 3579 3204 7545 6996 1963 7932 6489 1592 7666 8981 1794 3100 3886 2539 8423 7687 8730 4743 7772 4899 8553 5477 3682 3274 8154 6584 5689 5255 2784 9319 1341 9221 8165 2641 6981 8516 2332 9030
2446 1579 1860 4730 2969 3045 3751 1526 6841 5860 4043 4554 2230 6662 8651 3536 7017 3305 8012 6065 7428 4021 6041 2458 5999 5688 5202 8603 7752 8464 6416 1267 9397 5351 2264 4012 7838 6226 4477 5129 6595 2680 4183 2958 6732 1108 6747 5259 1370 9949 4051 5470 9581 9952 7667 5186 6320 8375 5535 6291 2161 7604 5520 7295 3287 3469 9550 5201 7516 5077 9346 2048 8703 3694 8058 4263 2040 1425 8240 5179 9728 6607 9991 6913 9970 1847 9208 1266 8046 6788 9106 3334 5377 6116 1857 5622 7236 5826 8889 8995
2208 8229 1012 6965 1702 1680 3873 2603 4857 4925 5583 5420 4935 4163 6857 3241 9251 8694 4449 5448 9095 4763 4864 3467 1878 7459 9268 6304 2119 2484 2481 3566 8074 9530 2353 7754 5425 5640 5686 8342 2583 2676 5304 9208 1133 6073 2780 9304 1482 1159 7318 2009 1623 2189 2871 7932 4355 4662 6160 4901 9237 6268 6121 8907 5900 6111 1777 1600 8275 6535 2778 7935 3788 9093 6496 1522 6476 7384 2955 2344 7445 3018 1155 6353 9312 2773 3445 2847 3934 3524 7879 1599 8411 1606 8131 2620 2857 5537 5138 8600
2066 9527 2518 6650 6241 4099 6805 3357 4163 3850 2341 5233 3541 5992 7096 5829 9648 1845 6503 4309 8619 4911 4484 5442 8493 2615 3034 8246 1583 7804 8364 7303 3367 5033 7274 4626 8467 8807 5244 2348 8290 8380 1343 5276 6680 8257 4527 1641 7106 4917 7439 7030 3235 9570 4263 3400 3636 3887 7489 7820 8104 3500 7388 7864 5862 8371 8696 5529 5091 6580 6383 7442 6998 5174 4976 7719 3863 1320 8365 6116 7292 9512 1299 6086 3987 6704 6879 5984 6048 5719 7071 1979 4619 9622 1967 5465 8761 5015 5441 4782
9626 5754 7816 1809 4714 1176 4847 6809 9827 2944 4370 7446 8472 1441 6210 8412 3611 7222 2061 1049 2718 5124 6507 9068 3866 9573 5048 4920 8670 9271 3787 3761 8392 8484 2706 2178 3653 9068 9607 7789 2820 6687 3511 7765 3343 1324 9842 5107 7653 6397 4235 9934 2534 3612 6947 2470 8351 1390 9803 4074 3410 7736 1079 5509 6246 6382 8604 7569 6667 2318 7535 3655 4866 6486 1966 7316 8804 7485 7719 1402 7802 5648 9386 9167 6628 6986 1013 9516 5738 8391 7387 8880 6960 1106 8969 3892 2803 3056 5223 3768
9881 9703 4679 7139 7515 7338 3998 6892 2622 2916 3877 4990 7114 5703 9475 4343 9402 8479 2090 9212 4787 9427 7738 7737 6280 8865 2568 5960 2625 2963 4779 3214 5211 9059 2108 9967 7582 6380 8422 7345 2728 2232 7332 1846 8160 5194 4292 4668 1502 6852 6253 9712 8461 3591 3712 4106 3119 7454 7389 7705 2667 4685 6569 2238 2612 9640 9388 7525 5917 4567 9672 4077 5749 8458 2195 5375 1671 4799 1391 7050 7174 9523 7106 5981 3795 8498 8813 7748 9368 6811 8978 9107 3915 8068 1150 2253 8911 3215 6645 5448
8958 5246 3902 3289 8163 3741 8803 6580 9827 8621 8406 9931 3683 8771 5017 1925 5647 8231 8817 9757 7437 5230 3097 2210 9914 1870 6236 6070 8102 6167 9432 6724 5737 6029 6056 6362 3975 4700 1319 4801 9064 9259 5403 1190 9773 7299 4276 1831 5601 9192 9170 2349 5234 4056 6012 1995 7696 4848 7505 6571 1372 2320 1196 1812 8608 4956 4665 9765 3170 5705 7229 7485 6283 2863 5294 1588 3715 2292 8216 8813 9983 1590 8977 6904 1048 6547 8348 1896 5765 2847 8371 3629 6971 9068 4910 4910 7449 1907 9146 4730
8902 3803 9124 2883 9760 9335 4817 6917 4372 5157 7420 9909 5788 1223 7281 6016 7906 2477 6499 5701 9657 3556 8452 6208 2963 9196 8298 9560 2226 6577 8924 6501 2778 9766 2602 7195 5901 7205 6824 4663 8661 4819 3191 3292 8747 8991 7880 3303 9353 3958 9248 5319 5287 6070 8861 9318 7430 3510 5393 5690 8877 7924 1754 4490 6313 5394 4457 5929 3636 2562 8688 6502 6654 5927 8939 6941 3538 8343 5934 5599 9682 1218 4487 2446 2364 3747 9665 7432 9768 9362 2864 6447 7934 7706 5540 9403 5869 5094 6326 1555
7574 8657 6949 8080 7607 8828 6711 6794 7064 6575 2698 1539 1773 4562 7533 3231 2016 6988 4385 6378 3622 4098 9115 9431 7782 8784 6066 5479 7127 9440 5145 2460 1697 4947 6148 7995 2210 2537 5491 6967 1879 9227 5595 6091 9823 1689 2479 4998 8656 5485 3378 6298 6353 1075 7837 1987 8866 1794 8599 1011 2043 5081 9668 7991 7191 1712 1809 7920 3519 2815 3027 3368 8423 7221 8132 8822 1573 1384 8933 2850 4378 2142 2087 7380 8557 4744 6142 7294 8752 8057 1068 4033 1262 5482 1617 5854 2702 9241 4186 2637
3366 5405 5653 8917 8788 3766 3957 5959 6810 7179 2233 2657 5750 1745 6922 4309 7750 6492 7081 9646 1217 7645 1204 3107 2310 1271 7797 8923 2046 5707 8928 6967 3250 3125 9279 3000 3502 8479 3801 1904 3912 2082 7308 5613 6613 4379 5375 1082 1734 5177 5727 2551 5363 3914 7480 9824 3428 7537 3562 4660 4173 8544 4519 2923 2429 9532 2403 1120 6465 8707 1732 8238 9295 3691 2984 4260 9257 5885 6130 6983 9033 4789 2702 6800 1773 7774 9269 7023 2571 8638 6910 1682 3781 6627 5881 6599 5472 1497 3317 2701
27 51 476
79 8 905
15 50 413
90 23 319
18 5 881
9 8 375
7 68 431
88 37 350
17 80 663
20 23 752
3 26 496
16 89 756
48 34 715
85 17 580
18 17 176
53 58 485
21 57 235
31 2 867
75 42 856
82 22 732
36 58 633
90 76 910
7 78 190
95 25 351
83 23 912
4 13 304
81 54 535
32 12 299
99 40 669
17 47 700
47 79 215
43 39 567
82 32 855
84 65 672
61 34 779
23 56 170
58 57 253
48 7 605
95 23 512
89 2 442
15 38 496
58 50 890
49 33 664
31 90 365
41 0 820
42 30 955
86 91 400
86 60 746
34 32 234
65 87 768
68 50 786
57 94 723
50 90 758
26 4 297
40 73 925
95 21 366
89 7 433
97 16 923
25 17 876
58 99 862
78 95 585
81 65 952
1 69 483
24 31 407
91 17 335
65 47 443
14 48 312
13 33 977
56 43 501
88 8 868
15 24 183
75 76 850
37 36 663
13 25 342
72 10 614
10 48 662
50 62 567
10 59 575
82 73 570
60 80 663
89 87 252
69 66 939
66 48 884
15 51 323
18 21 922
22 14 369
98 50 424
89 39 953
69 46 362
5 11 582
98 64 130
18 10 731
15 65 517
0 52 696
26 53 150
1 52 126
30 33 854
22 52 137
27 47 594
57 47 209
52 86 532
59 15 413
81 68 230
15 72 917
87 17 819
24 72 614
39 61 228
73 51 302
13 30 941
47 32 837
89 80 131
70 57 223
52 37 712
85 37 471
86 58 370
67 69 657
70 26 424
20 55 466
48 40 605
48 45 876
45 16 644
60 23 638
24 18 762
1 81 741
43 25 162
49 97 589
62 51 653
19 16 154
6 73 284
98 24 619
66 33 259
56 91 373
69 11 259
49 13 203
22 63 483
36 66 915
42 30 679
41 87 947
64 91 450
20 79 765
1 15 172
94 39 526
27 87 692
90 45 601
40 68 529
30 60 912
87 58 549
98 93 445
93 91 856
18 47 857
5 42 655
15 37 702
32 57 229
12 69 215
59 8 574
65 39 689
49 61 753
49 53 675
68 44 353
32 83 336
24 11 485
29 84 740
98 79 599
57 58 221
4 57 766
58 11 177
19 12 993
9 70 489
75 30 497
64 36 823
7 87 692
66 84 661
57 0 431
91 6 619
25 89 411
79 65 532
76 26 820
87 40 340
82 86 581
22 55 660
89 34 733
66 83 949
81 0 900
82 33 455
75 58 971
7 6 361
6 71 962
50 7 411
9 19 410
53 33 283
19 88 892
56 25 267
49 63 435
98 17 107
32 37 190
88 27 749
85 97 294
50 99 139
7 46 551
15 83 242
46 62 974
90 59 443
61 40 701
33 70 330
13 6 645
80 10 491
4 75 712
95 63 673
40 97 118
23 83 680
54 59 321
92 43 524
88 30 522
9 20 486
88 42 304
36 93 467
62 91 460
71 52 561
26 35 454
85 77 110
38 43 648
19 84 614
9 29 489
84 96 995
28 44 968
80 31 110
7 16 380
35 40 796
6 98 833
8 23 386
43 73 386
74 22 185
0 96 571
51 20 268
33 59 196
90 5 998
46 8 632
92 24 812
63 45 384
64 31 704
82 51 272
62 65 418
2 21 109
6 26 755
12 40 138
7 58 160
60 63 802
25 3 833
0 36 348
95 13 458
82 31 509
54 67 109
4 44 1000
34 44 653
23 21 856
32 59 388
41 87 968
36 63 647
58 36 802
29 67 267
22 75 641
45 8 107
18 69 151
86 1 790
72 62 651
75 71 894
35 54 763
86 48 766
30 46 829
34 76 543
90 53 659
95 81 913
68 6 147
9 82 170
64 95 846
56 13 609
3 83 328
78 69 606
83 74 194
18 56 217
90 78 700
59 53 633
23 94 462
53 83 814
41 45 647
9 2 171
90 82 843
34 8 375
12 53 890
99 28 990
18 94 298
35 99 640
96 18 151
77 4 328
33 20 489
19 27 720
84 96 442
96 29 392
7 39 475
36 56 979
21 59 557
7 48 575
95 73 781
25 23 404
38 95 536
41 9 304
99 90 486
36 86 839
86 95 246
96 96 236
74 75 949
74 74 390
59 2 993
36 15 618
69 41 401
4 67 424
83 36 976
30 27 430
77 62 480
70 50 931
32 69 971
27 58 781
57 96 489
51 72 507
42 97 469
77 69 706
63 59 761
61 32 832
79 13 960
91 57 794
68 37 972
93 96 750
11 63 114
12 87 727
84 35 221
13 52 693
13 72 487
95 33 783
44 28 107
39 74 362
2 37 893
40 61 491
10 37 191
80 79 316
95 52 184
85 82 657
95 15 200
15 67 786
76 26 893
2 33 469
98 14 627
8 73 303
13 50 213
84 59 242
17 63 445
65 47 484
87 60 508
59 56 778
38 31 426
2 61 633
47 96 580
85 17 426
42 62 639
31 64 780
14 32 727
59 38 323
81 58 473
84 53 970
2 85 902
26 28 712
90 70 859
20 11 820
16 6 602
24 18 402
49 98 342
74 42 658
76 15 374
55 31 538
15 3 470
1 93 946
80 0 534
9 76 653
81 7 930
99 93 845
73 94 696
29 98 590
29 85 395
72 17 880
8 58 168
24 86 545
20 39 235
92 74 320
12 73 902
23 83 207
17 58 345
76 79 682
3 51 172
98 96 704
52 23 329
7 23 833
80 58 708
28 88 167
97 84 938
96 91 428
76 4 619
59 42 927
62 3 184
39 63 921
80 51 465
82 40 938
7 45 706
73 50 911
81 59 388
4 62 382
2 27 659
52 32 729
38 66 929
23 76 321
15 63 933
86 82 848
37 55 237
57 94 236
98 3 868
4 40 700
77 51 265
32 55 581
27 60 347
14 71 598
51 68 719
15 75 783
22 89 258
20 90 858
45 78 862
36 84 222
61 69 254
69 41 146
8 90 303
35 82 888
47 40 497
22 99 500
27 36 620
37 45 116
69 86 593
83 80 813
98 15 223
19 21 500
12 29 100
69 42 285
4 9 904
45 20 974
61 29 843
34 20 618
41 2 760
78 35 720
88 58 251
79 87 436
53 76 621
14 99 689
96 99 597
80 32 402
2 45 344
56 87 873
22 91 762
43 29 557
65 22 416
4 41 387
31 51 276
84 64 191
62 4 772
80 26 861
29 21 426
80 69 930
31 70 457
34 37 201
17 81 171
52 73 804
37 39 503
62 11 197
86 46 314
72 67 881
27 28 208
10 24 596
94 11 556
18 97 107
5 72 971
98 66 249
84 40 777
76 43 799
32 49 881
50 95 246
72 8 170
61 52 317
86 91 944
19 22 535
18 13 863
40 69 299
13 91 920
86 80 356
41 4 340
44 88 420
55 82 175
5 23 103
24 3 462
7 82 100
73 8 917
45 30 686
10 97 856
34 88 868
9 11 623
79 85 253
46 17 597
77 69 686
99 81 536
25 3 179
69 0 964
56 66 944
25 53 900
37 65 153
74 83 101
4 51 158
87 70 869
37 21 420
51 39 452
89 33 764
28 8 701
6 92 605
52 39 729
73 92 692
87 97 468
1 77 316
69 40 761
13 53 521
77 81 962
86 20 454
8 41 311
50 2 819
57 66 250
21 80 740
7 90 765
91 33 920
97 90 286
2 4 673
59 92 172
75 34 933
60 35 518
98 94 771
31 31 879
44 51 156
68 5 769
33 41 783
45 56 239
44 25 760
26 29 265
49 17 781
37 52 513
35 78 217
75 4 797
26 69 692
11 25 228
28 43 676
80 89 356
51 97 307
75 72 880
50 82 469
30 49 155
8 67 731
96 56 604
98 89 843
74 28 340
89 28 489
12 52 237
23 45 649
31 22 478
67 86 174
7 82 496
66 35 416
17 59 332
61 22 153
12 89 318
8 62 596
80 46 107
26 49 127
40 47 690
15 87 682
7 13 608
13 2 793
66 25 370
61 12 324
3 95 211
16 34 512
15 25 563
88 89 376
64 77 514
52 97 220
78 95 542
83 38 715
45 90 641
70 56 808
90 60 587
25 11 319
49 11 745
33 20 896
1 53 481
8 33 288
98 4 289
42 89 869
9 3 854
0 81 192
53 77 761
65 8 694
37 35 992
65 61 483
38 26 812
72 15 121
81 1 159
67 69 947
68 16 776
58 18 280
4 75 449
7 8 844
79 61 805
29 2 794
99 54 642
43 66 904
12 20 854
39 4 959
64 94 575
77 40 278
68 17 484
88 20 677
42 20 946
94 48 396
75 26 747
79 8 784
59 87 226
27 55 231
81 40 127
97 11 387
89 78 522
39 60 263
5 18 826
54 20 931
3 7 238
42 35 187
55 76 291
33 3 339
8 28 596
5 92 193
74 94 601
30 11 283
76 30 593
26 11 521
8 26 563
51 88 343
97 93 156
92 39 384
40 71 959
23 98 164
91 34 407
59 30 480
73 32 997
34 65 899
66 12 868
71 3 927
57 47 774
75 93 238
34 42 658
15 43 542
45 87 408
66 9 765
25 77 806
75 74 555
30 5 428
94 75 257
32 71 669
15 54 990
89 13 729
94 54 738
91 22 122
70 88 963
95 4 787
51 32 735
59 13 179
3 7 655
13 7 541
28 41 692
8 52 178
10 11 751
58 46 285
75 96 773
79 38 774
84 55 340
82 57 384
98 97 509
12 70 496
61 87 857
1 61 441
79 72 972
18 11 681
13 39 747
88 10 690
19 45 838
53 53 684
31 22 947
33 20 496
80 60 712
90 12 532
25 78 858
82 2 105
8 72 390
85 73 972
26 31 215
52 59 700
62 67 782
27 10 827
81 62 338
95 89 101
95 64 620
30 84 817
42 26 774
25 17 143
63 62 697
30 37 415
60 20 533
19 47 413
37 40 239
2 87 391
13 55 669
44 3 513
26 66 480
39 36 225
81 57 177
79 44 161
96 25 926
58 42 388
64 80 319
69 19 439
89 1 118
45 25 223
81 0 925
2 25 439
82 19 270
46 52 732
68 16 202
56 74 282
26 95 557
37 73 134
13 30 110
91 22 311
71 14 880
74 48 419
5 43 640
51 71 743
60 80 884
82 79 568
89 13 740
2 46 260
48 58 480
56 47 219
79 28 594
72 94 563
65 90 628
17 95 475
13 17 390
40 78 609
34 37 410
2 53 725
25 29 788
68 43 735
10 61 573
2 30 410
31 58 572
14 12 525
0 46 429
15 7 454
21 89 518
96 99 779
70 62 597
48 35 242
24 89 914
12 42 912
12 16 408
0 78 737
81 26 876
93 20 986
43 91 167
78 10 160
40 51 595
84 15 528
89 95 488
94 34 564
99 37 806
76 42 541
69 47 994
28 41 777
63 44 163
62 48 650
15 89 217
36 94 953
35 30 144
99 44 989
35 13 577
93 9 534
72 62 952
67 66 742
7 83 690
90 48 579
17 86 546
14 24 351
82 48 496
97 49 591
90 16 695
19 99 320
42 98 740
91 10 672
92 99 924
44 47 247
75 28 841
27 41 940
82 3 675
44 79 154
32 11 111
77 13 872
3 47 151
53 40 924
28 10 629
38 71 711
81 81 164
9 27 572
71 93 288
68 12 544
59 77 250
8 51 631
33 6 593
95 25 461
24 36 564
19 2 487
74 80 179
8 96 419
75 56 670
38 60 436
7 20 875
50 38 752
47 43 554
74 9 593
46 84 510
43 42 346
90 86 592
94 31 689
60 69 493
92 64 737
40 69 243
71 48 570
63 79 565
5 25 543
59 51 928
95 80 377
87 82 853
96 62 450
23 95 185
52 76 508
39 31 954
82 48 464
32 37 254
10 45 996
67 49 372
15 14 642
73 43 590
9 93 840
2 6 832
53 8 407
87 39 138
90 1 949
49 64 995
27 31 864
30 51 202
44 64 732
42 2 988
70 64 909
88 60 298
98 97 118
47 80 367
50 54 599
14 93 388
31 29 480
63 68 522
96 31 960
3 85 640
94 75 882
52 70 619
59 69 626
16 91 111
91 35 730
39 3 383
22 79 233
96 60 555
73 97 294
52 66 149
40 62 647
19 12 932
78 10 993
44 3 118
56 10 399
68 13 431
7 97 964
93 41 741
44 33 667
56 52 456
30 25 456
91 24 191
5 99 424
19 28 707
88 77 990
88 23 892
78 11 467
79 95 242
4 89 958
94 48 127
11 49 351
62 34 772
61 22 831
8 29 319
33 70 584
59 33 772
66 46 215
4 93 927
16 66 563
72 32 748
65 43 228
2 28 632
34 86 917
4 73 251
73 79 730
88 26 854
37 97 117
90 48 708
24 51 986
79 12 328
18 40 246
17 70 925
9 94 962
43 1 988
76 90 278
5 62 102
1 93 263
83 30 505
25 49 768
27 89 351
87 8 939
60 91 756
23 80 427
89 99 219
75 9 951
98 92 603
89 5 636
57 75 678
94 38 894
96 62 789
79 10 576
35 29 306
88 53 831
70 24 525
55 28 571
57 60 148
41 12 586
69 14 504
24 52 659
21 97 869
19 33 491
86 92 902
75 65 963
73 75 233
63 85 797
47 41 940
45 35 975
46 42 248
42 96 233
77 20 633
52 55 313
90 61 877
12 53 327
31 21 735
35 12 921
54 40 347
1 13 393
66 49 202
64 74 109
99 25 447
5 0 139
58 75 638
68 1 227
42 31 938
13 22 203
90 3 356
87 82 621
36 85 279
82 81 299
21 62 635
2 25 127
47 63 693
1000 71 83 82 89 547 2 30 98 63 766 91 8 93 43 551 91 44 99 47 730 39 67 49 76 201 21 72 38 82 245 27 22 77 82 224 17 78 77 81 111 9 85 96 87 184 67 34 72 97 595 96 13 99 73 316 34 34 69 97 842 74 54 94 70 530 45 71 93 86 273 44 94 87 98 837 34 61 75 71 838 39 47 81 66 185 22 41 48 45 552 35 44 89 94 882 89 30 98 39 48 64 21 66 35 361 8 1 58 98 265 33 70 65 73 386 57 17 81 75 609 17 97 78 98 413 44 98 47 98 637 85 43 93 51 759 18 38 89 87 949 10 92 84 99 993 8 61 54 64 884 55 84 91 84 708 83 94 98 99 266 90 22 92 70 357 20 60 46 67 718 43 15 92 65 768 84 47 97 69 65 93 48 97 60 374 1 47 87 97 419 32 76 46 91 939 21 41 39 88 815 23 39 23 41 287 3 1 32 80 515 91 85 98 85 821 54 84 54 93 666 52 26 71 45 220 79 55 88 60 321 22 73 61 83 117 85 29 85 33 266 82 90 87 90 809 26 30 50 43 804 43 59 96 96 227 3 73 7 78 439 44 95 80 95 326 24 74 42 79 823 60 62 72 67 967 71 23 77 49 592 67 30 91 89 268 76 61 84 83 132 23 13 58 25 986 36 50 42 97 997 84 45 93 57 714 91 70 98 85 17 79 19 97 94 342 38 7 52 98 10 18 50 63 92 1 60 40 66 63 571 97 87 97 95 327 68 32 87 72 376 62 72 81 84 790 79 32 98 56 818 19 58 37 63 804 95 9 98 76 344 38 77 90 92 655 11 88 77 95 688 24 98 79 98 70 67 16 90 31 705 81 15 98 51 544 31 68 66 78 250 77 48 80 98 315 77 42 95 65 761 97 89 98 98 381 76 62 92 64 746 57 2 74 68 164 66 47 90 75 758 25 91 75 96 67 42 26 46 90 913 41 23 95 34 858 41 65 97 98 749 89 71 89 88 166 48 18 62 79 664 38 73 47 73 810 79 80 91 86 251 94 85 97 93 417 2 1 65 81 645 85 72 98 90 884 4 93 91 99 61 48 44 92 60 698 60 85 60 89 781 42 16 51 52 128 27 96 68 99 981 27 76 51 96 88 87 38 99 39 653 62 51 63 57 765 70 38 83 88 250 52 50 55 81 932 83 92 89 93 128 1 36 56 67 364 90 23 90 70 144 40 87 76 93 511 17 13 51 20 320 72 41 73 70 228 69 12 84 31 157 65 63 77 72 835 79 18 85 66 112 23 95 58 95 389 51 54 64 89 734 83 57 98 94 189 49 3 50 32 154 49 35 86 90 653 35 22 57 65 383 90 58 92 70 426 7 84 28 99 552 10 12 44 54 747 31 56 88 91 835 87 8 92 78 389 62 18 66 87 509 11 71 79 89 552 25 39 41 48 633 71 11 88 50 788 46 76 58 87 97 9 90 87 95 895 43 69 43 80 372 3 54 14 74 880 67 60 81 60 886 87 29 90 49 207 28 91 45 92 856 29 95 97 97 59 79 21 82 47 398 14 92 54 97 64 24 36 69 73 778 8 18 61 26 856 8 70 75 77 161 56 24 67 44 982 70 2 72 6 11 33 21 95 27 382 10 29 66 59 596 1 78 23 93 227 94 54 95 56 593 75 93 91 99 400 61 77 90 77 589 25 76 72 84 409 30 81 67 84 766 98 13 99 71 788 47 97 57 99 298 95 98 98 99 445 81 13 89 14 459 57 9 69 58 82 92 23 94 61 200 32 88 63 91 747 84 69 90 89 304 18 47 26 77 29 88 29 91 63 647 56 48 91 88 451 40 43 83 77 272 11 65 18 87 666 58 74 79 98 640 23 49 98 59 828 36 30 42 88 636 38 59 44 76 122 50 89 77 96 548 87 39 89 68 475 83 39 92 52 595 11 76 48 81 822 61 57 81 65 512 58 38 65 98 852 34 80 90 95 312 19 34 24 53 75 94 63 98 71 603 87 39 94 95 652 54 40 76 96 815 24 9 69 20 344 6 92 64 95 973 73 37 80 65 996 89 62 93 65 391 54 87 61 88 775 92 35 94 36 572 72 71 73 78 319 92 16 96 26 343 53 88 90 95 244 13 31 99 48 667 77 27 78 43 786 60 34 92 95 299 89 29 91 83 195 51 82 91 95 324 41 32 58 91 295 39 1 55 44 38 60 42 69 55 823 50 33 58 39 950 51 84 70 96 700 86 28 99 45 233 67 45 77 92 674 28 89 79 98 144 52 35 93 61 464 51 70 87 83 538 42 46 71 64 492 40 91 67 91 115 28 37 76 57 493 98 88 99 92 336 52 92 86 97 603 80 37 97 66 594 62 57 95 84 354 98 16 99 34 72 17 60 71 81 388 45 71 48 94 452 16 48 82 62 306 84 57 94 66 154 44 46 88 94 705 34 39 94 87 947 91 45 96 72 615 83 9 96 63 48 29 46 74 52 170 22 71 65 97 79 11 37 18 53 298 17 93 54 99 279 18 91 69 98 271 38 23 58 93 871 20 39 65 59 341 73 67 90 88 72 26 23 49 79 320 3 30 6 86 323 48 55 63 86 988 36 88 56 88 449 20 12 76 27 1000 9 25 84 97 507 28 26 43 55 642 7 79 82 98 714 38 14 62 68 692 7 30 47 54 923 44 24 81 39 894 11 82 64 96 213 52 35 74 57 693 11 42 72 57 491 81 93 90 97 609 5 47 75 56 704 13 22 65 33 774 11 14 80 16 550 22 17 48 47 767 29 75 53 98 832 37 41 93 47 641 88 69 98 72 781 95 74 97 77 965 39 14 73 54 686 91 33 93 99 356 80 12 81 51 618 8 91 93 97 654 82 94 98 99 662 74 9 93 78 150 47 39 69 92 958 84 66 93 67 73 91 37 97 87 575 87 13 89 59 113 7 38 77 77 286 9 82 20 94 399 98 43 98 46 894 94 6 95 84 848 58 35 84 73 120 87 67 93 69 692 17 78 80 90 667 20 59 29 84 827 79 76 99 95 910 75 13 81 93 40 0 5 5 42 142 50 80 87 80 349 27 42 79 83 353 40 4 91 81 783 44 74 61 98 683 53 81 67 90 286 48 23 98 96 245 1 98 63 98 916 13 0 97 5 133 64 70 98 95 741 46 58 53 77 62 26 26 94 56 387 46 2 79 90 431 35 34 42 81 394 88 61 89 82 16 20 54 58 69 891 88 9 90 98 315 17 76 73 80 2 73 48 80 52 826 25 85 75 98 27 48 98 83 98 478 26 60 79 76 189 44 62 67 80 840 93 45 93 90 51 47 41 85 83 918 96 78 96 94 179 41 75 93 99 400 64 72 97 76 910 78 31 94 52 945 95 77 95 91 667 54 13 56 64 426 83 48 91 84 508 27 95 74 98 12 9 36 52 54 276 49 50 79 68 898 13 94 26 95 185 75 49 77 96 58 16 79 83 96 378 71 57 73 84 952 78 11 83 88 147 45 63 98 81 379 51 98 95 98 317 3 58 68 84 919 72 39 78 98 624 56 55 99 83 857 39 49 40 77 259 85 80 89 82 842 36 24 72 97 453 5 92 74 95 70 96 35 96 88 374 41 40 69 82 497 78 63 91 79 814 84 1 94 10 799 94 68 95 75 911 84 61 94 63 637 73 66 88 89 804 3 68 93 79 56 40 5 85 55 168 82 64 87 95 589 87 68 87 77 659 54 4 73 99 624 17 82 32 95 915 97 14 97 64 933 55 78 75 84 320 30 40 65 96 474 57 32 68 41 209 8 25 80 45 231 89 39 92 93 477 7 68 92 74 965 48 89 49 91 805 26 44 99 48 197 46 73 79 96 842 48 96 88 99 41 20 4 96 73 288 3 64 52 99 403 72 56 82 74 957 70 27 92 67 143 93 77 95 89 767 54 83 74 85 817 42 60 61 99 315 41 67 55 70 846 21 45 74 96 971 41 65 57 65 304 75 13 89 35 324 17 54 84 79 899 62 52 92 75 937 23 47 46 88 21 15 97 79 99 846 53 26 64 50 938 70 92 87 92 40 61 44 72 54 560 43 93 52 98 673 81 21 99 91 553 37 89 48 93 260 32 15 76 37 626 48 17 63 43 993 28 73 87 83 700 81 94 88 97 542 16 55 33 75 539 82 19 88 65 443 28 45 61 72 801 77 79 94 90 93 42 37 56 37 800 20 84 99 89 824 55 43 81 77 268 45 41 54 47 875 15 18 92 80 795 21 32 53 47 218 35 91 62 94 128 48 20 78 27 80 33 77 56 78 410 0 34 58 36 910 81 25 91 41 652 9 67 57 90 81 79 77 88 83 187 80 12 90 61 282 53 47 54 52 152 78 16 88 43 950 55 30 96 45 422 7 20 89 68 249 74 86 89 98 572 55 15 85 26 476 97 45 97 50 119 90 23 90 91 998 95 92 99 98 22 32 53 78 67 558 54 90 58 98 947 77 96 90 97 526 3 27 3 35 42 68 77 72 92 210 57 42 61 83 58 97 16 97 43 205 10 57 54 82 657 55 42 89 90 806 78 30 87 33 53 77 11 80 63 454 33 96 83 97 3 20 81 79 93 375 0 28 51 50 481 87 3 95 79 749 88 46 88 56 4 54 6 61 16 710 57 43 94 95 478 57 51 87 60 516 77 62 89 87 634 50 37 71 99 119 8 24 92 84 299 88 23 99 42 984 87 62 93 79 319 60 63 98 73 846 81 21 81 37 689 61 27 64 55 1 94 30 98 63 691 55 27 97 65 267 9 98 62 99 613 95 92 99 98 973 45 13 45 91 973 41 24 46 57 796 43 72 45 87 920 83 10 98 33 801 79 57 87 66 892 27 66 62 79 878 2 56 38 92 308 7 47 72 78 848 0 89 62 99 222 70 11 75 52 685 72 86 97 96 152 48 24 74 56 387 32 62 99 71 210 19 63 97 91 856 9 72 76 94 741 0 78 92 91 571 55 70 86 96 111 21 93 85 98 636 78 50 97 72 753 40 22 91 24 237 67 82 69 99 163 37 35 97 40 543 52 81 66 96 565 2 1 25 75 103 0 32 23 96 112 23 27 94 49 962 88 89 88 89 781 65 17 94 79 513 73 51 78 57 928 65 78 81 81 507 3 36 8 71 375 93 30 95 46 375 22 21 57 76 790 34 25 87 95 245 34 56 71 88 855 43 20 62 61 93 65 43 67 82 876 64 37 80 92 482 31 71 53 85 424 88 12 94 13 972 15 88 43 89 291 91 41 91 56 485 1 87 69 89 566 21 86 94 86 798 23 45 56 76 164 55 73 81 97 425 38 33 79 83 899 40 9 53 67 414 14 28 49 99 332 65 58 87 62 3 66 53 70 86 819 90 73 99 87 694 85 56 86 98 78 59 26 99 95 968 93 60 96 67 461 23 13 39 54 819 8 15 30 15 201 9 65 59 74 641 22 88 63 94 216 33 71 50 85 943 15 68 47 98 435 43 85 59 97 231 21 73 83 80 1000 72 79 74 90 772 58 49 67 68 8 53 70 90 70 252 74 65 95 87 974 55 97 73 98 133 8 41 94 67 165 34 56 88 79 195 47 45 48 95 913 30 6 45 19 703 0 47 1 92 3 56 17 82 85 163 18 33 87 42 625 2 8 53 44 174 2 17 30 55 589 62 94 69 99 732 77 93 87 96 593 54 49 93 82 755 5 38 59 75 808 48 50 81 55 878 82 6 87 16 22 10 4 52 64 781 23 12 71 31 691 40 37 46 62 270 78 46 98 80 240 78 7 89 94 306 19 98 58 99 445 3 9 10 58 933 88 64 97 92 278 73 50 92 51 345 2 32 54 77 626 3 50 22 65 8 0 61 76 88 860 7 3 80 97 923 54 42 71 86 508 53 86 90 92 62 85 83 95 95 434 65 58 71 61 761 57 65 58 91 549 5 35 26 55 468 10 88 98 99 55 73 19 96 89 915 89 20 94 66 64 19 48 93 90 359 39 2 58 88 808 20 57 50 83 747 14 58 56 63 3 61 1 98 54 649 51 4 76 82 74 20 35 93 40 905 41 93 83 94 567 87 89 88 97 651 89 63 96 87 665 30 94 46 95 505 67 71 68 89 322 44 95 62 98 833 20 57 49 74 698 31 82 51 84 542 50 5 99 9 16 22 9 47 51 176 88 63 89 84 929 77 55 77 66 166 82 3 88 95 636 78 42 93 89 942 15 45 95 50 267 37 8 61 58 715 78 39 86 92 563 74 63 76 66 501 73 70 94 81 655 26 67 92 82 273 25 69 90 86 228 86 7 90 16 425 58 60 59 96 130 43 10 92 49 100 16 20 91 35 112 32 1 45 75 410 58 84 92 88 655 4 51 47 78 846 62 97 63 99 76 53 29 75 53 185 79 29 98 91 44 64 76 76 95 99 21 41 99 65 137 40 82 67 86 876 54 52 71 86 516 18 96 88 98 914 52 22 80 29 811 45 94 78 98 155 94 85 96 98 213 6 89 40 97 922 69 72 90 88 491 50 16 86 90 160 81 97 89 98 828 81 96 93 96 948 71 84 96 98 832 44 75 80 77 780 44 74 48 89 524 90 1 96 61 416 6 92 24 92 32 41 51 53 54 642 75 12 78 61 649 49 49 84 86 8 59 12 85 18 52 42 35 69 87 574 94 28 95 81 752 8 35 81 37 880 51 0 91 12 624 11 59 40 75 700 47 15 48 83 329 47 70 77 97 527 74 13 85 34 550 87 31 91 78 396 21 55 76 87 434 45 31 45 46 939 56 74 69 90 289 69 69 89 89 920 89 17 98 40 748 42 2 66 44 258 96 54 99 58 82 29 7 99 90 430 78 45 96 59 183 43 1 93 16 951 64 31 64 55 425 78 1 94 21 670 23 0 31 23 705 4 79 66 92 995 82 69 89 86 698 16 58 28 88 214 71 94 95 97 295 70 50 84 54 781 29 42 65 80 285 56 1 73 96 730 87 36 91 40 92 18 39 54 44 232 32 67 82 79 292 77 66 96 89 38 14 19 39 22 319 18 20 56 27 963 45 91 90 94 655 15 46 76 82 709 67 15 86 96 235 5 24 39 30 837 67 68 99 74 215 64 13 91 33 91 15 6 93 17 321 33 31 65 58 38 87 62 99 79 618 53 76 64 76 217 79 95 83 97 316 1 78 61 78 809 61 75 72 88 913 27 30 54 44 130 35 41 71 76 637 65 10 86 78 377 44 62 53 78 514 83 54 85 84 289 60 58 78 96 263 30 26 68 35 489 87 44 98 48 503 35 18 86 75 182 9 70 96 92 31 14 83 14 90 153 66 27 88 73 978 66 15 95 53 12 71 47 75 75 941 67 13 71 93 220 50 69 75 93 926 41 1 65 40 623 11 3 80 84 191 43 39 50 41 143 36 42 47 45 975 96 33 99 35 572 15 12 16 78 577 77 43 91 67 603 21 0 52 7 547 83 20 84 49 913 42 52 71 81 436 19 56 30 94 362 76 64 89 64 922 1 21 93 98 526 52 37 59 56 563 33 96 56 98 48 60 73 61 95 467 5 50 53 54 412 9 77 13 99 752 83 67 85 80 867 47 91 72 94 902 19 19 92 45 209 86 47 92 87 735 23 66 60 66 660 85 67 94 72 17 80 14 92 72 72 50 62 63 83 763 32 76 89 86 111 76 6 76 95 816 91 44 91 46 163 32 24 76 82 983 50 92 83 98 934 12 90 93 99 926 8 18 75 63 428 4 48 14 66 392 63 22 84 43 647 47 32 47 58 777 81 56 96 61 452 76 6 94 42 439 55 18 72 33 228 24 52 56 53 780 85 3 86 98 86 26 67 81 79 343 38 64 42 72 531 42 53 91 92 125 93 43 96 85 300 67 32 99 87 423 60 66 99 83 152 98 10 98 39 611 9 66 62 89 659 2 68 54 71 279 24 86 28 91 894 17 53 60 88 937 89 53 98 89 529 11 82 52 97 610 52 34 60 49 144 48 16 71 84 887 20 21 23 92 380 39 91 65 96 540 71 28 82 31 454 24 91 39 97 771 49 43 52 91 15 86 12 87 82 112 82 16 94 62 442 35 46 42 53 263 18 80 48 80 408 67 35 70 66 294 12 25 34 92 780 41 50 62 78 14 29 76 80 82 844 71 48 82 52 587 0 64 20 87 184 9 10 53 13 950 93 18 96 22 24 37 76 42 96 307 45 78 52 81 26 77 20 77 66 970 21 18 85 81 960 93 24 97 59 354 56 35 70 38 720 80 63 94 66 167 15 15 51 50 673 82 45 95 95 26 89 42 95 69 227 55 80 85 98 529 44 22 88 50 841 81 62 83 72 687 80 42 93 59 492 60 39 74 67 710 48 3 66 8 908 10 18 50 74 297 63 42 84 53 432 89 57 94 96 254 84 57 99 90 765 7 74 32 95 841 32 63 64 77 451 70 35 90 96 116 54 9 74 95 688 60 29 95 37 637 13 52 50 67 334 33 55 42 56 771 64 1 78 37 520 47 94 96 94 940 15 76 83 89 490 89 57 91 77 326 49 71 99 85 183 6 9 26 81 699 9 12 71 96 471 64 6 64 55 240 6 52 23 52 889 88 72 95 74 641 69 82 79 83 395 10 24 76 56 921 9 46 66 97 118 42 15 48 75 305 22 97 25 97 250 63 3 92 36 599 75 70 95 95 357 70 43 98 60 91 90 29 99 47 932 14 83 54 89 780 52 76 95 97 589 64 33 88 88 589 24 97 96 99 903 10 81 38 83 597 27 45 69 70 474 49 44 84 72 198 30 56 54 74 125 13 67 67 83 649 36 31 60 46 293 87 50 96 69 426 40 58 69 82 269 80 80 90 82 816 13 3 23 27 939 39 73 44 94 168 52 95 87 98 147 39 76 69 87 198 96 38 97 56 216 77 24 84 63 380 56 41 61 42 427 96 49 97 55 141 72 93 95 96 202 73 53 75 85 173 97 47 97 50 678 78 2 98 26 461 7 91 21 99 491 89 64 96 66 979 19 4 36 10 854 14 0 61 78 176 62 98 70 99 899 22 39 90 91 505 13 42 20 50 253 87 76 97 77 321 91 74 92 87 460 69 64 84 89 602 20 10 83 76 62 91 6 96 84 725 28 65 90 80 815 52 71 64 98 664 71 36 79 62 139 91 25 95 27 550 23 86 63 86 156 6 87 49 96 521 72 51 78 71 656 71 83 98 93 650 62 80 73 99 95 93 13 99 82 965 51 15 85 24 594 59 72 75 96 272 93 64 99 91 919 72 90 84 90 549 20 13 41 46 737 50 51 73 59 947 43 11 79 36 753 43 63 99 91 341 56 41 91 58 538 51 59 62 87 593 41 26 63 35 189 33 0 45 55 546 79 25 90 31 174 61 66 81 72 875 29 87 85 97 445 86 92 93 96 327 48 3 83 75 414 90 30 90 89 366 64 82 69 84 857 39 76 70 76 201 88 9 93 98 943 22 55 82 62 221 53 32 95 77 223 62 70 83 82 1 34 89 90 96 440 91 33 98 72 92 72 98 88 98 16 41 2 90 45 240 23 94 83 97 849 93 83 94 87 634 60 10 63 31 246 78 36 99 44 124 45 53 95 55 204 48 6 64 6 666 53 23 60 82 329 85 25 92 43 923 16 87 86 95 890 65 75 74 88 708 61 4 77 91 155 86 90 86 94 701 61 86 81 94 171 80 0 94 34 558 33 17 96 55 579 11 24 26 72 826 40 74 74 93 681 74 96 77 99 804 15 50 58 85 928 62 89 76 91 48 38 39 84 66 210 20 70 51 84 261 33 69 68 86 841 44 17 62 77 257 16 46 87 86 908 88 68 88 82 378 71 29 92 99 667 9 87 17 95 900 12 85 90 99 273 88 16 98 38 956 31 75 66 77 48 33 8 71 53 149 39 4 87 52 256 77 25 85 25 44 25 62 44 99 310 1 35 13 54 385 3 52 35 99 883 69 60 98 82 212 19 42 64 46 421 17 48 72 70 985 37 32 44 33 570 67 86 83 88 948 50 67 94 88 791 30 49 86 86 241 31 97 43 99 273 61 33 62 35 505 64 69 74 93 243 5 48 27 58 639 24 18 96 87 834 14 84 26 88 683 65 33 66 34 412 45 21 66 81 901 10 63 55 69 412 31 54 67 71 412 3 8 77 16 597 68 37 77 51 539 2 11 82 57 155 34 72 40 76 31 80 76 83 99 127 37 36 55 39 327 77 75 84 84 113 97 74 98 81 441 90 34 93 49 699 84 69 93 95 720 80 7 90 92 305 7 15 46 28 550 67 19 83 21 597 43 76 47 79 215 33 37 40 69 112 19 75 48 91 63 48 70 74 96 307 21 73 54 77 991 28 10 65 19 736 87 49 89 75 688 21 31 77 63 699 68 23 91 82 868 79 15 87 22 669 74 67 95 73 492 68 27 75 79 324 66 44 92 46 455 88 96 90 98 762 1 6 17 69 828 38 85 75 97 423 56 28 71 40 634 44 64 85 95 545 95 83 95 98 966 86 62 90 88 710 14 45 21 56 246 44 75 99 82 242 13 75 70 98 925 39 12 93 66 638 86 91 98 97 437 25 21 54 44 289 84 91 98 95 383 35 58 40 65 152 40 59 60 70 199 62 0 63 76 594 27 32 39 37 576 65 79 98 91 984 77 40 89 91 669 82 77 93 89 239 78 76 96 82 347 97 71 98 74 861 77 20 92 57 125 11 0 53 13 700 26 50 56 54 673 3 28 13 49 487 95 74 95 76 99 27 31 46 52 570 34 86 97 88 488 41 19 87 22 699 80 71 83 88 309 51 3 73 51 362 64 67 78 78 525 23 65 71 75 713 84 10 99 16 566 61 95 71 99 828 70 89 94 99 459 80 79 82 81 269 55 25 57 31 271 51 9 85 17 573 38 73 58 85 363 0 14 5 85 418 13 7 93 84 119 64 37 90 91 32 28 6 43 17 106 94 9 97 30 604 23 18 77 27 701 20 65 68 83 769 32 9 66 60 210 66 71 71 87 214 47 34 89 51 897 44 36 85 78 133 33 25 98 51 17 79 48 84 51 334 26 9 96 46 863 49 1 51 55 453 59 38 73 91 520 57 12 61 76 95 14 22 28 99 637 0 57 27 97 978 79 63 94 98 919 0 17 37 17 468 21 23 31 63 971 68 92 77 94 512 46 63 73 96 596 27 45 76 99 973 35 10 52 18 793 32 82 43 84 841 12 13 64 70 942
1000 45 54 58 81 137 2 8 24 62 977 6 19 94 91 701 85 34 93 82 332 33 51 91 95 160 31 27 36 69 916 21 28 30 98 678 75 24 95 50 409 55 81 68 84 747 32 94 91 97 84 22 3 62 22 976 37 92 74 94 386 28 86 57 90 127 98 67 98 94 949 87 79 97 98 737 59 47 65 87 13 56 85 68 86 481 92 81 92 93 391 52 51 86 65 855 73 82 92 99 379 43 3 78 68 679 41 48 68 54 457 73 77 83 88 40 58 36 62 91 559 74 7 91 9 597 61 15 75 91 25 96 72 98 78 182 13 87 31 98 992 98 94 99 95 636 56 41 86 83 100 30 64 78 66 795 47 34 99 99 982 15 95 34 96 611 76 41 79 98 613 98 15 98 87 344 94 45 96 58 857 66 74 68 95 874 10 66 47 72 419 32 42 73 42 284 13 36 79 95 454 76 33 88 62 19 13 21 88 42 158 13 82 30 88 796 26 80 84 96 786 29 54 38 92 179 21 23 47 64 913 73 45 87 72 816 96 11 96 64 591 39 91 48 91 956 98 62 98 69 642 8 34 91 59 762 42 20 68 57 694 85 49 87 72 74 25 40 81 55 941 92 27 93 41 52 61 79 80 90 429 86 51 89 65 762 89 20 93 51 414 89 5 90 58 392 4 40 49 43 863 3 94 81 95 226 16 36 20 56 232 14 85 40 90 305 46 7 65 21 705 17 60 91 67 613 30 16 51 77 178 15 34 92 95 770 10 15 67 20 68 3 47 31 97 768 97 96 98 98 532 63 84 77 88 471 64 46 84 75 749 93 73 94 98 790 55 9 59 94 336 67 38 73 59 507 82 86 87 97 23 78 86 79 99 709 65 64 82 77 479 53 69 61 71 359 95 5 97 16 520 69 3 70 81 715 79 34 81 60 988 83 31 84 83 314 52 87 71 94 205 73 56 89 78 283 9 97 13 97 14 57 81 70 86 706 3 68 55 68 955 28 47 97 95 274 87 39 92 89 291 68 77 99 98 737 85 85 87 85 520 14 16 27 87 728 36 81 54 98 476 61 84 98 99 684 73 37 79 71 102 64 57 68 82 344 22 61 66 85 570 75 95 86 98 596 73 15 73 43 95 20 73 32 88 385 19 67 68 97 293 97 78 98 92 712 75 75 78 83 326 78 77 87 80 710 7 87 54 96 79 89 63 91 92 398 44 68 69 78 723 35 74 77 86 67 91 82 94 94 314 25 44 90 54 656 69 10 96 48 60 93 66 98 77 140 38 63 80 70 851 1 22 96 44 132 2 96 62 96 459 71 76 75 94 198 71 89 96 93 517 9 85 74 98 13 50 87 79 94 295 62 49 80 50 273 85 64 98 95 984 44 86 68 99 894 10 69 42 92 225 26 53 43 95 845 77 20 89 64 133 40 5 53 80 238 51 26 58 61 675 22 45 97 82 991 75 11 78 64 512 73 95 74 95 579 69 56 96 76 725 93 73 99 85 388 49 66 89 97 548 90 21 96 25 751 51 0 77 90 184 58 89 95 89 805 59 1 94 27 851 3 32 70 37 286 66 41 68 72 146 80 80 86 86 865 63 4 93 81 171 44 17 61 83 392 44 46 79 85 508 91 16 96 76 390 41 53 62 98 622 8 74 30 89 422 53 35 82 38 424 41 7 91 92 767 4 39 63 75 730 58 2 58 62 30 39 76 77 84 182 93 87 94 97 473 17 87 70 96 336 23 91 40 91 386 46 92 98 92 868 43 12 55 15 331 28 67 90 87 306 55 68 59 81 78 85 26 90 29 88 57 62 84 63 434 21 38 45 63 438 95 58 96 99 816 64 36 68 92 864 55 96 76 96 937 82 0 93 30 100 69 30 77 52 603 41 92 52 96 262 87 90 98 98 358 7 55 38 82 550 17 7 79 70 564 47 79 56 90 631 7 19 50 40 307 14 32 56 32 418 38 66 49 77 431 67 50 77 86 188 22 20 92 63 43 46 74 65 94 626 29 96 65 99 328 2 93 6 99 10 13 49 88 89 375 20 21 51 79 97 1 31 75 93 226 36 55 92 80 994 56 55 90 80 800 13 87 57 91 934 42 18 71 45 929 94 33 96 46 309 5 34 87 83 573 67 90 92 96 541 88 55 97 99 505 69 70 76 84 581 61 40 72 71 296 52 14 94 52 701 17 84 81 90 870 22 11 62 57 679 52 94 95 97 341 34 95 50 95 497 49 76 98 77 57 71 44 97 63 384 20 21 86 24 109 8 66 69 89 204 5 54 17 87 249 40 49 43 82 644 79 50 85 87 156 76 17 97 73 405 47 82 57 95 591 78 59 79 63 563 33 80 83 93 414 71 16 87 23 922 55 42 65 55 912 42 42 88 51 335 22 14 70 67 207 31 40 59 88 891 87 19 99 67 267 7 21 30 91 829 86 55 90 64 871 14 88 57 98 88 46 68 84 84 446 84 64 96 91 303 80 42 98 96 166 89 11 99 23 724 30 82 41 90 567 37 96 54 98 311 7 55 52 61 550 54 68 86 77 9 56 70 82 80 1000 67 93 89 93 452 85 61 98 83 583 74 34 90 74 85 68 1 74 41 333 9 14 88 41 777 21 23 46 60 385 46 22 79 78 331 83 95 90 96 613 50 9 95 52 962 36 48 45 60 724 11 23 26 40 967 36 3 94 84 406 90 40 90 84 732 60 12 60 63 436 30 25 75 40 841 34 12 63 93 422 29 1 84 72 182 49 93 73 97 390 91 82 99 99 340 6 6 38 82 907 60 65 85 85 306 19 89 24 94 835 36 47 70 77 23 34 58 73 99 217 34 48 89 79 671 1 72 23 83 195 77 28 96 51 298 32 76 76 82 318 51 20 60 88 523 30 45 39 55 433 15 51 94 62 461 31 64 86 83 181 37 39 68 93 656 78 94 91 97 805 71 62 75 73 996 3 58 48 58 672 89 23 92 79 343 65 50 84 91 34 50 20 68 56 889 35 15 51 38 714 82 54 82 55 187 80 72 82 82 175 40 9 68 56 64 17 86 40 86 660 45 33 85 37 501 79 20 80 81 272 6 15 79 43 302 16 23 85 93 580 87 78 90 92 340 44 29 44 62 321 78 79 86 86 511 87 6 92 23 723 82 52 94 67 556 75 46 93 63 505 15 24 52 73 820 37 0 97 71 691 53 95 74 97 883 65 76 65 98 587 90 15 91 32 760 4 48 23 75 909 49 65 73 93 963 39 29 55 63 339 62 30 92 35 232 40 29 72 50 573 49 92 72 92 700 0 18 50 65 647 26 11 92 52 755 30 78 68 85 557 11 76 29 94 110 71 97 93 99 195 64 5 68 69 86 98 14 98 70 322 60 17 90 98 652 25 90 89 93 322 54 55 85 89 15 68 12 99 61 176 92 17 94 57 62 67 95 86 96 378 86 18 97 77 779 1 96 90 99 394 47 91 63 91 846 63 12 82 75 18 50 76 51 81 136 80 90 92 91 63 32 59 85 67 10 76 45 90 46 124 46 30 63 44 441 60 48 94 52 381 69 63 88 85 253 89 79 90 85 216 7 91 98 98 471 92 96 95 96 793 74 80 86 81 860 34 8 71 36 676 75 33 80 99 205 9 57 20 95 10 16 55 39 95 12 91 83 98 94 671 98 24 99 77 854 37 88 74 94 429 43 68 54 91 222 34 65 51 94 412 24 64 76 84 782 85 60 98 94 328 34 35 60 82 975 70 60 73 60 778 68 20 90 95 72 63 69 80 85 304 74 57 74 89 337 48 50 96 94 293 81 80 95 86 142 4 21 79 94 573 8 72 65 95 429 3 7 98 32 300 56 90 89 96 702 93 66 94 98 294 59 67 82 72 864 87 23 92 32 565 79 93 85 94 389 95 54 96 97 752 53 31 59 31 988 54 19 99 55 356 5 1 24 24 479 83 50 97 52 465 56 78 90 78 7 43 12 46 68 928 63 84 91 89 769 3 39 89 50 771 83 48 92 98 977 85 32 90 92 924 37 96 80 99 320 90 82 95 82 69 7 22 26 80 107 28 35 51 87 333 50 50 73 81 196 94 13 97 38 353 84 68 85 80 336 53 67 97 85 761 66 48 72 56 642 46 33 46 91 239 41 98 78 99 9 70 77 91 97 13 17 24 67 88 621 65 51 70 87 661 2 61 75 92 472 6 27 89 35 89 32 9 78 65 3 58 25 93 71 272 56 94 96 94 716 66 49 73 63 890 93 23 93 60 967 35 24 63 61 463 45 82 49 90 798 42 21 79 29 319 43 34 83 44 933 15 54 53 92 306 19 9 50 14 569 81 29 86 68 410 3 19 75 38 744 36 89 82 98 635 3 64 23 88 288 1 64 56 90 306 47 34 99 42 988 48 73 57 73 209 82 12 89 98 539 40 59 83 75 264 85 36 97 48 616 65 12 85 77 992 80 7 86 15 506 69 79 87 87 351 41 56 81 76 217 31 45 97 67 35 5 16 93 38 233 29 93 36 97 156 14 40 62 73 528 11 66 73 68 372 91 10 95 23 656 82 92 83 98 23 63 6 95 9 820 87 15 91 50 194 3 31 43 40 343 37 19 46 95 313 10 66 19 67 691 0 57 13 65 276 29 69 99 74 60 31 1 66 90 736 6 50 11 95 752 46 13 83 92 753 48 73 69 96 505 59 14 77 24 625 29 31 65 92 949 71 15 87 36 914 65 10 73 93 791 2 40 64 81 662 52 59 90 94 909 38 39 40 72 312 84 1 85 21 860 40 43 58 94 993 91 27 97 49 79 41 52 53 95 619 40 75 49 99 606 7 4 39 7 593 54 0 95 68 353 16 49 89 93 716 15 31 27 59 906 42 67 93 89 995 12 0 61 76 667 17 64 94 81 989 66 78 91 80 960 32 90 79 92 952 34 86 55 90 688 54 90 75 90 786 36 77 98 82 565 45 94 83 94 715 5 58 50 74 840 65 56 99 60 97 78 80 88 88 140 61 54 98 79 278 21 7 96 20 599 94 44 94 58 238 40 72 84 96 974 4 80 65 94 395 55 61 81 61 494 73 29 98 29 991 14 8 58 42 38 77 5 88 95 356 13 30 17 45 775 70 45 92 96 287 13 50 94 80 184 34 87 59 90 916 29 83 84 99 525 59 77 96 90 480 40 78 45 95 965 36 21 77 91 447 14 48 33 84 103 86 1 97 92 594 2 5 68 57 465 16 22 67 89 435 85 96 96 99 344 77 75 91 94 229 70 35 94 83 961 94 69 99 74 671 75 84 81 96 218 14 49 61 66 600 21 6 21 28 162 24 60 42 63 785 72 2 90 51 616 93 18 94 65 734 62 25 95 58 354 6 57 72 77 427 28 69 84 94 877 38 11 67 19 543 79 27 96 44 625 17 89 33 89 403 10 92 53 99 872 1 53 50 64 457 3 63 32 80 798 26 37 76 58 532 94 59 97 61 398 74 36 90 82 917 94 13 94 22 840 97 22 99 54 625 0 37 19 84 508 74 56 76 62 188 53 15 83 59 567 79 36 99 80 158 65 72 80 95 350 15 85 78 85 543 61 55 61 64 955 63 73 96 78 542 87 85 91 86 422 7 35 20 91 131 88 69 93 90 99 58 11 66 97 581 51 21 80 30 268 57 56 92 72 822 90 15 95 43 247 35 67 97 75 686 1 43 48 92 59 89 1 89 7 564 35 77 64 77 95 28 65 58 92 164 47 0 51 31 648 49 12 69 94 920 20 4 80 83 59 74 18 93 48 957 68 61 76 62 11 6 53 21 88 18 37 41 67 58 930 26 50 76 68 973 38 11 84 74 458 84 76 87 93 480 27 77 82 89 215 69 65 76 97 256 44 65 58 68 555 44 29 56 90 705 44 10 74 57 110 49 72 95 85 904 41 98 45 99 332 28 95 84 99 291 9 45 98 76 628 48 68 98 99 36 21 21 46 50 58 14 64 26 78 848 75 33 93 59 506 26 28 30 80 245 10 89 81 98 128 76 21 91 92 106 39 24 60 26 701 47 0 87 49 95 37 24 70 97 21 7 71 55 84 121 65 53 96 66 300 53 0 76 89 388 30 65 85 93 717 21 66 36 88 741 55 94 94 95 119 55 45 71 77 654 23 93 93 93 239 89 13 94 13 999 96 7 96 68 334 46 98 47 98 659 8 35 35 70 738 7 66 18 89 73 45 7 50 34 541 82 74 91 80 747 39 40 76 45 518 36 44 47 62 271 81 76 81 95 501 7 50 16 57 883 70 51 98 65 47 58 40 79 40 262 77 75 78 92 694 20 28 50 81 506 64 3 92 70 573 70 10 70 49 529 70 8 84 99 54 77 24 95 42 475 63 75 86 96 645 43 34 74 63 613 77 64 93 72 492 47 89 96 92 796 22 63 50 91 820 63 41 84 55 549 81 9 86 84 605 76 19 90 68 644 93 4 97 92 960 31 0 87 33 180 29 27 80 96 45 30 42 68 44 54 45 73 71 87 338 62 30 82 51 452 89 18 96 78 517 92 20 93 85 656 80 10 80 19 180 79 82 99 87 610 83 97 96 97 591 70 1 92 14 13 63 57 76 67 8 31 80 93 92 381 73 51 86 76 326 1 7 52 15 582 57 0 69 99 212 65 44 65 82 574 1 88 3 89 434 83 97 90 99 958 93 76 93 79 781 18 83 37 96 907 77 31 81 55 724 1 15 28 52 928 13 59 43 69 183 57 68 89 71 520 49 76 49 96 850 97 63 99 64 184 82 62 88 64 489 79 61 99 70 341 74 57 86 58 489 85 18 99 51 100 59 84 70 95 222 7 12 51 84 752 23 50 59 90 221 62 92 63 95 799 86 43 99 83 429 24 33 58 67 763 77 95 78 98 507 25 81 91 87 278 59 36 81 77 73 58 61 90 95 470 69 77 75 91 669 24 23 47 29 268 51 68 85 78 513 5 17 7 34 919 2 1 43 15 127 33 98 95 98 274 69 54 93 77 17 13 66 32 73 336 16 19 87 61 785 6 0 95 67 716 19 35 70 53 840 72 49 90 98 18 55 56 87 68 251 48 52 84 77 711 29 37 82 51 17 86 81 98 84 187 49 9 62 58 951 9 42 64 93 125 77 11 92 84 877 41 91 42 92 36 65 38 87 72 489 19 48 64 53 994 64 42 78 98 572 53 43 97 73 764 32 89 40 92 79 11 27 41 80 932 56 52 99 59 189 32 69 61 93 551 47 87 48 92 925 74 24 90 51 117 38 98 89 99 508 1 2 75 49 233 51 19 94 67 314 70 8 87 9 185 78 32 85 93 807 27 60 38 64 685 40 52 84 56 173 88 28 90 87 826 96 23 98 55 334 33 40 58 55 283 25 77 81 91 146 87 61 91 75 890 50 77 89 83 194 53 58 62 62 69 45 26 46 46 832 79 33 98 45 807 89 95 95 97 798 67 67 99 92 820 14 5 91 35 409 70 49 82 64 813 87 6 92 85 423 57 92 74 96 459 48 89 60 91 100 20 2 94 96 898 22 45 59 66 168 77 42 87 52 198 32 87 59 93 831 56 60 79 72 138 37 72 94 85 911 89 71 91 94 593 82 53 89 80 898 98 49 98 58 999 3 90 21 94 644 85 51 92 82 259 68 65 99 98 638 9 83 64 99 85 87 67 91 96 402 64 31 80 36 517 59 37 60 49 438 26 15 30 58 428 56 84 89 93 90 45 1 63 82 184 63 44 70 96 766 74 49 75 81 492 88 57 91 68 86 37 17 97 64 83 15 9 45 51 530 92 30 93 85 330 64 23 81 88 594 73 74 85 92 777 3 23 88 46 327 94 91 98 94 630 84 70 93 77 153 20 75 55 91 354 54 24 92 90 904 5 83 16 84 374 92 40 99 87 384 7 8 48 11 244 32 63 76 90 890 89 54 90 81 639 93 24 94 49 430 75 60 96 81 54 25 65 69 94 103 76 9 83 40 352 41 80 88 80 565 10 11 83 41 574 42 30 65 75 156 26 29 34 90 329 84 36 85 93 894 10 96 75 96 19 7 5 62 39 976 98 0 99 73 148 67 9 92 53 581 44 43 70 95 290 25 34 81 63 587 21 49 75 51 999 97 50 98 96 930 29 1 73 27 794 35 13 39 63 451 71 49 80 97 206 16 59 94 77 906 11 58 41 63 413 29 6 45 63 793 64 89 79 98 996 64 95 94 99 687 41 48 55 74 538 64 40 69 59 378 51 12 75 84 901 40 45 66 89 262 38 8 48 77 574 32 11 40 19 907 67 61 83 76 479 30 29 49 71 468 84 0 94 64 158 40 89 84 98 579 29 81 97 99 477 47 12 99 44 894 9 90 54 95 376 37 34 90 65 364 4 79 89 86 439 68 52 90 73 26 98 44 98 54 586 87 60 99 77 483 74 22 79 28 508 71 78 90 94 815 51 10 94 52 866 7 85 90 87 432 79 92 92 93 734 81 7 97 12 247 85 58 94 92 57 44 46 93 96 123 17 84 99 89 989 47 67 53 89 926 15 51 81 77 839 32 80 53 92 978 79 12 90 66 168 96 53 99 66 768 11 65 63 71 383 21 10 78 18 173 53 80 54 95 266 5 51 24 51 43 61 65 84 81 499 10 98 87 98 473 66 56 67 68 706 22 66 45 82 116 42 53 74 63 432 13 77 79 88 99 36 14 93 58 870 49 85 56 96 30 1 49 36 71 638 97 87 99 94 95 73 91 81 93 472 83 30 84 60 427 41 40 67 70 38 64 67 66 78 803 74 4 87 13 25 80 33 97 63 329 23 76 56 85 813 48 83 56 85 102 35 14 98 32 903 86 12 86 72 186 30 32 63 59 146 39 3 89 39 341 31 37 91 39 904 83 19 92 98 798 44 26 86 39 915 2 93 64 94 503 21 31 83 35 961 74 24 83 59 400 70 14 73 89 309 21 75 27 98 898 59 38 73 64 398 73 40 79 91 698 82 1 94 6 29 30 21 91 24 413 61 65 70 78 310 31 84 93 87 917 2 16 94 63 75 88 89 90 92 387 37 70 54 85 237 71 11 73 46 774 18 56 72 86 303 87 44 88 52 182 56 94 74 95 880 21 18 61 24 115 7 95 70 97 717 81 3 98 14 364 19 7 27 18 71 57 84 86 98 280 41 31 58 33 815 83 22 94 56 753 93 44 98 98 626 52 11 69 45 595 73 48 95 64 590 31 10 99 71 733 30 90 32 90 100 79 13 93 64 167 52 78 87 94 230 74 11 88 66 197 79 50 97 76 150 52 29 89 94 851 75 38 82 98 341 4 71 56 91 491 30 52 91 60 625 64 17 78 76 717 37 85 77 90 613 7 54 47 87 502 0 32 36 78 772 46 49 55 71 300 71 57 87 62 336 50 69 53 80 693 51 69 95 70 922 50 54 89 82 740 55 66 79 79 254 31 19 96 76 348 76 9 94 81 391 89 33 93 80 16 6 73 77 90 693 17 53 44 54 483 70 37 82 64 997 90 47 97 73 412 34 56 73 98 123 97 92 98 98 506 11 87 77 89 170 58 19 83 59 913 48 69 57 80 43 60 95 78 95 468 66 72 97 86 4 82 31 89 62 610 76 29 91 76 583 21 77 71 95 109 7 88 91 99 362 56 69 83 73 781 86 18 94 72 898 76 61 82 73 278 44 17 93 17 110 98 37 99 82 45 30 83 70 83 914 82 2 85 65 591 81 24 85 76 422 1 68 29 98 701 10 25 91 77 439 15 6 30 32 603 89 27 90 80 441 9 58 72 91 176 39 5 88 48 36 90 13 93 96 655 62 73 73 92 772 48 71 96 81 487 63 96 66 96 710 81 2 91 39 659 47 17 92 49 665 40 81 63 81 707 27 8 27 66 520 52 60 62 69 173 51 11 74 32 23 21 13 42 60 38 22 64 48 99 399 49 10 70 12 287 37 41 42 67 683 16 74 91 78 311 69 3 94 11 617 50 80 72 90 681 94 38 96 80 838 89 44 94 93 8 70 13 99 32 704 13 64 93 99 399 5 86 40 95 242 9 42 60 70 987 32 62 39 96 781 84 12 98 55 866 88 42 98 96 904 53 68 63 77 655 2 6 27 11 743 35 21 80 61 167 64 69 91 93 869 12 0 72 19 588 83 30 85 70 164 20 98 92 99 977 2 83 48 87 768 88 78 89 86 231 17 54 59 78 131 9 85 71 85 99 33 6 58 95 349 93 4 99 94 365 82 32 90 37 560 31 5 40 33 793 18 94 46 94 58 62 72 77 80 128 60 53 77 98 230 89 62 98 91 810 78 24 80 27 347 71 20 77 95 258 22 33 76 80 191 47 60 84 95 163 18 46 24 81 520 28 64 91 79 636 22 7 67 85 333 47 74 69 79 1000 95 24 98 24 680 89 11 99 60 717 21 48 41 77 504 56 27 75 60 90 41 19 74 38 796 51 97 94 98 497 59 31 74 68 308 37 26 41 36 522 39 78 85 87 82 74 10 87 92 402 50 47 76 48 153 95 44 97 49 437 26 30 46 93 630 57 12 65 33 295 12 40 84 40 594 44 38 69 80 738 77 72 77 80 481 83 45 84 86 982 84 49 84 75 310 55 74 82 78 721 82 92 96 97 775 84 1 97 89 408 29 4 79 47 237 5 65 21 79 291 91 68 99 93 479 48 22 96 65 462 4 28 16 47 363 8 80 14 80 934 26 4 63 80 254 48 13 55 34 567 64 77 67 81 15 86 31 95 55 730 44 15 90 42 20 75 52 99 93 363 9 13 83 93 368 31 48 90 94 358 6 4 56 89 225 58 62 84 78 585 86 82 97 86 440 95 64 95 74 183 79 81 79 92 263 77 74 99 75 808 8 14 23 95 273 5 4 29 53 852 30 89 52 98 853 16 14 30 39 446 74 1 92 81 136 17 25 36 94 676 4 74 38 97 256 15 37 89 83 522 94 29 94 30 567 82 38 89 55 903 0 47 65 92 6 53 8 60 83 932 19 4 54 58 295 84 27 92 75 512 30 83 50 92 570 1 14 88 74 717 14 92 63 94 215 90 60 98 98 819 18 54 62 62 164 0 79 99 83 117 13 8 94 45 20 24 26 73 61 604 48 61 91 82 918 11 3 87 47 337 87 39 92 46 38 31 57 82 86 668 22 5 40 82 688 24 10 69 29 88 36 70 78 78 708 63 19 75 63 921 14 4 45 76 191 2 81 74 98 868 26 69 40 76 503 6 57 93 58 811
