100 100 1000 2 759
4474 3939 6038 7816 8467 9015 4563 8335 8435 1437 9382 9740 4966 7162 9676 9430 2734 1364 1699 6343 7086 6495 7483 5435 5960 4905 7225 2648 6399 8676 6385 9053 9857 1078 1974 4759 1630 8874 4037 6121 5421 7559 1441 5963 7681 2873 6183 2585 2808 4525 5351 1710 8935 5145 2788 6420 9039 3580 1323 4706 6885 4683 1282 2955 7732 6057 7639 2382 3671 7207 7454 1415 5117 4319 8576 5249 9362 5360 3052 7629 2886 8850 9110 4273 7634 7291 9958 1949 2872 9081 7373 2514 9205 5582 4494 5645 5993 4481 6174 7239
9928 8152 9639 5917 2223 4767 2071 6341 8711 3565 5365 1161 9010 2227 3332 5409 5804 4587 1357 3570 1846 7848 7256 3846 5947 4261 1869 8317 8359 1616 6990 4704 7992 6993 5943 1753 7684 2790 1719 6463 8276 6485 3660 2271 9258 4153 3289 1847 7669 1748 9461 1920 2376 5926 5394 1442 5375 1555 3486 4773 5268 8217 6053 2503 6866 4992 7679 7162 6463 8160 2035 5397 5335 4660 8986 2899 7981 1221 4515 4403 4902 2138 7751 2603 4905 4173 6078 7741 6236 9164 7997 8407 1082 2090 1522 8660 5641 7658 8047 4565
8226 2449 9726 4230 6945 9650 9123 7621 1343 7979 8680 7367 6323 6342 8310 2002 9387 5476 5205 4331 2035 7204 6710 2196 5061 1811 9762 2353 2948 3799 2410 5678 6446 3124 4258 8172 3491 9557 4114 8150 8071 1876 2119 6312 2205 4347 8634 7057 1313 7334 4920 3189 3897 4556 9528 8060 1154 5517 3192 8983 1815 3234 2979 9982 1875 8874 5406 2434 3889 2180 4521 4865 9679 2827 5920 3401 8359 4388 5475 6758 4989 1944 1966 2235 6614 3245 7718 3252 1566 8759 5568 5217 3340 9756 9379 1204 7763 4307 5842 6644
3485 6156 4267 2492 7327 2891 2817 9896 6970 9665 3652 5346 2225 4472 4203 7144 2953 3350 8671 3218 5106 8594 7063 1926 6914 8244 2755 2430 9357 5681 6666 6902 6751 8589 2925 6808 6316 9154 7610 9120 2591 3678 8343 9274 6683 2305 8047 7255 8567 9097 4581 8286 9558 2257 8778 9567 1892 4439 6682 3051 5126 9395 6301 2590 1292 9279 9780 4258 5691 2681 5323 8262 3300 1972 5122 2654 3275 4102 8960 9706 4343 1405 7925 8123 5962 1878 6424 7782 2964 2575 9546 6739 9860 7735 3633 9620 2049 8817 4028 2549
2083 1227 9427 8443 4459 8140 5061 8839 1747 7661 7951 2360 5750 4738 4163 8151 7124 1911 5269 3719 7636 9411 2977 6020 9253 9028 9996 8078 2714 4437 8545 9703 9321 7903 9200 7334 5205 5858 4994 9509 4309 8000 7186 2183 6055 6514 4853 7496 2393 2281 7891 1348 8237 7511 9840 6246 7178 4777 6127 4072 1504 1022 3637 7832 3344 6974 8078 6762 6853 4128 1517 1401 1558 6205 7911 7567 1763 1772 7845 8350 8532 4623 2080 7697 1479 3444 7551 4626 3825 9052 4263 6114 3653 5590 4934 4047 8025 5027 6301 7489
4308 3690 8831 5640 1076 6701 4596 8135 4926 2024 8044 4594 8265 5171 3867 2451 6686 5232 2658 3735 2792 2987 3012 3152 9324 8781 9545 9358 4086 1801 4251 1184 1991 6306 2829 7881 5753 7704 1407 3239 1192 3056 8224 5148 6927 3168 1891 9401 1543 5059 7426 1532 7538 7511 7185 5347 3996 2563 8080 4996 5602 6562 9331 5148 1489 6307 4682 7153 7440 1500 8191 1833 2286 5849 3590 9819 4193 1673 6437 1659 2261 2198 5405 9828 1719 1679 5686 3276 8004 1222 9424 4321 9168 3934 1833 5283 1432 2692 6200 9711
2341 2117 6605 9330 9417 4191 4109 4083 4270 5008 9511 2555 5459 6711 5594 1861 8836 5135 5885 2636 1743 6188 5617 6923 3241 2955 9954 8899 4174 1723 9644 6493 2617 7718 6491 4589 2340 6719 3207 9072 4230 1782 3696 4779 9808 5293 2938 6972 1816 6918 6345 1426 9635 1913 6743 8372 4241 2370 9948 7479 3349 9279 3896 3041 5444 4428 6862 6956 2646 4347 3692 9058 7303 3063 9968 8512 6701 3902 4991 2667 2952 2671 8996 3852 2387 6485 7281 8455 5761 4539 7813 2630 8403 9997 1248 7224 1029 8215 5151 8762
3830 6877 4175 8785 1651 1437 7786 8401 7486 7620 6732 7731 2688 8147 8038 3016 6572 3888 4495 2040 3636 6466 9530 6253 3501 4220 5751 2911 6686 4976 3103 8708 3287 3303 6639 3284 3723 5227 5520 8864 7377 9618 7696 9622 1938 6575 1278 8832 2964 2045 5081 3360 6167 6750 9166 3205 3040 1797 1812 4930 4668 9642 9872 1793 4478 1259 7261 7567 7844 8510 4784 6591 9718 4297 6708 7102 5669 2981 2329 5978 1643 9637 4511 9353 4298 7835 6695 1404 5007 6801 2201 8411 6463 7517 5537 8177 4741 6083 6117 8231
1729 7648 8433 3692 5024 2038 7363 9785 9209 1193 9661 7680 7386 6044 8170 3568 7764 3088 6968 8719 1838 3144 2061 5843 5686 7213 9797 9212 4059 9529 3256 2968 1214 2322 2385 1656 4160 9214 9183 7960 1589 6061 4282 5505 6940 2303 1777 4025 8895 8242 6890 5662 6434 2802 2398 5759 6248 3690 3209 2720 2273 7391 1720 3700 6217 7844 6632 9967 8716 4517 6567 6024 2714 3874 2103 7620 3172 8679 9040 3599 4167 4441 7088 6879 3175 7474 8682 9207 8022 1727 6070 1098 7531 5851 5037 4652 6825 3592 2030 8221
5012 8166 8535 9462 2440 5460 6567 2413 6271 5582 9886 4380 6677 2826 8605 7356 6825 1296 1071 5053 8182 5522 7199 8308 2582 7677 4449 7667 1207 9144 9661 5994 4844 2481 1910 6237 7755 4944 7372 2948 2883 6552 2439 6839 4366 5999 2760 1306 7995 2718 4044 5525 7896 4969 1344 1357 4295 8452 4243 5868 3470 1068 9651 7997 3004 9351 4826 6740 4732 2217 9539 6919 7588 8594 1700 3119 7213 4994 2961 8612 4695 1727 7620 6437 3427 7930 7433 3456 9118 4490 4542 4717 4608 6479 9960 8477 3161 3976 9854 8387
4618 6056 3698 3058 2195 5944 7695 6675 5352 9493 5668 3162 1929 6324 1220 5652 1805 2879 2510 7621 1329 8789 6586 3170 4534 8813 9776 9316 8120 1477 5137 2811 4535 9240 9870 4324 4114 1892 5302 8754 4494 8657 5954 6693 2886 4839 4158 5530 3107 5980 4789 1825 4426 6370 2803 2004 8678 2259 8975 6869 4063 4740 9284 5819 4491 2568 6571 6048 5423 9689 8971 8414 4611 2370 8565 3581 7791 2064 8193 8523 3986 3011 2207 2234 1286 4630 1884 6506 4675 1694 3833 7371 9350 1845 2859 1189 7592 9109 6730 8669
7998 9788 4517 2892 5279 9585 9912 2808 7985 7287 7890 6214 2924 9141 4104 3938 1058 1773 6389 8132 5617 6680 6830 7378 2295 3426 8522 4843 9204 5075 2393 5842 1391 6539 6883 3767 2424 1739 4656 2172 7112 9452 4128 1271 5266 6437 3357 8243 3361 1913 9233 5551 8458 3986 1059 1470 2923 5740 5406 4482 7388 8084 1061 4296 3338 7185 5332 9578 4652 3681 5889 4596 5405 3979 2071 3486 4456 6189 3393 7732 1981 1266 7193 5820 3723 2761 7448 4269 1944 4831 3623 7543 6259 9288 4884 3394 2806 3584 1624 2758
7512 7166 1660 7235 1891 1915 7819 8024 5770 8235 4849 9982 8426 4376 2143 2222 8164 8276 7755 4493 2533 5184 7010 4675 8959 7276 1304 6735 8635 5480 7679 5127 5696 9473 2324 1996 6444 6201 7270 6696 9002 1643 1492 3882 9438 6058 8959 3174 2242 9189 9058 4272 1684 3882 7320 7609 3318 9037 6001 9048 9203 1405 8284 5680 6227 7138 9315 1186 3960 7329 7595 8459 7002 3042 1387 1442 9513 1506 3000 9556 5669 5514 1567 8111 7269 5818 1787 5601 4791 3015 2855 9190 2772 8079 6367 6024 6888 4608 6778 1545
4930 5850 5591 2381 3007 7752 2209 9312 2057 4243 9603 9864 3877 9183 6210 9905 7402 3560 5170 8568 2008 6645 7327 1825 2090 3278 9361 2571 4236 9705 6298 2385 3275 6663 6486 2866 4376 4491 9602 3341 1279 7111 9080 8422 1448 3652 5826 6810 2766 1506 5780 5489 8630 7152 2556 6968 5579 8232 3031 8177 3623 6703 9784 6949 9252 9475 2500 4076 5203 6532 6156 8471 1411 9253 2729 6355 4726 4602 5626 7390 1510 2393 1631 7549 2866 5164 9545 8638 1059 1577 6347 7839 8539 7533 9367 1914 3137 3314 6417 2949
9461 2161 1112 3481 4758 6479 3975 6009 9808 9539 5431 4464 1666 3555 4844 5737 6906 6871 5053 4867 7115 6273 3935 5391 9372 5831 6223 4101 6452 9066 9996 6708 3591 4972 5275 7891 8562 7738 1678 8914 2918 2902 4520 9625 4201 9835 1117 5857 9490 2608 6447 5812 6638 6296 6471 7347 2650 7516 5453 2299 7800 3379 5114 8477 4265 6429 2046 6919 3465 2263 7667 4509 1193 6636 3005 4762 3427 3003 4803 9848 8756 9231 9893 7699 4342 1543 5712 5773 2274 6175 9582 7193 4490 5506 8561 4830 2214 8404 6093 2388
7136 7770 7037 1742 5202 6693 7191 8379 4890 4510 4252 2503 3818 5020 4162 7732 8281 8519 2499 3513 4716 3644 8911 1101 8367 2248 9488 1330 4839 7909 9419 4726 2618 9590 9271 6611 6990 9779 1308 4701 3278 9402 6943 7243 1414 5019 5100 4289 1633 7363 3394 3908 8577 8181 6912 1285 9920 9078 1335 7677 3950 8636 5511 2212 4963 6698 3312 3067 3557 2619 5972 5348 2799 3018 4513 9863 9304 4837 5289 5695 6598 2197 3547 7581 9162 6229 9636 8878 3376 1916 5568 5522 1409 5922 3631 7999 2627 9273 5139 6218
5476 7835 4060 8182 2471 9380 5508 2676 1799 9850 6350 6049 7353 3645 4213 7959 6599 6634 9122 1745 8810 2549 8726 8882 6542 1781 5944 8396 8869 4711 1877 9773 6128 9921 9310 5801 2535 8544 2983 8526 9991 1614 1922 4649 3417 6955 4337 9274 8648 8833 3304 5663 3516 8853 4498 7617 5084 5253 3981 4923 3731 5140 7714 1175 8559 2687 7198 8172 1026 2327 1783 7880 8940 3843 6118 8022 8629 3937 8808 7709 4423 5401 7063 7758 6738 4156 1546 7451 6385 9445 7111 1582 7568 2531 4067 5265 9592 8692 6417 6720
2840 1421 8402 4289 5935 8933 1863 8926 6379 2687 9330 7853 3170 1889 7655 4309 4227 7840 1409 5664 3699 9137 2962 3412 8582 1477 1721 6743 5255 5521 7599 6693 2965 7400 9847 7244 7966 6359 7761 9692 4934 7751 8246 7628 5394 3764 9043 6863 6016 4702 3455 6809 2333 4771 3344 7317 1051 4040 1760 7482 3086 5854 4611 3033 2214 9825 6661 3138 9217 3217 6099 8063 8747 8018 8301 8543 6273 7559 3105 6164 5390 1668 6010 2089 6579 7344 8896 3932 9258 8215 5117 4088 1948 1748 2190 7605 6008 7994 4738 2345
4473 6912 2786 7543 8858 1264 5187 3556 5717 5742 3123 1806 3291 3583 9512 2037 8499 5933 8412 8755 6472 1492 3789 2528 9627 4363 6948 7021 2541 1841 8148 6713 2117 1058 6725 8011 9403 5994 5331 8469 8651 2035 4528 6516 1598 9098 5376 7024 4498 3064 4265 2361 8943 9450 5816 2695 8400 4726 6616 1002 5474 6634 2747 4098 3856 6411 6066 9721 4582 5722 1580 1167 8931 5556 8735 7571 5460 7118 6343 4673 5610 4705 8919 3345 7506 5567 6004 8666 2877 8980 9889 3461 6322 2515 7058 2947 7126 9704 9751 2582
9478 4710 8260 4586 1602 8007 3815 1514 2245 7506 4323 2548 1939 1681 4354 8225 9100 3634 5576 9310 2440 6177 5167 9873 1571 2523 1956 9255 2773 8945 7655 7552 3220 9220 7905 9775 9098 8756 3622 5818 5004 8205 1723 3842 5177 7682 8890 3816 9956 4118 7794 8684 3140 5199 1809 2638 2256 7166 1853 4012 1282 4815 9616 2198 5537 9236 2758 6458 2765 2980 7546 8055 1493 2994 4174 1043 2086 3342 5293 1234 9626 4768 2057 2020 7503 1638 8119 2733 7489 6681 8833 7258 4040 8130 6539 1114 5036 9687 6375 3717
4833 1002 9640 6020 1528 8299 8059 8546 9069 6669 5122 6200 5206 2913 6151 6942 6599 2716 3401 5153 4280 7798 1428 2874 6401 3543 3335 6524 3709 7833 1504 2694 2195 1996 1959 3052 8183 6278 2136 7203 7480 2316 9781 1249 8294 9800 7850 6342 4879 4834 1289 9060 3312 6968 6605 6899 2516 6515 5392 7211 3201 4624 5942 9045 4938 1761 4580 3124 2216 8413 4684 8368 1666 8100 3270 7279 5013 6802 7877 8930 6098 7199 2545 9726 2575 3496 3997 9327 8411 8517 6904 6807 9714 8363 4088 7023 8945 7834 7557 2472
4778 7848 4270 5395 4963 6363 5510 3220 4902 3121 3706 6872 9765 3114 4340 3829 1061 4841 5324 4818 4512 7224 2079 5682 2809 5157 5483 8254 4708 3206 4555 2430 5376 4405 2017 7617 5869 3934 8814 1807 6557 9531 8349 7633 2955 9059 2774 8789 7032 8902 8580 9217 6071 6709 6502 8101 9179 5740 1252 1249 5591 3191 6320 7251 5887 8008 2767 7314 7087 2154 7364 7235 2567 5975 1733 9952 8494 5891 2865 1357 2240 2700 2260 1360 5936 3413 7712 6012 6105 7020 2298 6455 1610 6118 8683 5661 3543 4364 8078 9095
6824 1770 3775 7363 5308 4244 8398 5081 9378 1581 3282 1548 8243 7896 3536 8643 3086 1844 5732 2065 3383 6739 8824 9870 1178 5347 2774 8177 6324 6501 6181 2203 3068 9244 7978 4058 2023 5521 5858 3185 6430 6679 4072 2443 7254 7930 1989 1393 9677 6122 2522 1898 3572 7628 9036 2484 9204 9546 7729 1132 2747 2641 4286 1401 6863 2313 7466 1066 6951 7884 5573 4618 6399 8948 8625 8555 6770 4811 1200 3334 2244 6669 5594 2080 5272 5578 9392 1411 8744 1268 4988 2533 9000 2312 9760 3701 8903 4054 2566 4544
7459 7740 2444 2021 6362 3471 8685 1555 4602 5430 7234 7292 7404 2817 6648 1692 1111 9223 7626 4360 2357 2775 3790 3955 4933 5066 5299 8843 6426 5969 6903 8127 1037 4287 1853 5351 8647 1974 1512 7157 4139 4697 8825 9802 7761 2440 1449 2460 6444 6029 8300 1181 4808 5080 4609 1774 1520 7283 9142 2540 4076 2871 7417 6813 4113 4510 7752 9688 7883 2731 7079 9189 6502 7463 5177 2132 2578 1054 7206 2646 6136 7083 6917 9517 1677 1056 7315 3626 2785 8019 6438 4042 6235 8431 2426 3168 7241 4524 8010 9875
7967 4418 3495 9776 2988 4219 7575 3769 8163 2719 1096 1091 1804 6647 6798 6875 3708 1411 3762 7214 6705 3580 2289 2745 9336 4150 9176 3999 4101 1723 2898 8769 7275 6156 9506 4046 8676 8542 3034 6016 9058 5690 4130 3092 3546 4387 9851 2368 5138 9255 6155 8230 6420 9076 6153 6768 1052 8614 9613 7925 8267 8051 4033 7380 2038 4096 2516 3401 9873 3265 7939 4587 1586 8834 2507 6243 3406 7807 5021 6029 4139 7399 5151 5466 8814 8542 1695 3944 1595 7662 3068 7939 7608 6901 9377 7134 6281 8031 5881 3851
9114 4330 1869 8323 9196 7919 7911 5259 4480 8485 7763 1710 8473 9894 4654 8411 7751 7990 9188 6136 2695 3917 2307 2801 3382 9722 2198 6012 2600 5476 4465 1203 2884 9153 9900 3941 6947 6480 9505 5024 7092 4667 2378 7469 9701 7055 9633 9424 6673 5406 4123 1961 5221 8051 9419 3519 2205 6731 9561 9309 6293 7211 2940 6328 4510 3932 8753 2594 4299 7446 1599 4511 1494 4842 1765 5094 2723 7636 8369 5747 2596 8931 6787 3202 5912 9390 4399 9941 3983 8326 6152 4019 4640 7875 2208 2754 4364 5102 8490 2376
6328 2745 2072 1953 1547 4649 3906 4941 5235 5458 5345 7086 1065 8811 5995 3313 9888 3370 2181 3493 7333 5758 2212 4211 5123 9908 6484 8019 6255 2128 1776 5503 5843 3987 3273 6543 2844 6714 8195 7851 4215 7085 2916 8591 5584 9546 5017 7718 3559 5443 3659 2007 9811 7936 5427 7380 1385 4376 8195 4515 7650 5945 4919 6817 5821 2204 8916 4282 1834 1881 5963 5188 3577 9822 8136 7751 6610 5823 7036 2310 2553 6329 8607 6362 7208 3972 7231 8108 1106 2135 9039 4389 8377 6752 1283 6282 8680 7006 8377 4607
7106 9644 7361 2009 3737 9304 2819 5804 2111 7671 9894 9414 5396 4253 5984 1545 9386 3440 2807 8881 1888 7293 6197 6092 7764 5684 3191 7465 6819 5810 3412 7942 3001 9384 1627 5586 6056 4877 5676 2999 2736 9104 3256 5377 6477 7872 4182 7593 8803 7151 2416 9682 1277 3416 7290 7829 9614 2015 4126 2770 9261 6542 4921 5462 6650 1378 9724 4070 2230 3301 1534 2336 7449 1564 2806 7354 5600 4036 9150 3049 7098 6244 8554 8546 6807 8374 3968 3106 2049 1273 3071 7074 8196 4446 4400 9448 2535 4295 2181 6615
9182 7323 6149 6842 1789 2547 7825 9253 2917 8142 7564 7538 8316 7298 6809 7962 8401 4410 7962 8043 4616 7173 3731 2050 6584 7541 3196 8346 1095 6728 3552 4203 1829 5656 8705 6957 7123 3880 3993 7049 6296 7770 6695 3770 4235 9345 3132 8849 9999 4135 9555 4712 4379 7871 3223 5834 3882 6112 1425 2306 3474 5353 3623 7682 2376 6015 1525 6348 6944 2380 2810 7618 9834 3526 6484 6112 4699 7180 5982 2610 3955 4866 8296 2810 1032 2685 6200 4825 8708 1867 9349 4341 6959 4251 7234 9053 7567 3612 2322 2396
6154 5781 8529 6052 7448 8418 1749 9136 6120 2320 1463 1405 2825 2150 8843 7305 7834 6623 1568 9905 5826 4950 7889 7666 9051 3778 1480 6693 5473 9859 7525 5503 9437 2484 9693 6429 7985 1812 8420 8261 7765 5509 7264 3197 5650 9915 4223 2946 6839 9921 1702 9649 8611 2484 5074 6831 8094 5026 1388 9305 1009 7757 7213 3548 9117 2356 6090 1476 1399 8582 9410 5073 2700 6018 10000 1652 4234 9379 8156 4471 5477 1424 3433 3521 6100 2032 9527 5319 5143 8347 4512 3216 6715 3261 7519 9643 2158 6950 1832 5338
4251 6127 4249 4347 3445 9720 4369 9728 6573 4382 5919 6938 9484 2729 1644 3874 2569 5669 3752 9867 5339 2187 3839 2506 9176 3512 7067 2735 7481 7318 7032 3823 5424 3880 2872 6938 9336 5781 3338 7889 3009 3216 2392 5737 1400 8721 6443 1231 3448 4074 8853 9614 1502 9443 9438 1195 5277 8286 9322 6643 4816 5225 8885 1697 7111 1643 5259 6827 5026 9143 4547 3827 2646 8531 7888 9024 8897 1228 5313 5136 4872 2541 7795 9551 1823 5366 4167 3792 8745 8032 7938 3983 9736 1257 2020 6254 9624 4306 6317 7663
2049 5395 1361 1912 3101 4053 8923 9683 1975 3163 2764 8366 3652 2714 8331 9966 9164 1776 4927 5586 1726 5613 9305 5967 3211 4250 1636 6759 6844 5245 4661 8211 3420 5353 1335 8911 1340 4697 4872 1340 4564 6151 2561 1789 9949 8788 4485 1277 1994 9981 6034 7473 5988 6045 3720 5611 9322 1055 9018 1795 5488 1807 7898 7352 2750 4154 4810 9940 6580 3841 7230 5493 5532 8585 2026 8340 1010 1080 3302 1561 8363 7123 2100 5809 6844 2942 8015 7050 3450 2836 8135 8548 9481 8816 4283 7234 4924 6942 4149 2861
8501 5450 7885 7411 2309 7572 2590 7111 5269 8205 4008 7633 4193 7239 2778 1456 5014 1349 8417 3538 5225 3665 4057 6071 1418 7971 3147 1400 7644 1798 1581 4553 4436 8730 8599 1555 6399 2781 3444 3633 4134 9742 9142 1524 4886 4405 8285 4423 4578 8007 8282 9514 1275 4412 8301 1050 5021 6391 5859 2586 3371 5024 4640 4241 2148 3668 7850 2576 3842 6455 7945 7975 5567 9903 4130 7825 4616 8403 7523 6446 4939 6788 5471 5829 4023 7428 6068 7781 4511 2551 6655 7495 2462 3177 5551 3221 5984 2363 9852 5887
8557 8978 6338 6610 1075 6460 5432 2213 1018 9197 4796 2236 3922 1837 1599 3974 6029 8300 7556 1759 1522 7222 1021 5870 8750 2551 5696 5346 7748 1209 4763 1986 3758 9029 9397 3911 1496 2435 8966 8423 6469 5799 7979 8531 6324 3127 9988 4215 4440 9604 6466 2617 1776 2156 4748 1525 5301 6825 6651 5186 2874 1111 3998 3629 9507 4096 5891 5520 9436 9201 5518 6749 3507 5626 5667 1287 7790 4588 4502 4299 7014 4718 8979 8135 9319 5353 1568 4239 5596 7941 9917 7937 5427 1449 1178 2080 7255 8430 8929 5294
2671 5356 7674 4348 1839 7453 6222 8482 8314 2218 6603 5137 4915 1317 7052 6722 5793 1057 9190 3198 4529 2754 8533 9428 3333 2278 6467 2076 2597 2016 6787 6271 4787 7271 2558 1093 7099 6896 1911 7730 9982 4937 6730 1461 6602 5563 4043 2231 1693 6909 3068 8663 8698 2143 5448 4908 8579 7533 3569 4444 2341 6823 1018 2769 9843 8927 9388 3724 6494 4735 3685 4589 3799 1084 8192 7169 6771 8722 5388 4401 8968 9049 3966 8261 2041 1184 2736 5183 5414 5359 6280 4997 7382 2481 9177 8878 4450 1380 7510 4462
5307 9841 9640 4272 2756 5920 8367 8017 2501 1394 5793 2274 9742 3950 4381 8309 8087 4309 4024 1710 7572 1103 8139 8607 9807 6624 7519 3369 7169 6516 8738 5949 4245 8676 7433 3038 7371 8822 5937 8690 6698 2880 7552 7739 8947 9950 9442 9657 5850 7140 7116 6840 5683 9018 7200 3011 3984 5303 3426 7453 4091 9172 3054 5529 4184 4295 3889 8594 8620 5250 6782 6868 1510 1520 6566 1214 8544 6210 1232 6036 5256 5619 5051 5235 9910 9899 8435 5475 3541 2670 1214 5452 4223 5328 1584 4159 6345 6401 8982 7769
3074 3191 2526 3837 4005 8266 1537 5163 8085 2813 9925 5275 6298 2713 1541 3896 7165 2727 7971 4462 3362 9912 4129 7343 2204 6914 7068 5646 1064 5228 3001 2274 7735 4263 8399 5471 9966 9578 8745 1295 2285 9050 9287 1406 6026 1096 2508 4709 1676 5820 2778 3324 4934 7355 8740 8111 5669 3009 3757 6025 8338 3376 7049 1935 9952 8389 6920 5530 8843 6030 5317 2596 7503 5550 7780 1909 2070 1095 2475 3892 5759 3158 8835 8706 6390 9207 8942 1050 7562 8227 5187 2822 4847 1594 1389 4547 4903 4710 9803 7418
3232 3877 3605 8699 8295 4107 7171 9482 9003 5702 5456 1827 5395 9864 5268 1426 9095 9468 8942 5644 2847 1251 9011 6792 6285 9632 7786 3581 7291 2517 7350 6277 8976 9241 2833 5215 6421 9040 1912 5947 7084 5360 6669 7455 3859 4966 2774 6002 4896 6407 3722 7570 5950 9985 7674 1900 3465 2098 3793 1415 4522 1847 2898 6924 1596 2789 6248 8953 8739 4768 3842 2681 2216 6965 1373 1929 9937 3568 9016 5424 5239 6597 7984 1672 3003 6615 8218 6925 3212 9962 5387 4254 2418 7049 3367 2501 4495 6260 1438 9794
2444 7178 5887 3719 6747 7069 7200 5312 6983 7056 7708 3083 2296 1001 5007 7505 5856 8353 9794 6654 3526 2309 8003 3105 5418 8684 8193 8748 4258 8009 9164 9763 1742 3160 2992 2501 2397 1912 1339 2645 4646 7355 7894 3451 2679 2992 5228 1242 8785 6174 4386 4702 3911 5854 1058 6985 6202 4322 4598 8060 4668 1441 9499 5332 3205 4900 5547 4832 7900 5093 6320 2488 5934 1719 6631 5200 2823 1530 7248 8549 8379 6263 2918 9168 5484 8770 4268 8327 4457 8664 2393 7223 7129 6458 2736 1680 5923 8275 3177 2227
2224 4611 3438 7620 4729 8563 2446 6998 9860 8019 9927 9254 4732 2596 4823 6321 6590 3230 8418 5834 8813 6810 7868 3396 8916 4884 5089 4330 8483 9419 6699 6137 2675 7770 2057 1935 9777 6692 9164 1726 2638 8275 5482 7890 6272 5119 1875 1572 8802 5675 2375 2663 6340 2207 5571 5422 1194 4226 2195 8521 7769 9055 2290 8354 8274 9664 2509 2068 8070 6946 7078 2681 2596 5738 6361 6265 2260 5433 4845 1415 1789 5185 8551 5287 6827 7661 9419 7929 6295 1981 6290 7710 5618 1834 4523 7556 1006 8238 7723 8795
7722 5728 7999 7004 6226 9637 8366 2137 8450 4759 9515 7240 2151 3086 5968 9417 2971 5294 4622 7107 9125 9145 7473 9010 2764 3513 9079 3266 7573 3804 6483 9639 1768 1680 7685 6180 4001 2051 2588 5527 7360 3147 6120 1736 7490 6401 2398 8395 5324 2347 1191 8016 5486 3362 4791 6204 6077 6274 3787 5231 8331 9452 1340 4915 3188 3399 9023 8070 6316 6709 1934 6758 4683 7221 2030 8994 4005 2541 2026 4024 4613 6869 3828 6931 5491 7601 5314 7856 6267 6556 1025 1966 5712 4989 6959 8033 3066 2822 4567 2387
1435 1722 7815 2262 5858 7148 6564 7589 7293 1982 1185 5238 1295 7084 8769 9380 1163 1046 2734 5257 8819 1541 2438 5331 1267 7574 2917 4810 9475 8398 8729 6606 5318 8466 3638 5728 6380 7092 7272 1030 3309 3717 7617 9208 3600 7508 6804 8521 4786 9899 7822 8160 9519 8584 3968 7813 4845 5602 5307 4846 7739 5028 9790 4289 8843 3238 9387 6892 2378 2620 6450 5069 5567 9699 1650 4601 3551 3868 4485 7021 3619 8954 4429 4803 3345 6326 7288 6193 5461 6557 3365 7554 5154 1604 9380 4849 4002 3064 4798 1051
3675 9833 1658 4717 3736 5087 4700 8812 9404 6559 8633 9632 5459 7121 5175 4978 4558 2493 1878 1284 6071 3097 1737 1113 6268 5535 5167 6659 4409 7605 8818 3328 2631 8465 8222 1074 9908 9169 7297 6337 6113 4725 8533 8445 4000 7421 6483 3096 8692 8088 3806 4897 7122 8487 9000 4253 4402 4431 7913 6722 2300 2968 9025 3408 9002 3986 9088 5447 8396 9685 3408 3962 6838 3254 5262 1351 9317 2758 5477 3733 8474 8164 9942 2060 8323 2754 5725 6981 7014 5519 6545 7692 6808 2203 3495 6022 7726 4010 2242 8743
9057 6010 5717 1229 8944 2875 5946 1325 8863 9428 7007 8073 9102 7109 7589 9261 3831 2431 1812 7001 8111 7229 1714 8091 5057 6171 2442 7146 3099 5983 1903 9954 9800 7260 4472 5783 4353 6615 8968 6566 5668 3963 8157 7186 9035 6790 6117 1844 9903 7563 1786 2635 5270 1742 6438 3666 5416 8913 8410 4106 4089 9390 8008 5611 5911 3408 3293 3824 4474 1671 2731 2701 4911 9972 9525 2552 3360 2270 6351 8054 6857 9635 5993 2412 4652 5977 5882 1373 1667 9009 3047 2183 6743 4168 3117 1815 8024 5947 2441 1301
8740 1325 4788 7571 9069 8292 2775 1475 5638 5858 4895 2077 9348 1968 3458 8797 5300 5661 9385 1189 5299 5613 8491 8253 3340 6931 9652 2757 4406 8566 6239 5037 9098 8406 7785 2770 4522 1123 4175 6116 4717 2126 9283 5456 6255 2424 1287 3680 8235 8940 5845 5627 8036 2666 7402 2924 1259 1037 4133 7947 5290 5370 8488 1588 5958 3267 1031 7522 7717 1741 8258 8138 3615 8148 5629 5083 2179 7644 8240 7306 5053 9197 8844 4322 6391 5649 8151 2320 2882 3100 5051 1783 9286 1711 5210 7121 5009 9955 6287 4357
5951 4771 7775 2154 2420 3481 8637 7524 7087 6347 8466 5465 3549 4714 8774 3858 1370 4677 9282 1533 9724 6918 3418 8529 3397 4412 2554 8136 4316 4962 9295 6592 1008 9775 6920 3534 2012 3994 7462 5672 4179 7252 5734 1991 5869 4282 1526 3738 4524 5937 8269 8199 9131 6639 9462 8526 8286 7545 5592 1931 7324 9709 2129 3758 7031 8806 9297 7304 4434 5849 4757 9453 5795 8572 7731 5355 5381 1988 8348 6883 5487 3442 3280 9425 4121 7652 8303 2704 7669 7464 8244 8964 3786 5037 4207 9890 3387 3707 7548 4598
5495 7996 7891 4354 2468 4516 3020 7704 6877 9165 8806 1774 3394 8954 1319 9712 2587 2266 8672 2866 6982 7814 1767 4210 5633 1436 6091 8458 6715 1737 6290 7706 9614 7812 3464 4740 7557 6937 7177 8621 1266 5100 7818 8137 5037 3662 7514 9767 6874 6166 7839 1055 9878 5516 5132 7784 4528 3716 5255 6655 6187 9382 8798 8638 5290 8692 5781 4519 8629 1613 4828 9936 1602 9231 6174 1471 5463 1740 6013 1512 8226 6682 4158 1383 4965 2178 1216 5589 4822 9893 2744 1018 2052 7563 8376 4095 6565 5049 6224 3298
6668 3733 1528 6865 2960 4763 7607 8495 6064 8281 3327 3923 7235 6704 3061 3814 3050 7606 4035 1398 7957 6959 9222 3927 4128 3065 1977 2383 4910 6624 2777 6750 7471 4053 2111 4521 3081 6719 5480 1235 2320 2008 8915 5310 3731 5228 3285 4491 9903 4476 1839 2977 1038 5216 3329 7773 3184 4902 4643 6335 3264 5587 1444 3404 3232 3186 2735 5484 5627 8232 2535 2571 4011 6807 5904 6518 6525 8332 1656 6609 3308 7505 3536 8122 1673 5294 8083 4664 4590 2377 8443 3433 3766 8801 3166 5412 9940 1046 8402 5707
9822 4836 5585 7237 7714 2032 1273 3165 7130 8136 3635 9058 8255 7034 6546 3281 9540 9328 3849 3283 2199 6770 1254 4566 3128 6072 8955 7946 9003 2585 6491 6468 1712 5586 1928 7950 3558 8977 2341 4480 6310 6868 5871 5889 2371 9880 2403 3872 5958 6032 6244 9483 7065 9214 3062 2294 5343 9550 1755 7665 3957 5771 8152 8815 2753 2450 1706 8513 3998 4300 6135 1530 1846 6157 1342 2672 7357 7752 3254 7795 3087 1944 4333 9819 4464 6813 4865 3610 3290 1710 3059 8659 2004 5139 3051 8757 3341 6589 6151 2519
1204 6635 1254 6568 4029 5256 3324 5033 5544 3098 6759 6297 1299 8478 1919 6467 7312 7652 6855 8836 3671 2688 9459 4391 3280 9093 1785 4666 7174 6895 5882 6412 5527 1347 1635 3080 4758 3283 2513 3402 5273 2211 9054 9641 6240 4603 2381 9710 7939 8524 5851 1639 4882 8185 4359 1532 1446 6826 3867 9759 5042 3295 3849 4147 6244 5588 5519 5313 2078 9312 2415 7916 8777 5012 9985 1461 3660 7719 3785 1824 7528 4935 8672 5676 1893 5948 1746 8436 9893 7048 6822 1178 7989 6727 7100 4709 7517 9237 3384 5888
4846 8119 8908 7759 2843 4226 6434 3954 4777 6309 9318 4735 6091 8364 2795 6170 1130 7779 1342 1934 8735 6998 8125 7985 1812 9733 6040 4217 1633 2544 9210 2289 2792 4884 4919 8942 5288 7433 5102 5439 5485 7426 6064 6015 6832 1911 4417 7724 5563 6954 4471 8345 9326 9330 8732 8519 6674 1233 2812 8649 3550 6588 5770 2935 2026 3730 8200 1341 3063 3429 1847 6030 6222 6663 9312 7558 3574 5501 4268 3308 6173 6269 1253 9063 5932 5165 6964 2345 3324 5570 2913 4208 8909 9591 9764 3070 4302 5667 6786 9811
7038 9887 7166 6829 2555 4192 3463 3142 7017 2799 3122 2837 5884 2833 3183 8197 6788 8541 1029 8617 6223 1877 2738 8199 6700 2840 8534 4352 5267 3665 1335 1276 9558 7736 7524 3916 6034 9619 1224 5287 7860 6949 3592 5393 1067 1271 9026 2585 3648 9629 7682 5700 5979 6058 2669 3915 3095 6932 4806 7210 4996 8685 3493 8892 7855 4291 2204 1001 5081 2467 4580 9100 6120 7462 9199 4305 2081 1686 2955 3652 4249 4518 6983 6433 2338 7169 1233 6818 5744 5349 4699 7097 3859 3887 5902 8846 9366 5046 2931 3498
3492 9067 8267 4708 2121 3732 9869 7673 7512 4481 3754 2651 2486 5147 6104 9762 5092 3118 6704 8443 4440 3787 6834 2613 1393 2471 1098 2264 3803 2734 8792 6412 4963 7491 5979 8108 6605 9684 2639 2627 2854 7561 8864 9223 8336 3429 3059 1214 5589 2243 2481 8572 4724 3782 9059 7425 8595 5652 8588 3638 9229 2064 5923 4272 7632 5603 5250 9255 4889 5839 6424 3084 7531 1596 5429 9143 2932 7875 2907 3578 5601 2401 3269 8183 8581 1300 7610 6880 4692 3936 8623 2430 8471 1705 7820 3036 7163 3874 1464 9200
8576 5192 9923 5549 4050 2400 3903 9432 8049 4150 2126 4403 7918 1581 1105 1141 8926 7198 5548 8478 7349 4296 8525 5431 9848 8664 2735 3495 7363 1959 7844 3115 5131 1647 5427 8960 9647 7804 6071 9070 5727 4767 5786 5211 9481 5962 4140 6960 8831 2190 5552 8697 8172 8599 6009 2569 1248 5643 9847 6846 9156 1376 8747 7934 5718 2407 6282 9284 3627 8175 7591 6676 7882 5469 5604 5163 8396 4048 5305 8108 5728 3159 6165 5582 4555 9193 5376 6977 9749 7910 2077 3971 5092 1841 8552 2719 2691 7526 3777 8326
3967 8705 2650 8533 3441 4456 5146 1807 2160 3402 6562 5451 9254 6144 1284 1078 6919 8035 6710 6839 2706 5498 5775 6892 2887 9996 9871 6274 3084 1508 7946 7605 6405 3621 3569 8067 5855 5246 9607 9674 7718 7878 6364 9779 3741 9747 2196 1862 4236 2368 1920 2362 1515 6560 3897 5673 6036 2790 6558 2169 4909 7061 4640 7149 8885 7029 7079 7617 5069 1836 2648 5173 5557 1484 6200 3089 7122 4799 4509 8957 2789 4292 5404 1603 3187 1982 2721 7459 7302 5845 6726 4051 3003 3984 6506 2054 1145 1854 9182 2871
4108 9044 1299 2752 8396 8519 7981 2923 6063 1415 8151 2413 6964 5147 5749 4934 4542 8552 6804 1950 1730 3494 9434 6922 8346 2244 7700 1286 9340 1117 3994 3810 6540 8208 1789 9222 7615 5563 3475 7512 8296 6589 6223 1282 7260 4564 5760 7176 7475 4718 7067 3252 7504 1065 8417 6044 3609 8499 9416 1987 2103 4129 6079 7562 9781 2636 1134 2127 7940 8747 6607 6738 2103 3715 8413 9084 9552 3862 9055 2349 1915 2106 8640 4893 3946 8121 7630 8739 7073 5778 2197 6163 2592 7170 1586 9215 7683 8726 3206 3533
3831 7975 8148 9678 3981 8035 6918 1072 3772 9406 7935 8530 8575 9722 4514 1895 9582 2877 6563 6921 5349 9019 2154 1536 4575 3227 5320 7375 5694 1935 6067 3078 5927 4148 6308 6564 6593 9084 9589 6296 1121 2569 8266 5136 4727 8922 2278 9468 9946 3645 8864 3052 5629 1105 7477 3729 4183 2568 9174 5271 9249 4160 7531 1612 8798 1455 8268 3864 5523 6182 7590 4360 3976 5785 1868 9962 3113 8233 9494 9453 4835 5463 9953 7968 7452 4958 8684 5925 7243 8875 8779 7421 7186 9746 8558 5111 2841 7538 6475 8053
2500 4653 4490 4901 4083 6607 5255 4090 9839 8806 4533 6978 5547 4516 4683 7659 8670 4013 6646 5770 8360 1009 5095 6828 6861 7108 5794 7173 9917 2679 8157 9292 1790 6557 6931 1907 6781 4090 3916 7545 8772 6890 5155 8200 6223 2153 7908 8440 3530 8578 4325 9916 1367 2878 7036 9730 6155 5497 1032 8777 1524 2048 8626 5441 8404 4281 1262 8859 3494 2793 5209 2482 9721 2277 6752 3614 8025 8758 3140 9273 5008 4907 9878 3536 2269 3262 9964 9494 9568 2847 9209 2458 2316 5859 6120 9121 3960 1747 1128 2972
5556 3564 8175 9788 7664 7929 7802 7405 9587 8956 2724 1808 2091 8240 8419 3454 9768 8676 5764 6582 8633 9641 4650 7830 8641 2035 9540 1158 4430 7571 3097 2488 9522 1628 1921 6430 9973 9313 6211 7684 3910 3596 2355 2058 4861 7176 5533 7854 5106 1495 1678 2650 6036 1576 5068 3214 2223 2288 5454 2031 2754 3052 9330 2921 7050 8023 4566 9873 9113 3464 9296 1491 6630 2369 2698 8039 1511 9633 1178 2018 9123 8740 9058 3307 4203 9279 2298 7443 2688 8714 4018 6717 6311 5893 1972 1668 9487 5790 5218 5188
2388 8789 5203 4194 6472 2133 8360 6331 8874 2599 3882 5698 4685 3207 1643 3533 4336 6550 6598 5264 7313 1417 5615 5606 6704 9794 4972 7927 4708 7027 4438 3612 8128 7703 6835 2843 3959 1332 6352 6822 7545 4981 9318 4092 2346 8477 4714 3449 6427 2425 3320 6703 2923 2979 9883 2549 4276 3105 1198 9818 2657 8008 5980 5341 9848 1956 1399 5000 8388 8003 2022 4781 5294 8877 2662 5235 6160 7514 2217 1965 1535 6589 1370 9169 6333 4372 7119 9210 8690 3215 3503 2738 4805 1994 1018 2796 2006 5756 9058 7008
6881 5479 6634 3604 2862 4493 2237 7360 3167 6603 1474 4367 8717 2142 1153 2186 2005 3034 5881 3384 9284 8588 9173 6324 1477 7633 1442 4075 8000 3138 1404 9778 2661 2608 5079 2639 9600 7543 1395 5994 2703 1378 3982 1931 2413 7464 2709 4048 4046 1063 1741 5927 6370 2457 9320 3966 9325 8398 9767 9020 2736 5967 5169 9607 3640 7304 4181 1802 1854 3825 9091 5118 6556 5449 4139 4123 1369 1536 5182 4801 6608 6398 1019 1781 3571 6933 6734 4551 9403 3785 5392 3704 2565 1850 9958 8640 6260 9778 4543 1149
9951 5925 8333 4209 3913 9680 2790 2157 1939 8855 2903 6237 2794 5362 8347 5444 7366 9732 4341 1895 1599 8401 9871 9996 4043 1070 1257 6470 6501 5186 1108 1772 8861 8245 6034 6832 7764 6486 1585 5669 9249 3780 2202 5961 5507 6533 6758 5655 2114 3645 7027 4754 5438 6220 3005 1936 6047 2589 4563 5310 1252 8646 4893 8847 8167 9537 1188 9503 3758 6293 8647 3457 4331 1095 6370 9480 3668 3453 1520 2922 6567 4798 4954 2814 4617 8587 8311 9087 4419 8374 4121 5944 7670 4157 7116 9671 1813 9564 5897 8996
6720 8418 7266 1292 6382 9622 9922 1034 6109 6590 4289 1566 1721 3837 4671 6102 4179 8988 8759 9586 1539 7205 8213 5401 4187 2086 2067 2041 8426 5606 2224 8695 4953 1440 5920 6514 7159 3238 4140 4317 7845 8561 3466 9962 6517 5140 7860 3893 1635 5353 3502 8476 8285 2089 4322 8549 4191 2878 2137 5191 6533 9545 5809 6000 4893 8373 7561 7063 4105 3450 3271 3315 7584 7593 2771 8231 1765 1693 2127 5418 5487 5233 3160 9693 5681 7970 1995 3039 7522 2337 4467 3901 9990 9152 7772 1422 9304 7926 6839 8241
7021 4819 3030 4163 9431 1055 7559 6135 6411 9656 4042 8233 8159 9235 1914 4721 8417 7736 2692 6553 8513 3334 4180 4391 1766 2850 2338 8679 4244 5090 8030 2950 9798 2430 6709 4142 6415 9656 2739 7846 5581 6313 6049 1870 9946 7744 3858 4017 9102 1937 2770 3134 1768 2493 8308 7661 8945 9997 6977 8322 6462 3836 7846 3661 2318 8951 4534 5041 3734 2255 5863 2003 8843 5224 7198 4202 7299 5107 5216 8110 7426 2562 8084 5744 8065 2466 9877 6945 8157 5046 5735 2917 6897 5305 6891 3274 5247 7943 4703 6257
2586 3902 6642 7591 8267 8001 1116 2181 4541 8496 7656 3071 5875 8555 7386 6553 6311 8860 3938 2955 2418 6876 5999 2172 1685 5604 9825 1418 2048 7268 6307 7259 6448 7429 5704 1162 1949 7149 5205 5587 3443 2721 2666 1246 5410 3297 2889 2035 7547 1044 4445 2994 6192 1163 9382 9075 3999 8757 7667 1819 2836 7078 8198 2814 3874 9386 6722 2491 7856 6946 9842 8412 8655 7965 7912 5158 6510 9982 5962 5306 2571 8093 8073 3882 9169 5372 7378 3724 1840 8319 6350 5424 7999 1366 4615 2115 2549 9034 2797 1858
4323 3003 1461 7291 8700 5361 9602 1162 6942 2070 1006 1310 2770 5158 5058 2565 1308 7347 8195 1256 8152 3107 8349 5586 6115 3556 4098 6210 2362 6788 7163 8239 4059 3517 6052 9121 6265 2222 8678 1914 1622 1126 9663 9057 8169 5211 6097 2477 5279 2695 5217 1341 8462 6831 8704 4050 6624 4548 7707 8135 5480 7324 4427 9571 5367 5174 4768 7988 6613 9615 8912 1934 4551 8095 4837 8001 6995 8480 4665 5730 2088 6416 4426 1434 6246 5341 2719 9076 3510 5720 5714 9563 6340 1723 7685 1292 8234 7635 3379 8910
7170 8013 6663 4823 2270 1394 3764 8997 9333 6037 5950 8913 1583 9060 4577 4228 8012 4541 6962 8354 8186 6222 6594 4672 3582 2567 2291 9398 4411 9515 6260 1985 2621 2684 3620 7460 5525 2199 4217 6639 6103 6844 6567 5872 5077 7074 7024 8193 4610 9366 8605 4630 7182 4801 9348 5512 8478 2917 8187 4117 4598 2348 7200 9391 4197 5978 6862 4361 3531 2057 7531 9527 7713 9856 4008 7893 2141 5168 7176 2613 1960 1830 3973 5967 2349 2637 3799 7894 7803 7275 7342 6271 2457 3064 1458 3084 8899 4678 2460 6767
8453 7187 2420 3993 9593 8536 3598 4444 5130 9200 1509 1512 1594 6746 5102 1642 6274 6873 8921 9675 8190 9756 9242 5463 2005 1463 4476 8270 2530 9560 7003 8261 3657 7155 4385 9817 5755 4953 9289 8120 1876 9906 3892 2519 9230 8260 5510 1035 4596 2560 3062 9815 5731 7712 1812 9559 3167 8408 7660 3786 5279 4445 4866 4500 8930 5036 8469 3802 5590 5800 6777 6925 6407 9127 9514 9981 5203 7747 8565 9831 2737 1342 4695 9742 8840 4424 4691 4700 9671 1409 2706 2650 2025 9248 5857 6941 5391 6764 9054 7648
3214 9368 5933 8648 6571 7831 6623 8234 7675 2747 4722 8920 5771 8373 6645 3500 7557 7885 7933 6147 1128 1599 9052 5229 5548 3839 2053 4452 2130 6590 9314 7617 1536 9235 4412 7963 4497 6361 5155 4917 9457 5357 8202 1754 8054 3002 7858 1521 6175 1197 2365 5648 8165 5216 5379 8948 4837 3679 2368 4895 2145 3491 8242 5760 3796 3768 6819 9180 7026 3627 2291 9986 7241 6318 7032 3618 1926 5061 6698 4244 3713 5465 8419 4775 1298 5524 7609 4914 8651 9851 8418 9702 3168 6898 3240 7772 3676 2065 3632 5736
5462 8847 1391 7720 7904 1043 4989 8303 8349 6909 4640 7292 2930 9770 7484 2788 4977 1343 9484 1034 7378 4238 9768 9857 4431 3507 7500 5597 5594 7923 8487 1750 4665 3055 7541 4065 9081 6845 7623 5883 8552 4701 1566 1551 3690 2549 3259 5729 1940 7720 7896 8904 9416 1740 6715 8271 4811 2866 2996 5912 9446 4157 8758 9615 9630 7984 4887 7880 9283 2135 4814 5706 6339 6939 7312 6711 8694 6557 6650 4403 2856 6026 9009 6868 4860 1899 6143 2341 9721 6467 7111 7912 9747 8054 5449 6654 5690 9957 8152 9146
1076 1580 2267 3399 3101 7996 8808 1497 3627 4912 9275 1518 6766 9607 2230 5443 5120 5166 7284 3693 9655 4970 6368 8996 2185 9220 3477 7970 8007 1456 4215 3769 6871 1210 9386 5127 4046 1392 6871 1459 1428 4150 6984 2963 5295 1731 7507 6677 3549 3966 2922 2638 4842 4808 6259 4051 8965 5515 8973 4682 8975 9714 8249 7348 5771 4772 9778 8268 7346 7498 2937 4392 6368 1974 8587 8527 3571 2180 8187 7719 1117 6173 2485 2346 4381 1397 6567 3734 3910 1418 9934 1084 4838 2536 9870 1954 2372 5959 2086 1920
6469 8932 2111 4558 2797 3191 2534 1196 8862 2044 4090 4659 1238 2876 5770 8626 2733 3329 2446 9528 5298 4830 5191 5055 7680 7089 3567 1959 7852 4039 4200 6224 6567 1420 8033 7346 6092 8770 5742 2096 1259 1457 1589 3053 8346 7491 4946 2341 9358 1824 3666 5155 8068 4830 6087 2963 9970 6013 6106 6553 2959 7025 3744 9310 4822 4714 1253 1216 4379 2610 8645 2350 4319 1060 5096 7705 1912 6856 8695 4121 1705 6792 1300 2704 6966 1926 2983 7161 3202 5610 8655 2001 2994 7253 1515 5558 9323 5178 1165 3971
9477 6172 2284 2432 8592 2570 5597 4657 1404 8389 8449 6241 1172 3474 1713 8360 9353 7161 2479 3253 9393 6312 1212 2577 7329 1821 2610 8295 7465 8867 8216 8142 8125 8810 9145 9064 6076 6252 8772 9488 4118 5731 2431 7960 2287 1644 8964 1322 5333 8738 6909 2485 1561 6326 1582 2897 4101 5984 8039 7841 6599 6713 3518 6331 9123 2659 4813 2443 4651 6941 2618 9942 7423 4410 2934 4916 6395 8367 9275 2145 9692 3854 3049 5969 9680 5049 9262 1797 3193 4407 1542 4121 9483 1945 7653 9059 4533 6713 1037 9095
6478 7383 7861 9626 2174 8875 7622 1062 8107 6040 9180 2404 4801 8160 1875 3256 8492 4214 6458 9299 4280 9843 5050 5562 3177 1334 7884 1385 3764 4225 6649 8997 9093 2984 6060 5414 1454 6848 5058 3427 3890 6847 9735 1358 2892 8144 1995 2877 2144 4265 3787 7596 2226 3263 4249 7116 2892 1803 1935 4290 6911 8032 4675 6904 7905 1037 9518 5824 5207 1442 6978 5993 6169 6608 5515 6669 9364 3057 6526 9924 3825 8017 6786 3657 3934 5133 5880 2829 8677 2464 5744 6932 7787 4187 8010 3040 5837 2409 9452 2881
9020 6810 8746 3927 1863 3735 7338 3964 5059 8420 5922 5933 6155 6695 3054 3371 7080 3635 2232 5155 6916 4780 2472 1934 7223 5747 8695 2585 7034 6926 5516 6898 7075 1283 3460 1961 1123 4119 6872 3745 3119 5388 3424 2337 6284 9410 7999 4877 3214 4466 5527 9916 5939 2786 4627 1114 9332 4504 4633 7706 7450 3101 4608 4827 1318 6372 2416 4454 4077 6418 6081 1365 2906 4106 5550 8245 1783 7774 6904 5634 2340 9041 8497 7536 1154 8435 7356 5649 7788 7399 4690 4928 7865 5717 9703 9063 1119 4889 5103 8555
9136 6051 7043 5914 9620 6983 4858 5976 5435 3976 3770 1036 3520 7470 8200 8962 1491 4386 6274 5354 7683 8418 1730 2254 8568 7443 1252 8217 9447 2297 5251 9193 9356 3530 3449 6931 3488 2732 3022 2320 6405 5601 8089 9817 7747 1421 8463 4492 9740 6973 2486 7337 6740 7707 8647 6435 3078 6539 8509 9285 2654 5650 2474 4396 1937 9575 2214 3950 9607 4442 9805 6863 1482 7797 3618 3078 7415 2634 7251 5945 8552 9962 3083 5336 7295 6491 9410 4217 4013 9128 8672 1158 2762 3272 7536 2238 1662 3775 9568 8407
7951 7987 8532 4135 5503 4236 1981 1345 1183 6354 1229 8783 3953 1601 1321 6493 9996 5283 9025 5682 4644 8790 7590 7023 8521 3570 3678 1464 6797 1049 5454 3662 3067 4583 9807 3267 2048 4184 5939 4954 5122 8392 1810 8085 2583 9492 9972 5033 3790 7450 1895 5772 1095 1458 1535 1601 3752 3134 8709 4697 5653 5051 4099 2973 6814 4534 5055 2209 9488 5416 4229 2771 8502 2695 5616 6196 1101 4426 8921 4597 4568 3692 6366 3519 3520 4624 5470 2891 9041 9382 5848 7844 7611 5620 6338 4738 3188 4393 9115 3603
9024 6627 8436 2766 1077 8533 7062 8994 7708 6876 2602 5829 1232 5230 3944 9832 6273 8411 9153 2266 8565 9415 5313 7137 7005 9998 9885 9087 2960 2997 9537 5622 5346 5861 1732 7108 5622 7858 3515 4791 5767 4979 8018 3088 9701 6882 6688 4690 8114 5265 7796 2310 2079 9840 4959 2885 8777 6875 4519 8958 8788 5931 5072 4267 6742 5042 3290 6457 1666 7820 7275 8958 4340 2146 6900 8991 4787 3980 9022 1940 8172 3742 7997 6304 7011 9232 4246 9187 8788 3784 6968 6253 8456 4925 7458 5674 8269 2442 5713 1178
8046 7922 9393 2811 9946 6990 3222 8469 4167 7335 9592 5135 7423 6261 2122 2098 7533 3424 5560 6398 5888 5443 6093 9160 2285 9184 5988 4890 5098 8488 2544 6680 1991 8842 7961 5414 8383 1210 2936 5896 1575 7640 5550 2541 6637 6498 5028 7070 5011 6728 5905 9514 6954 6908 1294 5746 2972 5254 5817 5393 3031 1681 8130 6595 6945 7865 7811 1772 2246 5974 5462 2176 7502 7698 7710 2678 5181 9825 7358 3319 8823 9342 3955 1231 2304 8666 9808 4906 1832 5093 4917 2420 8780 7517 8402 7498 8661 5803 8501 6503
2752 2081 3498 1691 3862 3244 9747 7194 9077 2897 1917 1412 2215 6094 4541 3908 5826 4830 7109 4308 4621 2024 1030 8566 4891 7342 4691 4428 8707 6829 4535 1693 5149 9688 9276 8113 6741 2299 3500 9444 3282 3771 6103 8040 4186 8918 6909 8714 5843 8814 4577 8013 8754 4108 1963 2204 1352 9147 7184 7256 4626 8372 1750 8905 3303 2334 2726 4928 3870 2867 9739 8648 5124 3527 6857 9910 8896 6950 6422 9875 4838 4211 6902 1183 5917 8230 7240 7839 3103 2223 8479 3191 5962 2129 3769 8307 1558 6031 9900 5504
7472 8167 7818 8434 3374 6760 8328 1792 6121 5800 5135 9707 2176 8077 3864 4087 4124 9654 1444 3504 9675 2382 9683 1413 1996 9618 4053 8613 6071 6470 5381 6543 6084 1429 8750 4031 8339 2145 4691 4375 5708 4080 2697 1316 5104 7631 7862 5671 3280 2290 3212 6227 9972 7076 3034 1460 9663 7761 3237 2684 7417 7062 1403 5653 7064 3594 4748 9324 5623 6911 5596 6356 4419 7898 1161 9811 8270 6740 4712 5852 3563 4021 9059 5380 5644 1600 9851 5542 5104 4306 7402 9115 1810 7554 4896 4140 5003 1828 1083 2352
7892 3120 7867 2905 3288 4003 9731 3842 8201 9893 6636 4601 2316 1630 4669 3834 2328 6036 2796 5769 3217 7879 4011 2137 5626 3888 7964 1931 7174 8239 2980 3425 1483 4479 3100 9660 1665 4443 8158 7574 1617 6309 7655 8828 7511 3365 3980 3240 6874 4603 5560 8313 9841 7135 4427 6830 9412 4998 3604 6481 4446 9858 5514 1540 6934 2306 2833 4840 9827 5444 9685 3675 6730 6885 5047 5964 5790 2145 6676 9073 6843 5495 9129 5947 6837 2525 9866 6958 7205 7241 5849 8969 2332 5610 7212 2330 5310 5253 1075 3753
2756 2762 7834 3876 8523 7182 8640 8500 6330 5795 8580 5800 5358 1933 5823 2729 9065 8302 9582 5270 9356 4492 6716 8150 5810 5463 1656 2382 8471 1157 1099 4082 8354 1404 1842 7681 6037 2206 8453 7274 7943 7080 5609 9770 3526 9441 4125 1850 7140 3843 6387 4630 1971 9691 7393 8094 3345 5756 8364 4873 1802 9293 2095 1756 2845 9567 6697 2007 9068 1030 2742 2209 3841 9861 6608 1147 1501 1712 9403 4004 6424 8792 9183 7690 5166 2922 4500 9502 8433 9903 7088 3097 4668 5606 6255 1695 2430 1751 3515 7649
3386 6307 2501 3901 4539 6831 5626 2102 3255 2496 6328 8607 7574 5180 6878 9863 1093 7109 9662 5124 6170 9009 9075 3098 5379 1725 5747 1408 9506 7000 8888 7992 1275 3686 3805 2468 9837 5038 3680 1716 2576 3497 7893 6657 2300 2946 8209 7519 3797 6808 5915 4539 5455 2683 5776 1361 8959 5950 6575 2814 6079 4521 4060 2247 9555 9427 8785 1113 9558 3630 8311 9614 1440 2701 7921 5020 3468 8187 6021 5231 2531 8945 1922 5162 9094 9311 9169 7885 8719 2029 8397 9079 3357 2974 3541 6554 1973 7200 9835 6236
3435 4927 1563 7898 4807 5936 4369 3391 1458 1175 3780 4437 9809 9523 5844 7333 8753 8781 7047 2538 5487 9590 1624 7597 1233 3868 7252 6350 6787 1944 9818 2903 1565 5808 4055 3374 3970 4815 2735 2753 1615 4247 7313 2185 3786 6147 9344 1383 8016 9812 2244 1854 6809 6679 9609 4225 3040 6973 6918 4616 2365 2017 2268 3644 8241 9850 4922 7337 5155 7114 1335 9252 4395 1280 7189 7480 1559 3067 6288 3576 9702 3822 7677 8159 1785 1813 7837 8495 7799 6862 4900 6690 2879 9628 3513 6008 7603 6417 4368 9313
5702 7342 8963 2406 4386 7769 6646 7785 5545 9753 1993 2444 1756 2536 2813 2783 2185 6138 4323 8337 2866 9048 7570 6298 2881 1862 9063 6578 5584 9309 3857 9116 5281 8625 3458 1819 4766 3744 3245 3669 9148 5634 1035 3251 5379 7778 6058 4162 5859 7142 1274 7898 6431 2517 4107 1664 5978 8194 2660 6537 3560 7450 3165 2801 8701 6795 4309 6517 2404 1588 3838 4754 6774 3733 6104 1633 1113 5891 7356 1587 5060 9537 9587 8664 9356 8058 5564 7968 3412 6951 6128 5579 5904 9130 3744 7844 8879 9864 8096 3496
2214 3044 9711 7433 3211 5838 8784 8370 1380 4582 8217 8170 1016 8789 3992 4722 9477 5891 8288 1346 3020 5981 7957 1277 6680 1927 3114 4654 1919 6811 6423 6819 2688 4898 4201 9865 3757 2401 6671 2177 2735 5467 9626 4628 9336 6272 7161 7353 8976 3828 7874 6039 4536 6237 2006 2939 6637 6133 1050 2897 8751 9870 8490 9184 6374 2612 3672 8951 9932 4494 5147 7894 5661 9721 7232 9744 5552 5794 4855 1191 5633 4112 3570 6672 8166 2655 8160 5250 6551 8924 7464 2182 8701 9335 9536 2742 6612 7188 5862 7719
3984 1741 9698 2148 8850 1481 9373 7107 2381 2485 8111 3214 4924 8406 5781 9022 1222 7174 8441 6417 7221 1188 8911 9023 9820 3414 5961 7829 9431 1170 7802 1507 8573 6354 1606 2395 2689 6697 4131 1110 9216 2297 5442 5312 9119 1488 6194 1782 2687 6580 2385 5030 8201 3688 2244 9861 5443 2833 3249 1762 5910 8630 6528 4129 3259 3999 1068 4730 2377 2443 6413 2330 5524 4255 6700 7568 4047 9606 3375 1948 1979 5646 9733 5695 8269 8684 9825 5478 7210 9479 5719 5893 7356 3284 3786 1614 6437 2548 7417 1703
7930 4532 2416 6738 5841 5759 4116 7999 2693 8190 6946 8925 3973 1462 1133 2255 5311 7412 2108 9220 5626 2289 7610 2712 6826 7478 3407 4173 7847 4180 3928 9498 8027 4272 1135 1589 3583 1031 7108 5516 5932 8877 4985 5470 9997 1362 4353 8692 3765 9667 2745 4474 5051 4766 8579 4795 9667 4593 9480 1737 4478 2063 2986 6575 7222 3990 9363 4513 1557 1854 3699 6045 3582 9117 9949 1214 3513 5674 8887 4857 1028 5064 5632 3958 2971 7306 9231 2562 9177 1225 5114 6615 3596 7726 6386 5462 1725 2606 9985 8739
7922 1072 9513 6789 1293 3892 4469 3057 8416 4768 6855 8942 8594 7827 6683 5165 2455 7562 3152 5112 5734 7519 3522 1516 7401 1240 1021 1077 9411 9993 7535 3674 5001 9977 7014 9298 7847 4086 2810 3313 9539 9686 3490 4800 2735 8142 7740 6455 5457 1221 9445 1951 7774 6960 1487 6965 8582 4218 2226 7205 5911 9414 4814 7277 9890 4896 8401 2473 7751 9583 2166 9869 5520 1121 9110 8660 1103 1152 3067 8090 9477 1551 8721 8307 3906 7919 3770 7085 6728 2191 4803 1554 9673 3870 9548 8980 8424 9834 5863 7370
5521 8805 5414 9683 5342 8024 7421 3371 5117 8284 4094 1267 3867 9824 4560 7970 8400 5922 9071 4808 9451 5628 6833 9210 4343 9688 3995 1685 1766 5939 8380 1893 8848 4329 6875 4594 5741 8969 9426 5947 7773 1905 4291 7400 6663 9238 3753 3216 1538 1666 9339 1848 8980 9723 9951 9478 7488 4587 3648 1430 7109 9162 3966 2315 8945 1060 4842 7636 9308 9536 2174 4310 9674 2822 4741 6622 8498 8139 4246 3590 9197 9701 6020 1567 3169 8791 8276 4690 9638 9640 8582 3991 6799 4909 7155 6860 7825 5824 2525 8184
6600 4528 5607 3383 2153 7733 4207 9688 8092 5588 2912 5808 9761 4231 3193 4576 2263 8686 7738 5791 3737 4279 4672 9785 2001 8949 4288 5546 8964 1664 3273 9452 9514 7558 7028 8760 8329 7029 6072 4697 1453 6143 2888 3269 8095 8517 3448 8895 7502 8363 9799 8567 6732 2765 1880 8827 2179 7595 9942 5716 6148 3366 2075 1069 2546 7072 6454 9702 6210 1690 2843 1266 1479 6660 4892 5390 2032 2434 8887 1205 3590 2248 6639 3574 3598 4789 3170 5722 2220 1417 3910 9924 7231 1220 9249 6183 7441 1759 1823 7506
7758 2557 1894 1272 7785 2290 5458 1997 5331 6225 9877 6079 8496 1807 8665 3344 4466 6133 2300 7789 5158 7871 2953 6620 8246 7640 2047 6164 6698 3467 4102 9432 4576 6284 8026 5935 8873 4001 6243 8651 6393 3885 5011 8493 4521 2291 7111 8970 2870 9250 1737 4605 6727 1273 6574 4427 7352 5031 8417 3694 6787 3133 1437 1148 3623 5000 2728 5760 2726 8089 5901 2931 6534 8937 8390 6554 2062 5902 5767 5109 2738 9493 4486 4293 7484 4862 5531 3658 9998 9375 8356 9609 3514 5422 6273 3900 5957 9765 8938 8855
3324 3314 1464 3505 9007 3259 4630 7758 8977 8840 3756 2987 6064 1128 5162 2752 5788 3369 8318 9025 4229 3540 3191 8385 2249 8029 4039 9403 6876 5720 6459 9490 5669 5306 7455 3999 4286 4214 5271 4627 1241 4085 3673 3378 1974 9408 8307 6639 9631 2807 6385 6733 5726 1123 8354 8189 8736 4877 4545 1927 4097 8120 8213 6591 1475 1429 6815 9061 6457 9624 1223 1820 9801 7132 8963 7730 5131 5925 1517 4690 8069 3046 5540 1716 4555 2640 1056 3950 5755 9980 2727 5973 6230 5652 5030 6492 9067 6715 2333 1433
3486 9717 7138 6463 8570 9871 6154 5743 3696 9077 1382 5934 7521 1367 6306 6212 7982 3068 1852 1673 6707 5644 2157 5002 4532 6895 9735 3046 5419 3581 6164 6134 4983 9313 1172 2365 8132 4550 7681 4233 9462 6508 1897 3293 3219 6163 6445 6969 2765 2740 5748 6640 1057 7437 7474 6201 5649 1178 2900 5876 3186 6489 5473 1403 4649 8707 8208 2041 2353 8749 1206 3942 6268 3098 5843 9291 4159 9923 6360 8671 1745 2252 1615 9627 7361 9641 6337 9413 2047 2515 9211 6285 1197 9483 9095 5625 7595 5043 4655 2855
3891 9988 5199 2482 9087 4370 4533 5511 3998 8495 6018 7488 9476 7577 5798 4873 6479 5138 4487 4351 3014 4702 3896 8114 5361 6349 5121 6748 5185 2231 3101 6966 2708 4463 2765 7302 4809 9804 1016 8268 8219 5598 1417 1507 2196 5223 4714 8716 3233 6068 7644 3208 3045 2820 5862 2833 9443 5148 8212 8467 3305 3679 7537 3097 1849 1659 3454 3264 6572 2280 4955 4298 1842 5821 5304 3353 3690 7939 4325 5413 4359 5444 3215 4815 6100 7626 2670 1848 6430 9157 9496 9326 8123 1864 8347 5405 3421 4637 1040 8789
2399 4100 6759 9398 6853 9749 6351 1446 7235 6756 2070 5191 2384 4590 7864 6611 3041 8737 7962 2661 3873 1750 4179 9929 3347 2297 4273 5845 4760 2446 5020 5460 9707 7527 3982 9295 4923 2667 2648 3907 7378 9183 4027 4712 6664 1219 6468 9049 9242 4539 7206 9219 1815 8634 7146 3181 2764 7643 9610 7502 9096 8195 6894 3160 5016 5460 3910 4703 9660 8732 4497 3953 6630 5740 2212 5564 2228 4093 3998 7019 3472 9740 5649 4436 7432 2709 6192 9470 7164 4239 9171 9726 5003 5258 3014 6157 1434 6182 9378 8368
3413 8080 9222 3583 5784 8239 9983 6727 4973 4173 6373 4794 9035 9987 4081 2257 3273 4507 3180 1656 7836 9369 4930 4389 1667 3877 4366 2464 9384 2041 5677 9734 2334 8781 6623 2162 8806 7379 9066 5831 1492 3988 1300 2200 3610 2820 2439 5882 5770 8189 1971 1971 9635 4488 2619 5243 8573 7235 6476 7370 7868 7989 2597 3295 5329 4201 7978 5966 2261 8288 4371 8314 6560 4034 1376 7277 5815 7230 8265 7458 3295 7455 3593 1180 1635 9564 6677 9672 6124 4577 3634 2552 7144 2572 2845 2637 4731 4146 7605 4168
3037 5974 7662 1652 6100 1391 7403 4882 9665 2486 4825 6572 7606 5429 8980 1772 4005 7989 7517 5678 4325 6968 7290 3557 5647 7505 1659 3715 4343 2059 1981 4614 1040 5193 1687 5979 7282 1530 1733 9460 9560 3822 5295 7555 4247 4747 8846 1483 6198 6070 7107 1599 8943 8760 5493 4680 1075 9259 2813 8950 9812 1392 8274 3960 3890 2537 1467 1023 2701 1993 9602 8730 1517 6929 3254 1464 6413 2647 8814 2658 1139 9725 6016 2625 6114 6752 2477 2259 5994 3648 6046 2438 4067 6015 8351 5046 9652 2854 4318 3346
7526 1787 5027 9688 1734 7066 8869 3025 9706 6810 6336 8844 8345 9743 1693 6477 8922 9965 4308 9490 2741 3030 9502 2747 9698 6848 1657 1191 9778 3128 3017 5398 5680 3475 1963 7417 2661 8039 2656 2691 3428 7847 1719 8296 3394 9680 2661 8327 6395 2717 7015 4585 9278 9286 4791 5487 5761 9842 8763 9549 7677 5035 8835 3141 7285 8553 9592 7321 4727 8006 7101 3986 2286 5685 5557 2327 7544 8300 2177 1549 5512 6392 9072 4152 9957 9245 8105 8225 1840 8833 4475 1378 5977 3631 2525 1494 5544 4678 8232 1734
79 73 785
65 16 313
73 73 426
36 94 736
60 48 804
77 28 596
92 40 522
73 40 654
50 2 132
96 58 928
21 72 631
75 60 984
98 65 919
70 35 429
83 71 803
13 44 700
73 71 822
93 79 740
66 3 551
75 15 821
84 22 534
50 68 395
38 85 492
67 33 182
50 17 730
62 81 853
99 90 614
81 6 222
36 98 585
78 99 754
92 27 472
23 38 802
63 1 946
77 80 595
5 60 744
30 4 455
58 75 502
76 53 368
76 63 772
12 41 352
74 42 428
77 23 882
88 34 109
26 21 860
16 13 783
10 75 667
6 53 569
44 70 256
80 67 221
58 87 904
50 15 272
64 84 526
41 56 741
25 77 230
28 62 520
91 8 574
19 89 223
90 37 735
79 16 514
94 32 677
65 79 880
2 75 256
16 18 418
81 55 102
24 71 193
54 11 400
53 20 597
69 32 615
4 61 302
49 84 513
16 10 503
80 63 937
99 17 571
85 99 725
86 76 213
43 0 702
89 19 247
85 59 911
16 73 748
0 94 636
66 92 950
33 62 624
8 92 685
71 33 933
56 30 236
99 80 861
80 94 165
56 84 986
39 71 387
10 52 517
54 53 867
46 52 439
25 58 810
65 45 573
62 80 276
17 29 148
90 95 604
68 56 881
24 51 583
74 64 990
41 76 307
76 16 661
58 79 428
88 99 974
27 92 363
0 82 567
91 37 393
64 74 839
89 10 505
10 35 388
77 94 449
76 53 777
83 9 176
72 7 637
24 82 661
81 73 723
48 67 487
24 90 877
60 87 717
2 84 612
85 36 934
79 52 280
39 83 251
66 34 606
61 90 204
2 32 149
39 68 741
64 34 658
32 6 641
96 58 450
53 27 160
97 43 267
47 39 543
27 98 818
93 36 830
21 38 349
88 76 766
0 45 216
62 30 729
89 55 139
31 42 915
7 18 589
75 85 571
70 50 784
17 58 242
47 6 872
92 80 773
69 19 658
31 65 832
11 80 451
31 26 687
22 73 111
3 38 835
89 69 898
42 70 787
21 91 526
71 17 741
80 36 248
79 69 121
29 83 259
8 21 892
74 0 877
89 39 948
45 94 676
73 45 700
19 89 850
73 27 427
89 88 627
15 4 443
52 53 931
13 69 341
75 50 724
89 0 911
60 23 644
16 48 607
46 91 239
62 40 779
21 7 902
53 17 224
81 76 332
14 56 118
45 26 205
47 45 885
65 94 652
11 7 438
86 12 438
63 88 744
74 37 463
89 91 689
19 81 272
98 13 244
97 13 851
99 53 804
60 48 797
33 9 976
97 18 664
26 10 839
79 90 572
34 38 137
23 88 546
85 29 171
51 95 978
8 95 579
54 90 213
52 77 686
8 83 281
95 14 384
68 82 752
38 14 203
82 86 647
79 46 726
2 76 357
93 23 123
69 18 299
2 50 887
36 73 645
61 11 876
63 55 932
49 76 498
39 72 639
29 70 120
77 32 964
46 0 665
82 68 963
3 50 837
15 48 793
48 91 859
37 42 886
77 24 494
82 25 228
28 13 251
41 42 821
60 77 348
34 96 145
68 55 479
97 68 535
20 93 209
66 44 602
15 6 707
56 45 188
67 94 889
48 4 241
29 12 242
13 23 828
92 59 267
0 77 475
82 18 731
99 21 831
50 63 735
9 96 702
71 79 455
16 21 155
88 94 633
29 52 381
31 49 982
36 60 551
8 17 121
57 30 946
32 86 405
14 76 629
17 84 453
59 48 147
63 5 148
86 73 162
96 17 714
26 94 198
99 79 719
41 91 330
4 90 855
78 89 120
37 90 235
55 53 432
64 17 569
27 95 303
68 93 140
2 63 318
11 25 339
74 55 536
0 96 953
80 62 798
40 45 381
89 40 280
22 59 188
56 92 231
94 85 554
97 79 976
9 15 222
77 7 596
30 4 828
52 68 405
86 28 234
73 39 729
50 65 684
46 84 854
88 7 677
16 22 667
54 97 216
69 56 537
98 17 856
32 29 971
98 19 181
10 83 850
57 6 747
15 22 851
65 75 822
33 12 147
65 32 114
37 43 172
14 25 187
32 67 356
37 59 781
34 29 821
50 46 713
65 50 609
28 1 513
83 54 696
2 14 388
94 4 264
34 71 537
35 49 287
40 24 594
89 86 207
17 89 702
55 0 109
92 62 454
87 28 132
47 82 554
69 93 900
96 0 155
20 30 916
7 26 100
21 52 407
76 29 453
91 93 508
64 28 803
83 94 595
81 29 686
77 49 228
99 25 923
51 14 278
42 38 498
65 37 192
80 74 513
63 68 632
82 81 846
77 11 210
3 14 705
41 33 979
4 9 461
9 35 888
79 93 296
73 29 776
38 39 806
71 74 965
66 59 732
39 28 593
53 0 751
36 55 650
46 75 492
38 83 182
58 69 844
88 61 151
97 48 495
54 98 417
73 67 757
26 83 724
77 55 412
70 31 812
4 45 902
52 45 995
17 17 871
82 48 197
33 74 332
2 28 485
31 41 483
36 11 749
7 25 500
95 27 657
78 55 780
11 86 430
9 23 670
84 95 292
1 58 877
55 22 198
55 45 307
55 23 417
41 30 498
45 95 499
83 0 689
91 46 323
58 30 290
27 11 381
91 45 747
79 7 907
61 68 275
90 71 900
12 4 364
67 4 567
47 7 420
65 22 677
25 19 358
31 49 947
65 70 805
85 78 806
25 44 997
97 36 183
97 64 467
25 20 962
40 67 496
61 6 580
43 71 501
5 25 187
7 46 146
56 62 605
30 10 840
52 5 931
98 23 385
7 73 194
73 78 128
36 55 886
63 38 997
54 20 690
30 23 335
40 74 707
22 30 391
33 77 254
62 93 750
91 66 670
2 97 482
29 63 329
6 21 950
96 74 457
63 5 744
10 13 862
42 71 634
43 64 736
34 5 662
49 42 948
21 57 212
36 76 359
34 32 935
19 36 594
73 78 468
71 12 257
26 70 296
42 62 485
96 73 204
53 75 413
74 60 497
9 74 375
73 98 727
46 22 515
62 14 987
34 86 137
69 96 524
76 3 428
85 58 797
71 91 494
72 68 665
9 68 224
34 77 600
21 99 238
33 25 121
22 92 218
41 71 179
75 84 723
35 96 622
4 54 751
31 84 208
6 1 683
8 7 503
92 42 215
17 67 398
31 65 154
98 81 360
48 80 413
56 61 775
58 8 964
57 53 891
3 54 301
25 59 295
40 29 394
71 18 212
92 36 809
90 25 329
51 58 717
90 70 327
2 51 396
61 26 231
74 75 804
72 42 897
12 43 466
63 4 648
9 4 145
8 71 136
26 28 498
20 5 703
89 37 933
0 61 198
90 19 873
26 86 749
26 41 603
56 32 652
89 33 957
25 84 215
23 67 986
23 17 259
41 23 609
5 85 384
65 81 174
38 11 321
50 0 856
55 34 792
29 59 822
85 79 480
88 24 965
51 48 378
75 84 484
49 41 507
36 32 497
19 77 933
78 46 888
48 53 577
36 44 707
0 29 885
69 98 232
70 30 683
95 93 221
43 44 335
8 82 699
97 23 903
66 4 736
73 53 344
59 25 739
46 85 350
22 35 597
86 0 926
68 86 313
17 12 378
45 32 777
44 58 804
44 82 377
23 14 863
76 86 121
14 94 967
98 96 864
77 50 913
31 96 905
43 0 863
55 5 344
35 41 483
94 68 522
90 50 759
56 72 566
74 41 356
60 93 589
89 73 215
4 3 489
28 37 211
43 45 459
36 69 593
71 26 837
6 1 374
75 3 263
52 39 115
85 20 670
13 5 922
34 95 331
18 28 437
33 82 895
98 72 850
22 75 875
57 96 719
49 10 397
56 20 994
25 32 790
51 64 885
73 11 267
7 7 248
32 27 300
39 98 294
63 20 413
32 33 444
54 89 983
65 52 527
10 50 394
24 97 535
96 14 188
94 35 190
22 79 230
86 81 155
0 32 183
50 40 449
44 44 181
14 93 146
67 56 810
20 8 925
47 12 928
39 56 130
37 40 359
11 74 775
72 72 570
84 1 335
46 43 630
10 21 766
75 25 766
24 53 304
1 64 336
47 87 409
44 66 777
99 67 548
65 59 355
40 82 261
70 72 738
68 56 267
73 40 289
39 12 805
45 64 270
92 33 429
68 54 496
70 84 310
34 95 861
88 48 279
89 41 567
62 52 585
19 0 316
7 72 258
68 16 131
36 36 510
61 29 492
27 48 225
46 95 938
38 21 398
63 34 515
41 61 333
64 9 519
44 4 280
16 33 178
84 85 314
6 94 572
65 59 436
3 42 764
78 46 703
28 1 720
54 48 757
44 2 436
91 8 596
26 31 714
97 92 366
13 59 729
63 3 730
86 57 479
23 31 577
81 13 552
79 77 426
98 8 510
64 8 235
25 34 574
7 58 866
5 23 196
75 97 209
35 90 518
44 9 609
8 85 180
0 73 583
9 58 725
96 1 853
13 47 864
99 42 657
44 8 402
61 26 946
98 32 509
60 90 798
25 2 690
96 33 714
52 39 708
94 46 336
46 83 924
46 56 547
38 1 432
14 89 630
91 59 314
24 28 184
40 2 927
92 2 205
94 33 864
39 99 361
44 67 479
87 2 124
24 81 914
83 82 705
77 54 345
91 4 516
61 81 308
33 17 904
46 11 535
59 51 376
60 71 527
34 4 251
11 51 243
75 59 958
69 99 803
41 40 702
88 59 766
57 4 270
17 49 713
17 29 119
52 69 317
95 75 154
95 16 940
19 53 708
42 45 251
6 40 259
82 2 891
65 98 246
5 1 542
79 13 731
12 65 579
20 85 212
75 16 608
73 25 151
60 11 291
53 38 186
26 43 609
45 25 642
30 73 159
63 55 211
45 74 962
5 60 652
5 63 807
96 4 317
86 76 172
13 38 765
16 87 220
87 89 604
40 78 525
63 12 621
75 88 867
72 54 843
88 5 322
66 5 848
67 44 537
26 28 245
4 95 362
18 34 525
30 44 990
90 42 713
68 73 350
37 12 463
7 9 547
55 0 872
68 84 882
18 59 152
37 97 267
39 27 553
89 47 536
73 84 809
78 27 468
95 23 960
95 46 377
10 58 367
6 29 717
58 72 921
52 72 134
22 63 296
82 39 256
84 96 178
60 91 106
22 86 896
11 22 190
95 2 149
71 9 401
4 80 993
25 71 591
10 66 569
37 72 599
19 38 774
30 45 220
55 13 258
48 95 429
34 76 610
73 74 866
54 87 811
21 57 210
68 73 841
39 99 455
18 75 357
45 46 975
84 83 871
90 54 898
79 8 932
74 5 959
55 10 479
74 59 555
85 67 526
34 21 787
64 49 911
14 95 993
93 58 885
4 32 615
71 4 413
61 98 310
9 30 649
87 60 163
53 20 948
83 74 571
55 31 878
64 94 754
23 75 977
80 45 322
46 31 841
86 46 361
4 79 359
17 7 465
28 82 188
49 84 256
33 59 481
22 95 590
57 24 826
55 11 657
23 69 124
46 74 398
97 50 859
98 18 869
1 70 949
96 98 773
47 49 445
6 30 508
18 15 721
84 65 505
7 92 789
5 61 714
73 87 906
64 61 447
60 83 682
8 54 345
24 92 939
19 2 830
32 87 522
21 30 618
63 28 754
79 80 346
5 11 111
25 44 684
86 46 161
21 66 751
70 10 120
56 82 448
12 66 614
40 80 258
84 2 665
99 32 787
42 23 390
9 36 543
61 77 273
57 94 691
85 72 360
6 11 195
58 7 925
18 20 292
35 46 381
46 94 843
15 35 218
55 24 744
98 23 590
42 65 886
78 23 284
99 97 795
39 60 253
31 80 803
63 60 190
56 43 781
19 99 550
58 36 969
50 61 604
12 73 363
92 17 985
42 33 833
65 23 981
28 29 710
88 8 972
55 38 866
89 48 875
12 31 263
16 53 174
5 75 247
63 70 798
90 14 882
14 55 806
98 56 250
69 31 257
67 55 446
37 82 149
77 29 364
81 26 342
70 53 824
6 58 279
67 49 984
84 9 192
55 78 314
5 69 161
28 47 813
51 28 957
59 83 555
78 51 149
5 32 505
43 78 251
19 3 531
11 48 287
67 54 247
11 40 943
69 41 896
60 76 675
6 60 286
40 48 673
56 75 737
74 24 617
48 20 868
71 13 427
26 68 173
5 31 729
33 53 671
17 5 387
23 26 661
58 80 335
59 43 961
47 54 406
41 8 686
57 67 242
27 38 949
35 74 669
62 17 513
15 13 132
26 63 243
0 22 426
4 91 557
35 91 609
11 71 878
17 62 558
26 20 252
62 49 991
52 96 560
61 95 572
10 92 980
79 13 728
50 70 316
91 25 335
64 8 113
63 2 555
75 68 450
61 8 422
42 64 227
32 39 460
31 2 502
41 26 970
80 52 620
82 8 219
83 76 521
58 67 195
52 95 287
94 83 324
32 74 608
83 62 293
15 76 883
26 28 989
62 67 385
73 24 504
22 58 496
61 13 271
88 66 587
58 16 789
4 7 882
92 24 901
35 72 290
90 18 508
85 0 759
43 95 989
9 31 435
52 71 465
74 36 783
87 80 388
60 62 534
53 58 234
6 75 277
65 73 481
35 92 884
81 76 384
92 49 820
27 16 120
15 44 132
83 81 374
88 67 936
38 63 833
30 54 124
62 92 768
25 92 610
5 33 159
61 28 915
65 7 639
98 41 696
1000 44 28 76 37 166 71 89 96 98 209 74 20 99 66 110 55 38 90 62 239 65 68 80 97 906 83 62 97 70 580 60 65 99 70 291 95 25 97 93 89 73 18 73 46 674 1 76 34 77 335 87 87 89 87 487 37 97 47 97 858 50 46 90 85 3 74 75 98 86 605 40 34 45 65 766 66 6 78 28 640 6 98 30 98 878 35 68 71 93 117 55 90 59 94 955 59 1 61 17 397 10 16 45 95 910 97 21 97 70 14 59 59 92 95 713 57 35 92 91 436 47 30 74 48 196 63 20 89 86 768 75 8 86 74 891 1 34 81 67 199 72 50 75 98 691 33 37 97 79 577 83 62 98 64 870 48 31 81 65 974 48 51 72 72 991 91 13 98 83 653 31 10 40 50 948 19 54 48 88 203 40 45 81 99 20 88 45 94 66 403 19 12 27 47 517 96 92 98 94 426 54 47 92 84 223 27 71 29 96 727 76 42 76 81 691 39 43 43 82 973 10 8 47 18 461 24 15 92 15 752 57 95 63 95 666 25 71 54 71 494 68 84 80 98 904 53 74 62 81 408 4 62 61 84 526 64 64 76 77 716 20 93 31 94 574 90 35 96 63 80 30 93 40 99 998 36 79 51 91 9 97 91 99 95 187 18 27 81 27 443 37 47 94 62 272 2 87 97 96 908 36 7 76 88 894 26 0 59 16 269 77 79 89 84 163 92 71 95 73 154 8 43 64 86 693 30 33 31 49 362 48 81 66 90 731 91 31 96 95 101 46 11 55 13 395 65 46 79 65 126 50 42 94 71 458 25 41 91 61 361 54 82 91 87 834 14 84 67 98 326 85 42 97 98 755 70 4 87 70 470 38 66 43 99 888 63 14 70 77 712 18 90 32 95 557 8 33 22 40 162 17 11 18 91 494 14 24 91 85 825 62 43 65 90 386 5 24 9 52 831 57 4 90 51 358 92 5 99 51 611 14 46 29 90 966 57 61 96 63 626 15 34 44 97 913 55 35 61 88 893 60 86 98 94 264 51 72 87 96 860 82 44 87 48 851 35 92 65 94 562 70 43 91 95 996 25 96 41 98 69 52 43 55 79 84 56 27 85 61 51 23 42 36 86 333 9 5 22 27 120 7 34 56 80 519 29 11 36 74 932 19 6 89 99 755 93 95 96 99 699 53 12 73 92 186 57 74 99 81 613 98 87 98 95 690 61 9 70 63 239 50 23 93 88 891 18 23 53 59 836 77 79 90 84 231 47 55 57 67 946 75 9 99 67 488 13 37 63 53 961 30 72 94 96 434 92 4 92 29 347 39 62 96 87 652 8 80 68 92 296 77 40 81 96 857 66 73 83 85 637 65 80 68 84 964 80 59 97 69 809 49 83 60 95 277 55 91 74 92 84 85 64 93 78 158 41 48 98 71 304 37 67 55 73 896 25 3 95 31 209 68 46 87 98 450 2 15 90 36 219 93 97 98 99 452 89 75 95 98 834 75 67 93 68 504 16 67 23 94 852 63 55 99 56 449 65 51 91 72 293 24 15 73 53 793 85 84 85 92 599 40 16 81 99 542 15 17 96 70 19 31 58 50 78 724 13 71 58 81 833 39 57 99 74 544 32 52 36 99 733 88 42 91 73 263 13 69 70 81 819 15 89 65 93 48 66 48 89 74 457 52 33 58 95 117 98 36 98 64 764 34 88 82 90 927 24 93 60 94 192 74 23 98 70 230 10 75 83 97 893 58 34 88 74 856 95 67 95 72 481 81 64 87 89 210 51 4 75 33 292 87 16 91 70 191 91 50 93 65 988 41 51 63 80 373 32 81 81 97 67 86 82 92 96 250 88 45 89 48 162 22 66 30 69 534 62 59 96 94 346 13 58 24 70 155 6 33 18 42 810 64 23 67 59 109 55 35 61 78 994 55 45 68 53 944 45 84 70 92 303 95 17 99 98 729 82 91 90 97 965 27 10 94 48 824 97 77 98 81 773 60 51 93 77 86 47 29 60 52 565 73 38 93 52 532 39 41 82 65 472 34 65 74 98 875 74 16 78 86 716 25 61 28 88 112 85 6 90 39 116 86 75 93 97 211 80 11 95 95 403 76 25 84 63 295 91 70 99 95 663 56 70 71 73 953 73 26 84 69 56 55 80 83 86 223 24 11 77 67 530 61 96 82 98 87 74 17 99 67 801 21 40 61 83 256 94 86 97 95 571 80 61 91 71 522 1 80 4 81 409 53 31 97 47 774 93 88 96 99 346 37 46 85 83 80 23 95 61 95 89 21 93 29 98 344 95 97 97 99 631 64 2 70 5 100 43 0 43 14 525 2 6 71 14 737 56 69 82 86 244 87 50 99 59 866 59 67 97 97 63 11 17 56 29 486 98 20 99 23 998 8 59 60 77 10 84 96 91 96 18 21 90 58 98 764 19 8 71 28 396 70 43 83 52 365 78 48 83 77 646 59 97 97 97 383 21 83 64 98 684 51 41 67 59 825 9 20 33 99 596 72 95 99 98 342 57 12 77 53 962 65 54 78 65 428 13 3 83 17 120 92 61 96 90 189 77 49 83 58 516 9 72 67 88 246 37 76 89 77 352 86 58 94 87 445 72 31 79 95 600 38 14 69 20 4 78 2 98 46 971 45 51 85 74 345 82 30 94 47 242 47 25 50 67 686 92 98 99 98 569 40 77 82 91 928 7 20 71 46 242 33 35 72 56 663 46 59 51 71 54 97 96 99 99 749 97 11 99 38 703 77 11 89 66 444 35 14 97 56 855 88 28 94 89 693 94 98 96 99 247 41 71 77 75 65 13 53 57 58 374 38 80 91 84 722 53 89 97 92 78 64 26 99 44 167 62 88 79 88 456 29 24 72 95 382 26 63 48 71 624 11 84 89 86 173 4 81 95 96 596 87 65 97 98 828 58 31 83 38 822 95 84 95 99 479 49 50 76 93 393 84 7 89 9 844 33 88 58 95 155 84 24 94 76 889 14 1 50 21 708 9 43 50 59 836 85 84 88 96 409 72 4 78 65 93 32 76 37 93 364 2 60 40 96 19 28 49 60 73 649 96 21 98 24 183 62 55 75 73 218 71 5 73 52 196 21 67 24 85 400 89 18 98 79 794 64 59 67 97 276 33 58 49 79 320 42 48 98 49 266 34 67 39 97 986 83 28 87 68 333 97 14 97 61 768 30 44 75 61 623 29 87 60 88 46 11 49 42 77 173 25 6 44 97 691 5 84 68 95 603 84 64 88 80 270 66 53 95 92 822 65 28 97 74 974 70 64 82 74 777 92 51 95 93 53 50 59 69 98 958 41 27 51 86 774 55 96 64 98 856 69 40 78 65 160 42 43 79 93 444 89 60 95 89 960 22 64 73 79 758 73 48 93 55 685 70 2 74 35 78 7 44 52 94 335 47 33 75 40 502 11 9 31 84 336 26 75 35 89 564 0 13 46 76 818 70 94 84 95 62 75 59 89 69 680 38 1 85 2 889 32 39 99 55 911 31 15 76 90 773 19 84 27 86 472 48 5 67 25 448 84 50 90 50 955 10 60 84 72 494 17 63 75 81 237 42 60 83 96 653 21 48 55 88 895 67 49 75 74 172 92 11 92 57 99 83 16 96 57 163 44 6 57 20 820 21 31 83 58 605 71 71 95 86 179 32 90 90 91 103 2 13 89 22 835 67 97 94 99 85 50 85 98 89 551 52 98 63 98 811 26 3 42 58 828 62 95 70 99 503 50 58 59 81 418 26 9 50 76 856 56 76 94 99 182 19 84 55 87 879 85 25 96 40 642 64 89 70 99 39 43 73 73 99 683 90 15 90 21 314 85 62 96 86 255 20 3 38 25 260 56 51 58 68 415 33 81 44 91 399 14 68 30 95 872 80 75 98 77 837 93 9 95 53 924 74 34 78 80 60 86 48 94 54 395 70 5 74 74 444 70 2 92 50 2 97 81 99 95 387 42 8 67 42 150 24 29 35 38 89 20 7 71 11 616 33 33 85 94 825 62 76 68 81 114 15 41 40 99 448 37 21 50 37 197 50 34 77 98 18 70 24 70 84 314 67 89 77 95 216 38 94 67 97 708 48 17 61 54 385 65 88 85 99 440 36 76 43 98 408 2 23 57 89 155 82 0 83 30 794 2 6 38 53 873 87 76 97 99 747 38 86 79 88 960 62 69 67 85 441 64 34 64 80 160 56 23 76 41 409 78 75 88 88 496 24 97 58 98 349 98 88 98 89 6 17 90 60 97 404 58 52 84 67 566 24 46 42 71 688 75 91 82 99 855 27 78 73 82 121 61 40 70 67 862 60 66 67 94 487 24 29 26 81 303 5 89 28 89 236 70 62 87 89 631 0 71 32 91 935 70 8 93 74 520 87 26 96 55 585 54 28 82 66 261 8 83 29 89 442 59 78 86 96 192 26 51 47 87 237 52 77 95 79 687 50 92 56 96 207 49 76 53 82 566 66 11 74 65 7 85 54 87 65 787 21 72 92 77 259 43 11 61 36 564 93 57 97 65 97 56 54 99 66 622 29 84 98 97 750 17 8 79 64 376 71 6 74 69 715 57 70 90 88 3 98 81 99 97 682 10 89 97 97 719 92 22 93 83 986 56 45 75 60 141 92 12 99 17 625 9 44 86 81 509 67 50 75 66 872 55 74 57 96 348 6 30 25 38 872 28 7 94 78 37 36 36 87 67 26 4 32 66 61 793 21 14 66 42 488 34 72 51 96 639 74 51 78 88 475 51 36 53 80 436 73 92 74 93 707 12 91 42 99 993 51 80 86 91 134 79 18 90 32 568 15 41 48 66 837 13 80 93 90 504 51 53 92 76 368 54 89 80 96 198 67 77 84 94 557 91 38 98 71 186 69 31 95 98 932 35 86 83 89 435 81 1 86 82 6 25 82 76 94 277 87 22 89 72 664 51 79 62 91 919 47 67 97 69 205 65 56 99 61 352 76 42 94 94 659 60 5 94 28 815 16 91 41 97 136 94 2 97 21 794 83 85 99 88 945 75 79 97 80 729 24 33 48 69 340 2 54 80 68 242 86 45 92 68 806 83 21 95 30 740 77 70 83 70 864 69 68 74 84 750 85 67 97 81 438 11 73 15 97 819 77 70 80 89 328 86 50 94 91 327 73 84 77 94 961 40 91 75 91 265 23 95 39 95 856 14 37 39 88 914 33 72 39 95 184 81 47 84 62 239 45 41 79 55 422 43 5 66 55 932 59 32 73 58 890 74 75 88 86 602 45 24 75 32 487 22 86 44 93 371 28 71 78 92 875 11 62 23 75 144 18 66 35 80 286 58 53 96 89 683 15 63 85 72 234 81 14 82 60 205 7 22 12 46 148 0 97 26 97 130 60 97 81 98 685 29 31 46 46 732 49 30 91 55 309 43 61 44 99 478 31 72 50 92 717 32 18 71 50 282 47 40 66 52 752 43 15 73 56 214 23 7 24 55 452 64 28 88 64 359 65 82 87 87 654 28 91 36 95 981 22 18 43 83 359 56 66 83 66 966 87 32 99 34 774 77 67 82 83 326 62 2 92 78 909 68 38 72 57 237 34 80 38 83 716 25 0 97 76 466 70 93 87 95 340 23 15 82 42 368 52 27 59 75 313 1 15 44 53 967 17 28 64 57 995 65 1 97 43 612 34 62 42 64 129 26 38 79 86 856 61 42 78 69 736 27 74 49 87 521 55 12 75 46 793 25 5 89 12 878 76 33 91 56 251 15 62 56 70 664 48 20 75 36 239 16 46 84 89 377 64 78 94 86 715 25 44 33 80 390 44 11 63 39 767 21 4 28 72 165 15 56 50 98 69 15 9 46 49 409 2 76 70 95 960 69 69 76 77 36 74 13 99 36 446 64 6 95 45 408 36 90 62 92 769 9 83 56 94 474 56 20 90 43 316 71 7 93 79 74 62 59 94 72 152 55 51 91 89 126 90 79 92 79 500 74 20 85 34 844 31 25 80 63 143 94 24 96 66 584 77 38 98 51 632 93 12 97 50 574 11 31 41 52 549 14 3 30 35 710 77 46 99 77 176 39 13 64 32 519 98 30 99 72 473 98 84 99 86 109 46 42 91 64 283 40 76 45 81 744 73 74 94 77 861 31 80 68 81 119 51 66 76 87 749 61 28 72 94 384 72 79 92 79 426 4 82 80 88 257 61 56 95 64 832 61 42 89 65 514 97 29 98 50 113 81 53 89 56 518 6 34 71 57 90 32 2 55 23 603 7 82 37 93 846 18 36 28 58 593 80 48 98 85 407 39 19 88 51 249 36 9 40 99 663 24 4 27 5 669 44 80 66 80 870 8 21 78 30 235 63 75 96 90 918 34 12 57 61 708 17 80 45 92 31 53 39 63 96 916 12 25 77 50 271 86 88 93 95 285 56 33 94 71 361 65 63 90 71 611 8 47 35 61 108 18 0 40 76 779 36 83 70 93 94 76 55 92 65 816 40 68 48 73 502 80 8 94 54 580 42 12 50 45 860 39 8 92 81 772 57 70 82 86 699 56 33 93 48 179 55 12 94 61 210 67 73 85 91 118 13 15 36 70 101 16 70 41 87 774 55 55 82 56 204 74 54 79 82 456 11 37 84 82 283 25 0 70 10 915 86 44 95 85 928 9 29 19 47 933 32 82 47 84 950 13 77 97 82 479 31 62 89 64 868 91 30 98 93 229 90 68 92 81 906 90 38 97 40 891 98 13 99 65 213 96 74 96 94 864 40 50 62 90 506 26 62 28 71 51 89 17 98 21 238 43 17 92 73 86 43 22 95 42 831 4 46 69 84 533 54 84 85 95 442 79 19 94 73 866 21 66 68 67 370 73 92 82 96 493 64 43 87 87 909 14 16 21 93 617 34 66 51 73 667 11 86 43 95 218 65 77 76 96 70 74 47 85 82 109 97 49 98 95 571 50 9 71 24 992 14 7 35 50 643 95 35 98 55 356 20 91 21 96 197 67 48 72 96 777 49 88 70 92 908 50 69 58 74 5 22 45 93 89 320 81 15 90 95 594 61 39 86 63 277 63 59 87 61 664 33 40 98 40 657 93 53 99 88 167 33 19 89 78 326 10 22 68 56 782 14 64 77 84 711 9 1 39 17 195 96 76 96 80 658 42 5 88 24 400 58 37 87 40 660 21 12 41 89 614 73 23 74 67 562 56 42 90 48 404 86 54 93 61 107 26 90 93 93 374 29 22 36 72 511 72 33 78 54 490 63 10 86 25 582 90 35 90 51 606 38 69 71 76 519 23 14 47 46 76 95 38 95 91 80 77 10 84 92 522 73 18 86 67 88 50 15 90 26 281 63 33 90 67 482 30 83 92 90 91 90 4 92 29 928 11 49 18 59 184 98 79 98 88 669 67 68 72 83 512 0 79 49 84 341 8 7 59 13 915 1 67 31 84 882 66 20 68 89 292 34 20 63 81 591 92 4 94 31 144 97 31 97 50 679 17 66 88 96 110 34 97 99 98 533 72 64 95 65 573 55 71 92 74 650 59 23 66 83 708 75 45 86 97 158 13 57 86 78 643 88 24 89 62 46 42 51 66 74 996 91 10 97 80 218 94 83 94 93 964 26 96 36 98 456 48 29 85 40 397 50 19 74 88 591 63 92 84 97 435 16 82 93 89 304 13 36 66 92 692 26 81 95 84 463 30 9 36 39 268 47 11 75 50 126 74 38 78 52 37 78 11 89 83 568 26 68 52 87 593 35 6 82 90 34 33 37 83 88 120 76 7 84 29 397 3 79 31 82 379 68 54 72 66 834 54 54 54 82 243 22 9 72 48 826 5 53 32 93 946 68 77 78 89 321 3 96 48 97 298 79 79 89 93 562 11 25 92 65 203 89 34 91 36 682 62 44 69 48 889 14 98 80 99 989 75 52 95 60 7 34 77 76 88 38 45 56 84 82 876 14 88 40 96 995 13 67 64 77 604 91 33 94 74 675 84 20 92 99 823 15 27 49 38 453 3 48 70 61 84 14 52 47 67 734 30 23 87 64 311 39 71 89 87 147 17 63 44 90 930 0 96 13 97 574 0 59 61 84 728 17 46 17 69 469 86 85 91 86 562 69 61 97 64 830 74 61 84 69 135 40 2 90 43 924 9 97 65 97 73 78 77 81 84 271 55 86 64 88 560 12 42 59 55 906 44 8 68 35 39 32 11 59 75 957 45 50 86 96 701 16 61 97 87 467 22 67 93 86 330 37 95 72 95 90 47 81 89 86 35 49 41 68 86 925 49 34 65 99 287 29 73 85 98 530 74 11 80 42 190 56 15 77 89 989 23 78 77 87 560 60 32 76 89 388 9 14 15 74 137 75 8 83 62 42 21 50 75 78 129 12 36 49 62 497 41 89 45 99 472 74 24 82 70 902 12 93 98 93 670 36 86 93 99 301 83 96 95 96 928 0 64 66 87 366 54 27 64 54 550 16 39 96 75 506 51 64 62 70 356 46 22 68 75 642 81 58 89 69 832 75 95 83 95 162 10 50 61 98 784 34 33 45 65 824 42 14 85 21 219 87 3 88 83 681 52 16 92 17 324 12 85 12 85 220 12 86 87 86 948 3 83 70 92 993 64 4 84 23 781 77 65 88 77 55 66 11 67 84 802 30 45 85 51 831 72 58 99 71 325 98 41 98 83 686 25 67 87 88 19 7 0 30 51 883 52 84 88 88 520 85 51 87 79 529 58 84 84 95 730 53 10 62 21 675 30 3 42 88 236 45 84 46 99 726 20 96 69 98 779 4 60 52 76 467 32 98 50 98 323 23 0 38 15 763 88 59 93 98 606 39 50 90 88 972 84 90 95 95 18 69 47 81 75 424 87 48 88 98 789 29 38 81 78 978 91 67 97 78 883 85 38 98 89 632 56 23 72 92 91 23 8 44 37 522 66 71 87 97 904 63 96 72 96 966 28 22 38 72 309 60 85 88 87 27 11 64 36 79 544 11 47 71 97 54 75 58 80 90 530 39 36 70 37 55 79 28 82 65 212 33 41 93 58 51 85 40 92 99 480 43 84 86 94 434 23 26 65 41 133 15 50 43 72 460 1 45 64 72 574 88 30 96 79 814 0 65 28 98 506 13 44 73 93 289 49 5 53 10 236 63 8 68 32 593 19 71 73 76 159 31 74 91 94 307 84 79 91 87 635 0 83 56 86 41 0 34 40 42 30 36 72 89 97 904 12 32 87 81 44 43 63 53 68 72 17 65 84 79 816 4 13 78 63 862 45 42 93 62 931 43 69 69 88 814 7 32 60 83 133 35 7 41 28 535 96 46 97 62 885 8 62 92 98 780 50 30 51 93 994 70 14 93 76 352 81 40 97 49 987 72 96 85 96 93 6 48 39 83 749 9 8 97 95 252 95 84 99 90 886 11 66 11 91 966 89 53 91 93 970 4 55 67 70 11 85 82 99 90 288 58 53 60 78 455 48 76 79 85 747 88 87 92 88 491 76 45 95 58 389 13 40 53 53 239 96 78 97 94 966 12 1 15 82 736 73 78 92 87 92 14 57 77 76 956 88 92 93 93 246 16 66 66 98 662 90 24 94 88 555 94 96 94 97 855 36 24 77 68 227 53 53 90 77 59 75 75 82 76 652 63 66 67 67 422 9 89 65 90 443 2 77 96 77 970 30 54 34 54 263 80 37 81 49 18 35 43 64 79 898 30 54 58 87 136 34 77 46 83 770 91 24 99 76 513 54 88 61 90 661 23 77 43 85 275 83 38 87 80 662 37 63 59 83 724 14 46 77 65 935 47 91 47 91 971 46 5 67 73 414 80 66 87 88 101 89 88 89 98 561 53 2 80 34 931 32 56 93 68 421 74 45 93 58 319 28 34 71 59 174 21 69 23 98 68 83 40 93 83 940 5 94 17 98 204 77 43 85 43 807 42 97 92 97 28 72 98 86 99 249 72 42 86 83 111 96 84 96 85 191 7 43 33 53 749 8 89 72 96 143 38 4 49 29 678 4 88 69 96 854 81 50 82 92 937 44 96 60 98 871 42 94 87 99 695 78 55 99 84 77 76 42 78 53 674 96 42 97 83 276 77 51 77 75 774 61 83 65 85 125 35 51 47 80 416 44 98 44 99 266 77 0 92 65 27 49 30 64 66 825 90 93 99 98 343 64 61 95 76 338 21 12 89 73 967 20 29 21 52 469 3 54 86 82 11 29 64 85 85 596 32 69 64 87 708 34 10 36 46 843 42 50 53 70 391 17 12 32 95 465 63 54 72 66 76 16 24 47 49 11 88 64 94 95 440 2 63 96 75 742 38 86 82 89 887 66 81 89 89 373 18 47 64 87 115 2 82 80 84 850 4 39 87 85 27 32 78 74 88 80 76 3 87 44 855 33 34 57 80 163 44 43 51 68 828 78 74 99 85 923 82 78 91 89 515 56 25 66 63 656 88 9 88 44 249 80 29 90 47 15 8 78 41 90 685 23 28 64 74 114 27 3 30 99 36 76 82 87 99 175 67 39 70 89 18 25 89 47 93 243 19 56 64 64 534 83 55 91 95 644 1 60 51 73 175 94 7 99 68 630 71 78 89 82 51 38 23 68 68 974 45 61 82 79 214 61 85 70 98 130 6 87 68 96 491 50 94 72 95 250 30 29 32 79 317 5 27 93 89 250 0 73 77 97 614 72 52 89 62 581 96 50 97 78 12 9 69 97 87 194 21 96 99 99 838 31 36 60 80 172 2 65 2 91 629 17 77 33 81 341 89 50 98 64 872 80 89 85 98 68 44 19 73 83 369 49 11 66 42 623 81 86 97 95 404 1 30 18 89 682 1 30 75 35 239 9 69 18 73 170 98 68 98 81 756 10 86 14 89 637 51 25 91 66 717 47 74 61 80 424 3 35 97 74 964 25 55 93 60 596 95 6 96 25 154 32 59 49 70 113 33 15 72 38 574 30 81 76 81 230 4 76 85 84 235 89 72 95 91 791 12 44 90 94 557 15 32 74 96 614 96 6 97 39 186 69 38 79 72 389 95 7 99 49 84 64 67 79 94 582 74 85 93 86 316 11 3 45 99 53 68 68 88 91 686 21 45 78 95 88 25 44 70 92 887 22 70 81 96 605 50 69 82 80 819 85 95 93 98 174 16 73 76 97 790 18 51 64 70 974 1 74 61 86 212 29 47 94 75 286 93 80 94 82 330 13 22 59 38 798 50 9 88 51 231 15 86 19 97 145 8 0 36 53 215 20 38 21 45 111 73 15 74 42 450
1000 75 56 80 92 326 34 75 93 93 945 84 74 90 78 172 65 21 70 29 7 54 29 54 41 25 63 70 93 93 266 48 94 97 94 932 24 17 38 90 107 60 21 75 79 864 97 49 97 63 916 5 69 69 78 56 60 47 65 64 787 16 7 92 88 177 68 23 91 30 598 33 82 40 94 985 41 46 93 60 346 53 63 65 77 377 60 23 70 89 776 13 14 54 89 640 33 65 72 98 748 74 88 91 89 878 87 18 91 98 170 15 9 95 9 783 54 46 69 87 183 7 84 77 86 765 54 58 75 91 172 90 82 90 96 973 74 25 84 33 630 41 23 47 54 78 77 24 84 92 490 75 82 89 90 624 96 55 99 63 822 27 47 91 86 24 29 58 69 62 818 39 68 42 88 266 76 0 94 53 266 41 52 62 68 194 45 51 87 62 213 85 40 92 64 941 62 85 67 98 772 65 27 83 91 38 45 66 62 85 618 83 12 90 89 205 5 39 42 80 741 64 85 87 95 801 9 81 29 87 850 90 60 99 64 767 6 73 75 97 326 38 52 53 71 178 20 67 50 73 888 82 66 98 87 785 51 7 55 76 744 25 59 70 78 659 6 37 95 95 86 94 90 96 96 359 78 60 81 72 274 33 67 71 91 480 91 85 95 97 412 53 23 71 85 125 76 14 95 75 659 75 51 82 95 225 34 2 61 80 410 69 8 96 32 790 6 50 81 87 126 93 92 94 94 130 91 53 95 66 5 35 22 94 36 594 34 95 76 98 146 89 60 97 94 882 46 23 88 71 594 35 89 54 92 605 10 71 68 87 92 26 80 39 93 316 32 39 99 54 153 19 92 56 92 678 81 83 88 90 199 47 88 72 92 320 93 61 94 84 759 66 25 70 30 558 93 85 94 97 937 64 34 91 50 748 23 1 52 41 997 43 7 64 55 778 56 4 66 94 686 80 36 83 65 889 98 41 98 73 293 30 88 43 89 566 52 48 89 59 647 24 79 92 85 319 64 87 89 99 111 73 62 84 85 521 95 38 99 88 342 75 12 84 45 869 65 36 80 52 507 52 92 52 92 26 67 37 72 74 962 60 20 68 33 251 52 76 96 76 939 62 48 76 90 928 7 44 78 53 445 27 92 40 92 67 53 79 55 94 161 59 76 93 85 83 89 7 89 27 4 47 24 76 59 563 83 6 89 18 35 12 72 20 84 339 51 19 92 89 606 23 33 63 40 787 14 3 63 37 447 14 74 14 81 552 41 89 60 97 672 27 5 69 84 446 5 48 87 80 164 33 10 39 16 34 96 78 99 87 438 17 38 87 98 484 67 80 82 99 867 60 73 68 95 997 9 50 23 96 676 25 79 94 84 181 36 74 51 90 321 17 69 87 88 185 31 39 52 52 836 93 29 97 90 667 74 83 96 91 631 45 40 72 99 391 61 32 86 98 224 21 20 58 79 742 79 54 92 54 391 37 7 84 29 708 43 37 66 66 327 88 89 93 90 373 67 74 87 84 775 19 45 84 93 925 89 83 95 89 464 39 46 55 84 987 80 89 95 95 782 23 5 94 8 687 2 45 51 95 332 42 19 80 23 947 54 58 80 63 527 95 20 97 57 14 8 1 24 9 276 87 49 87 87 762 94 53 97 87 459 12 73 91 96 485 26 14 34 55 710 22 92 35 93 64 87 66 87 90 276 30 6 74 8 204 50 71 59 92 566 78 32 96 73 319 89 62 90 96 633 45 12 45 78 66 74 49 80 59 740 67 66 91 67 332 5 80 32 96 896 69 38 83 76 354 10 68 14 99 705 65 44 67 46 265 2 13 78 98 662 43 9 45 77 287 98 83 99 88 376 91 60 91 96 222 67 0 88 45 73 8 82 89 82 768 44 38 46 84 539 43 0 98 16 944 82 10 86 94 809 5 51 91 83 491 60 89 75 96 721 36 33 60 89 393 68 11 74 30 314 0 73 81 93 566 89 78 89 99 694 43 5 46 6 476 86 78 95 95 674 14 41 15 70 719 32 97 43 97 541 8 12 98 23 814 25 12 87 14 28 45 64 45 94 709 74 42 93 77 899 48 11 77 75 57 52 65 94 90 629 30 33 76 95 804 63 67 90 71 447 75 15 95 32 495 22 97 97 98 564 0 3 35 69 673 33 62 84 87 213 81 81 87 95 751 44 17 45 55 995 39 78 40 93 754 38 9 43 25 844 3 38 19 86 6 96 86 99 94 367 33 64 55 93 395 54 36 67 72 514 13 59 85 69 399 76 55 84 84 170 38 13 66 50 74 56 39 89 51 630 9 0 30 7 409 3 55 75 94 63 45 24 57 58 321 74 54 89 88 409 42 79 64 96 444 88 63 97 95 681 52 51 61 57 374 55 50 84 64 675 14 73 37 85 535 58 11 91 17 897 5 81 83 98 467 97 68 98 73 368 78 31 80 95 925 22 69 40 75 54 13 67 44 98 291 19 0 21 6 20 3 93 11 97 855 74 85 88 96 220 58 13 73 24 780 26 45 71 48 913 36 22 94 96 760 17 54 63 86 804 22 58 63 58 164 20 28 61 60 911 82 51 83 99 966 31 7 54 24 290 16 53 47 65 154 5 12 84 18 900 42 89 96 92 133 56 46 98 55 127 40 74 66 79 295 23 0 27 23 999 6 16 37 73 350 90 96 93 98 987 37 42 76 78 130 78 55 91 72 894 2 68 62 73 13 93 88 98 93 473 5 7 32 87 891 0 83 93 99 374 35 11 63 69 285 15 43 26 46 567 86 39 87 90 620 81 47 97 74 693 57 54 58 67 587 59 74 67 81 534 37 10 56 19 76 19 15 29 64 976 84 68 85 70 467 15 0 75 8 864 69 2 87 41 968 63 67 68 89 823 53 97 59 97 536 62 2 94 63 696 2 22 82 42 307 73 74 97 95 151 88 88 92 96 986 77 81 88 94 833 13 93 91 93 575 63 68 96 74 245 36 30 44 50 828 25 89 74 96 213 4 40 48 64 94 11 21 95 86 705 13 26 49 50 522 79 36 90 91 771 8 85 73 98 600 48 55 74 75 424 83 31 98 74 30 58 2 98 38 858 96 98 96 99 192 2 89 77 99 575 16 78 88 79 101 95 47 95 58 342 65 62 84 71 572 63 3 98 94 553 57 94 88 98 188 2 10 18 63 790 20 7 84 66 124 1 90 58 92 239 75 52 95 82 462 16 79 76 83 28 45 0 88 2 274 96 51 96 88 236 88 53 97 54 215 50 66 69 77 160 47 53 72 61 790 74 11 76 60 186 17 84 99 86 270 9 60 40 85 174 27 61 82 89 32 32 6 83 67 699 26 32 84 48 576 57 30 83 35 843 10 56 83 63 567 67 39 95 70 516 31 79 63 85 863 48 54 95 60 437 80 51 97 84 592 23 66 81 79 502 82 87 98 91 73 25 21 67 98 4 5 43 81 90 212 81 84 83 95 119 42 70 83 74 385 92 2 93 47 4 83 94 95 97 248 3 80 27 98 381 30 16 66 89 437 85 38 93 88 636 34 40 44 99 324 39 30 42 77 138 92 56 95 66 203 67 79 80 89 792 4 24 70 86 274 47 15 89 52 142 27 88 41 92 679 89 68 89 72 75 68 82 96 88 414 50 68 54 78 833 43 61 93 72 399 29 70 89 86 573 72 42 78 75 846 90 4 98 11 846 70 1 95 78 640 54 6 54 38 1000 46 85 58 96 968 18 66 22 70 660 15 49 22 88 159 97 68 98 96 651 90 30 99 74 66 97 18 98 41 855 24 82 66 88 425 50 26 51 79 251 62 97 85 98 314 66 9 89 97 165 91 7 94 49 560 83 70 96 86 157 73 43 93 67 740 41 57 72 78 746 17 87 50 96 826 61 89 92 94 601 50 4 68 17 74 98 46 99 54 953 82 27 94 49 278 98 71 98 76 183 4 64 83 82 994 38 95 61 95 412 59 77 81 80 897 88 78 89 79 91 68 55 91 77 724 67 29 77 37 250 97 62 99 86 975 52 62 73 96 352 62 92 84 99 388 0 87 50 93 32 23 13 27 42 573 59 95 84 96 145 82 24 93 35 342 10 74 79 97 660 83 28 94 96 203 19 77 68 79 432 14 89 31 99 782 38 80 81 81 46 37 66 77 95 634 52 70 97 93 410 9 69 62 89 10 92 48 99 86 72 51 40 72 75 670 12 37 23 84 371 32 30 66 51 156 74 62 88 83 274 80 27 97 67 570 45 7 86 28 45 14 47 22 72 582 8 70 13 94 808 87 54 98 55 89 54 82 61 95 349 57 31 94 74 711 70 47 97 96 860 32 26 84 70 276 46 11 62 51 183 70 18 77 59 685 81 54 90 55 698 13 80 55 85 141 12 88 90 94 84 17 24 20 67 353 41 3 95 30 979 11 3 77 64 310 14 2 98 75 87 48 81 51 99 963 5 18 91 77 911 4 13 75 70 456 42 53 56 57 982 75 70 95 88 927 12 66 42 88 123 74 59 99 80 355 28 86 70 86 521 44 17 72 79 392 31 38 86 75 805 3 28 30 48 434 46 5 49 34 431 20 17 21 79 553 83 34 93 52 568 66 46 72 55 47 37 73 42 81 39 92 84 96 94 924 35 9 55 54 57 20 13 76 83 592 39 66 47 72 729 37 97 56 97 527 38 5 81 22 603 17 88 21 91 249 31 46 86 63 813 62 55 71 81 429 90 14 97 26 444 77 32 96 83 860 34 1 49 44 593 67 86 89 87 759 32 44 53 83 299 94 19 96 57 531 94 29 96 60 51 19 36 77 42 702 33 57 84 96 167 48 42 67 98 600 26 58 85 71 118 92 18 98 77 832 46 95 66 99 501 85 34 98 81 841 75 74 85 75 593 49 43 83 95 635 39 81 95 81 998 35 31 36 86 415 75 62 94 78 717 87 34 99 59 999 92 72 95 87 197 72 24 89 29 395 6 55 26 71 425 54 18 73 79 820 59 22 72 61 260 7 92 53 95 918 60 68 84 80 963 84 83 90 90 997 21 95 27 96 501 77 47 77 93 127 22 30 35 34 35 43 10 96 16 382 53 11 91 93 629 20 16 71 45 29 76 66 97 69 848 17 10 37 74 992 47 78 72 82 127 50 34 83 55 859 2 84 23 92 166 7 44 97 68 405 36 53 67 76 245 52 48 80 87 591 63 57 72 61 610 95 8 95 34 552 32 36 71 64 948 64 8 88 15 718 62 79 84 88 650 8 18 20 56 737 53 51 54 73 761 98 29 98 41 223 95 25 95 45 13 4 73 99 98 949 36 82 44 95 285 43 62 50 70 50 83 92 93 93 748 68 46 84 50 739 58 69 83 82 105 92 37 94 82 101 88 54 95 60 426 34 12 85 61 779 77 37 77 54 322 80 53 94 87 305 34 81 44 98 374 57 7 75 40 788 22 79 69 98 314 64 10 96 79 887 94 90 97 94 431 53 74 73 99 365 92 1 98 63 499 46 54 86 84 700 57 14 92 23 91 6 68 53 90 564 42 30 62 68 903 86 7 90 18 918 94 70 96 94 137 22 44 26 63 615 26 88 53 96 199 15 43 34 84 103 79 75 85 97 502 57 60 92 61 492 33 62 50 89 416 51 1 80 69 633 82 66 91 70 681 64 54 72 73 259 27 51 79 86 783 27 11 96 16 553 78 11 96 77 167 38 36 45 42 726 42 88 73 93 581 85 45 95 89 636 7 17 18 75 546 30 35 84 50 507 18 39 36 78 6 48 31 81 95 58 89 81 92 89 39 10 49 78 63 95 61 18 81 22 492 5 94 56 95 337 31 34 65 43 275 55 56 60 99 145 97 78 97 94 979 37 87 87 87 609 10 22 62 71 412 25 75 66 85 549 26 16 39 35 333 65 31 69 53 108 36 83 41 93 276 33 22 45 97 44 57 28 87 69 530 58 76 85 89 323 22 81 41 83 131 68 42 77 97 735 58 39 84 87 128 98 50 98 84 343 87 1 93 36 404 17 60 58 63 331 18 30 46 43 258 83 68 92 93 616 36 28 78 46 757 37 18 93 73 405 18 10 53 41 858 47 30 75 71 64 81 94 81 94 413 10 2 43 98 273 97 71 99 86 446 60 50 77 54 489 32 10 69 23 125 30 34 90 87 300 65 35 97 61 829 78 49 96 75 379 90 38 96 90 374 16 13 72 15 426 62 89 72 96 822 16 69 18 96 370 27 18 86 33 434 95 49 95 60 188 19 91 34 94 369 98 18 99 87 129 34 28 43 87 817 53 88 78 97 779 22 77 97 97 966 66 82 84 90 959 60 75 68 98 342 66 10 83 80 615 44 52 74 60 471 60 47 85 70 459 13 69 42 99 783 62 66 67 90 600 47 77 77 90 666 75 84 82 85 972 44 3 44 26 672 41 48 55 49 424 22 2 92 48 588 44 80 58 93 481 50 90 77 98 498 88 54 99 96 544 40 5 96 82 883 7 15 76 46 192 17 92 33 92 618 46 17 63 81 705 28 67 61 79 309 62 69 65 72 271 82 7 85 65 111 8 92 95 92 750 83 53 98 83 895 52 57 99 79 645 96 16 99 76 249 91 7 93 21 962 70 18 82 94 746 93 37 99 70 615 60 39 85 92 115 32 98 51 98 467 94 8 96 91 465 7 29 26 32 681 58 74 62 85 64 24 16 90 50 2 36 25 78 48 96 41 38 60 81 801 31 95 95 95 99 20 37 88 95 578 64 52 66 98 960 60 41 69 68 300 72 57 81 93 408 34 27 93 57 588 96 24 97 56 604 18 52 20 97 824 77 86 82 86 918 72 79 98 80 766 71 85 77 98 283 60 33 98 42 554 94 12 96 66 1000 2 42 14 68 238 87 24 99 71 29 71 48 78 78 32 92 37 94 48 463 18 71 18 92 839 80 25 81 42 226 33 41 99 82 346 31 86 66 86 794 58 18 74 80 751 50 83 65 86 833 49 55 72 94 170 12 32 65 36 649 77 59 89 71 203 44 8 93 42 247 37 60 58 74 946 36 65 63 87 29 59 87 93 96 247 77 78 86 96 745 32 38 94 62 13 93 55 98 87 921 20 66 95 96 825 52 41 52 62 830 41 22 61 84 463 24 75 57 78 83 29 12 69 12 99 90 66 94 91 969 87 47 95 86 868 14 61 23 68 614 61 19 82 44 179 14 7 17 94 384 54 48 71 77 905 32 4 35 83 365 92 39 94 94 740 75 18 84 21 577 71 90 77 90 602 55 81 97 98 133 97 30 98 53 870 36 53 84 53 834 25 90 84 90 751 5 64 96 94 390 54 74 66 77 727 81 7 88 94 7 44 76 57 82 153 64 98 92 98 234 7 98 79 99 117 36 13 56 73 65 70 6 76 93 385 62 4 85 13 694 75 50 75 67 671 70 59 73 94 906 97 39 98 82 243 44 90 56 96 279 38 40 95 68 994 39 7 54 33 395 35 19 73 23 161 71 45 87 73 554 90 37 97 78 565 47 18 82 36 113 77 42 91 44 924 9 71 83 74 967 53 60 82 74 83 65 87 93 96 549 81 89 87 91 58 50 54 50 84 8 29 42 89 66 553 97 76 97 94 933 15 38 63 56 129 35 98 83 99 466 48 16 82 38 281 69 92 79 97 75 37 33 80 35 19 70 28 76 94 102 31 11 35 88 162 27 96 98 99 547 47 7 99 13 828 17 50 92 94 108 37 77 99 91 159 77 96 91 96 58 20 17 76 60 738 5 32 16 75 831 40 76 52 81 372 42 51 48 98 321 25 37 84 84 209 21 85 56 94 303 67 63 81 93 475 85 97 95 99 64 65 82 67 90 86 94 69 95 74 231 60 36 91 44 280 32 69 85 90 273 58 40 73 60 487 89 63 93 91 463 45 15 61 46 471 43 19 70 93 135 35 24 98 70 79 26 45 26 92 956 52 94 53 97 504 39 43 56 43 159 40 53 78 58 641 14 46 49 75 654 4 61 15 94 509 22 55 46 60 522 48 51 89 58 890 94 84 94 94 657 13 28 58 66 498 93 49 95 69 780 87 40 91 80 447 97 75 99 89 856 41 47 63 60 44 30 20 78 34 213 22 78 60 94 688 50 15 86 24 398 85 10 85 63 521 60 62 88 94 999 83 31 92 71 944 32 97 68 98 760 23 29 32 95 825 42 96 78 96 281 56 30 64 81 859 63 26 95 56 477 79 43 80 90 609 86 86 92 89 208 43 25 84 68 790 1 88 5 98 431 76 34 89 77 839 37 40 38 84 464 42 58 84 91 74 21 11 28 55 269 69 16 75 69 699 91 48 97 98 102 40 67 71 82 823 24 42 79 52 691 80 7 82 20 837 44 56 54 71 931 71 1 85 50 128 8 81 83 93 652 18 38 71 78 592 91 92 97 98 492 21 20 96 86 289 9 61 56 68 960 40 57 64 91 720 2 71 2 74 186 16 73 76 92 746 31 22 99 31 352 35 84 86 90 108 1 56 49 64 678 16 34 31 61 108 54 62 57 85 352 31 24 68 49 992 30 47 85 93 765 25 68 28 83 607 34 44 68 57 569 98 32 99 61 483 94 84 99 94 798 28 58 34 73 18 46 82 87 83 782 73 3 89 47 921 51 11 58 25 251 35 26 49 66 890 31 82 44 84 773 50 85 91 87 846 40 15 85 84 906 7 70 63 72 383 30 22 89 28 52 40 50 57 75 451 10 67 54 71 253 1 5 4 73 481 35 72 86 91 497 88 17 96 68 737 35 49 69 72 624 46 9 70 72 470 86 55 94 88 274 22 47 45 68 157 22 16 58 98 968 81 18 89 97 753 64 86 71 89 123 89 91 91 93 896 79 75 98 84 802 10 47 94 53 48 68 81 87 87 678 46 81 86 83 960 0 16 44 45 287 54 3 65 86 268 5 24 12 83 247 2 47 26 86 373 87 39 95 60 938 53 65 81 83 327 31 50 50 87 282 96 1 97 64 350 68 32 95 97 33 36 2 87 81 896 12 24 85 89 185 63 36 95 81 106 15 62 89 83 757 89 39 96 84 890 23 98 49 98 492 74 37 75 58 420 62 96 93 98 886 76 93 96 96 897 32 45 59 78 77 96 45 98 68 265 57 70 76 89 877 45 49 64 88 875 87 65 89 85 441 39 37 72 79 915 18 10 93 18 691 39 58 92 85 247 46 14 50 98 7 67 33 91 65 422 51 11 62 63 65 25 96 90 97 631 10 22 36 50 28 36 90 77 94 739 44 4 83 96 842 34 81 76 94 594 58 49 66 55 504 32 53 93 64 573 86 13 94 97 677 79 39 83 68 941 63 85 88 90 246 10 30 54 32 303 20 92 97 97 418 2 38 91 71 118 35 46 57 70 583 29 42 69 61 408 24 74 64 94 301 13 57 21 74 2 34 89 39 93 895 89 57 97 59 153 34 76 80 97 320 40 24 79 52 728 78 49 97 81 914 89 39 93 50 115 69 26 84 85 981 18 24 74 34 426 50 83 95 86 380 13 82 58 82 322 30 42 42 67 479 26 26 88 60 806 79 12 79 51 300 5 73 18 87 282 41 37 80 88 27 94 58 94 89 648 77 22 77 44 243 73 32 74 33 884 80 92 93 93 820 16 37 82 46 417 30 2 69 20 366 66 24 84 36 623 82 83 96 93 467 92 70 96 76 851 82 59 97 61 312 20 90 95 94 530 11 71 70 79 592 65 15 97 59 480 59 42 70 56 425 4 39 92 59 155 16 86 30 96 552 93 9 95 16 879 48 5 72 24 852 45 98 77 98 185 18 22 90 99 982 65 24 79 97 862 39 69 59 83 549 26 37 54 74 228 86 26 93 73 87 23 27 82 97 647 2 17 3 99 809 21 49 84 91 863 91 1 99 89 726 51 19 59 71 768 97 91 98 95 50 12 86 82 88 939 48 26 80 50 650 21 81 91 88 397 46 31 67 31 549 3 29 14 39 801 83 55 94 58 977 22 87 40 97 883 80 46 98 88 66 46 25 63 89 604 52 34 73 71 696 43 78 67 89 620 62 98 74 98 643 84 34 93 54 596 68 66 72 87 700 27 51 53 90 369 86 95 93 97 778 12 30 70 81 51 94 41 99 78 759 23 39 71 91 434 43 55 51 56 719 4 96 28 96 224 26 16 87 62 333 62 3 64 27 64 96 47 98 56 662 68 7 91 62 558 80 52 99 70 907 61 49 71 71 778 55 51 88 65 160 61 53 79 75 201 3 85 71 97 873 33 52 37 85 533 37 8 91 83 511 22 19 70 79 40 84 72 85 92 638 50 50 56 53 693 98 51 98 77 743 59 13 86 44 700 41 30 74 68 180 95 88 97 99 143 80 66 85 75 783 94 0 97 85 405 95 36 99 94 412 25 76 87 77 921 48 2 77 77 613 63 24 99 34 963 12 39 90 63 913 34 50 69 70 797 69 35 94 80 525 30 54 53 70 634 38 77 91 93 119 24 64 91 92 242 60 78 85 82 778 72 75 88 89 359 50 21 89 88 459 36 70 69 76 276 76 15 89 89 493 96 13 96 76 427 44 55 45 92 232 68 43 84 84 971 29 29 40 61 420 82 26 89 27 562 0 46 85 52 7 45 91 99 97 87 17 51 52 98 332 94 88 96 89 701 77 97 91 97 47 25 50 81 95 695 71 51 74 70 262 4 91 99 99 86 30 0 36 10 942 4 27 57 71 36 54 66 71 88 748 81 2 93 50 88 59 78 73 87 87 53 29 98 83 775 13 48 26 70 206 39 51 73 59 931 5 86 75 92 341 53 37 93 88 414 39 96 71 97 563 53 16 70 78 635 37 72 89 86 9 48 0 70 87 460 10 0 34 94 175 40 33 71 39 998 46 36 56 82 585 67 85 77 94 86 82 70 86 98 598 92 16 98 75 726 57 87 89 89 737 61 9 88 55 559 71 83 76 92 29 4 85 34 92 978 10 48 16 99 977 15 47 18 90 475 49 85 96 86 264 75 25 96 32 685 91 0 99 87 920 81 71 96 71 368 59 41 62 71 950 87 98 87 99 458 9 15 68 35 972 43 21 63 35 767 81 78 90 98 436 92 54 98 70 860 61 77 68 90 577 66 58 83 73 924 53 51 58 60 832 59 0 83 15 633 32 59 82 64 570 7 11 12 53 717 21 19 46 62 847 79 16 94 98 682 21 68 53 81 322 9 60 49 66 91 40 43 82 82 59 31 27 38 68 388 6 86 52 88 456
