100 100 1000 2 902
5072 7534 1836 7138 8237 1272 3530 7439 2585 8097 1959 2711 6465 8205 8450 1408 1513 1346 8120 7839 8561 5312 6207 7264 5602 3619 1694 9910 1582 7571 1434 1791 9939 7663 1342 1090 4345 9211 6497 4422 9301 9256 5421 3724 1937 3099 8957 9759 2140 9853 6816 7553 9283 4746 3631 4307 3768 1141 5676 8823 8814 6053 2680 1686 7670 3796 7269 5236 8189 7518 9391 3519 1004 3423 9160 5265 5801 8274 8863 4412 7981 2570 9710 3456 2316 2096 9603 9144 7213 9337 3586 3355 7561 1854 6241 3333 5522 7048 8105 1405
6238 7871 1709 7547 1139 2178 2323 5828 7374 7215 1888 8664 5634 3385 9578 3655 6272 7992 9609 7067 1896 1579 2989 8515 9419 6846 2201 5955 4613 3393 9249 8935 2056 5932 8416 7667 5306 8555 9708 9810 9260 2360 2310 2340 1350 2808 2973 4608 9148 9251 7826 4116 8535 3681 2869 3408 2642 8529 4245 9316 8502 7366 1916 3911 7096 8864 1726 6375 5413 1124 5495 2437 9908 7410 3312 4841 9127 1297 3288 1980 7329 7732 5568 2607 2854 8941 4274 4791 8433 5939 7509 8837 5767 4325 1619 7041 8605 2790 8407 8593
5017 7006 1320 8519 5833 2787 9371 4348 5873 4064 2678 7715 2564 1045 8864 2334 6174 3780 9023 7777 6095 1691 7332 4765 4107 1237 5235 3510 1586 7896 7394 8707 9543 3893 6273 4034 9887 2412 6884 7147 8927 2416 6914 2654 6613 6188 4223 4893 2461 3923 6896 4602 7441 1577 2544 2146 4713 7989 8333 4771 4845 4190 7654 9116 3745 1486 8980 9861 1733 4320 7479 3674 9915 7051 2108 1654 7277 3055 9007 3194 8087 4583 6125 4379 4096 4335 2027 2887 8914 2559 9586 2992 1930 6042 3391 4624 1395 2592 1756 1593
7681 1384 5755 5295 9443 7952 6623 8245 6813 2630 4662 6164 5318 5622 1947 8849 2477 2942 1439 7892 7298 6283 8229 6305 2613 4744 4122 1874 5560 2919 8765 5312 4781 6800 8102 1080 2759 5226 4926 2179 1189 2169 6367 4033 3394 7128 2793 2655 7122 6170 7790 9709 6934 2004 2652 2414 2635 7078 9645 5993 4402 8987 9756 8420 8091 5306 3940 4491 8041 2967 5639 4524 1778 3086 2149 8144 4365 5622 8845 5411 2873 3122 1845 2859 1160 5134 5975 7955 3473 8548 4698 8264 4343 5059 4386 2077 9775 1194 3534 5686
2591 2427 6730 7247 8124 8536 7918 3723 3282 8444 3678 8771 2091 8223 3575 7970 1423 4169 6451 8399 1746 2330 3185 4936 3546 3943 9368 3829 9359 7035 5844 1597 2976 8259 9234 7830 9201 8936 1769 3610 2309 2624 2497 9536 4185 6172 4726 7494 7503 1547 4740 6919 6226 9618 7285 3764 7798 7738 8387 1622 4286 5602 6445 3119 1273 7034 6786 3502 5140 2241 5970 9440 3972 9117 1437 5482 5586 2289 2013 9362 9667 8371 1409 5979 7738 1286 6304 6495 5440 1285 8571 3777 1251 9457 6072 9890 5922 2622 8689 1364
1202 6043 8907 3360 9256 6607 5114 3542 3765 5818 2920 9171 8335 8462 4344 3872 7442 8438 2715 2894 4670 4589 4585 8314 2495 6494 7529 7555 1689 1071 3176 3210 1507 9164 8624 7756 1647 3319 1455 5880 6289 6012 3083 4972 6437 2570 7952 2818 9527 1113 9604 7328 6091 2893 6700 4018 3049 5704 9772 7237 6745 9490 3744 9715 5684 2366 5272 4272 3889 1043 1842 6916 8872 5545 6841 4266 9535 2547 3946 3894 5300 3498 4382 6536 9758 6862 6485 1910 4181 6456 9528 1219 7470 1016 4809 8778 9320 7785 5839 3425
7315 5347 9695 6759 1396 5027 8546 4331 7415 1752 2242 2884 9268 1847 2873 3097 7039 3078 7819 5340 6665 4204 9183 4523 9344 1066 6783 8139 5661 6700 8348 7593 9132 1092 4557 8837 7080 8211 7931 4709 4623 7197 5121 2499 2634 4789 2171 9803 4831 7317 2376 7410 8098 3265 3021 2345 5063 1637 1977 2058 7777 8659 8681 4574 6025 3430 3372 2748 9164 7740 4332 2957 8730 9611 4844 3251 7872 8915 8597 7659 1943 4852 4993 5946 2012 7222 6574 5758 9817 7358 1683 4228 2895 6331 3416 4456 6660 8772 3429 6635
2221 3789 5513 3918 3985 4680 2038 4174 1032 8049 2417 6825 7212 4866 1117 2252 6241 3859 8690 3610 8049 7443 5716 3116 6341 5084 8105 3608 6848 8468 2902 2752 8562 4191 5803 7843 2026 5398 7388 8263 6629 2900 1099 1510 6423 4591 6312 4812 4722 9886 5284 8072 5972 2846 6823 4424 8198 6349 8137 2656 7921 5635 3018 8488 6202 2685 7661 8775 2180 2794 1625 8260 7759 8191 2448 6880 6760 1048 5161 5722 3898 8736 1133 1530 5444 6804 8968 7337 7594 7435 3627 8690 9081 2187 6495 9553 7978 8815 8007 2450
6678 7635 3024 9279 9451 7746 3346 8781 9749 5163 1553 1382 6911 7061 1363 6525 6546 4707 5198 6213 7314 6489 1533 7826 3946 8129 2496 4320 3010 9491 9158 2432 5916 4155 1692 2704 3801 4089 1013 1557 5983 1984 1802 5925 5689 9010 8754 9827 3835 6531 5511 4364 4592 5765 4080 6830 7170 1784 1460 4627 2713 3454 8855 1434 4887 9084 3332 5541 4436 9052 8429 2043 8412 1266 4026 8830 8799 1008 3407 8114 1008 6588 8263 8210 4481 1462 5212 3086 6211 9229 9193 1884 9396 9619 3821 2656 3685 3435 1753 3480
3891 4052 7830 1670 6463 9733 6394 2013 4105 5934 1200 6132 2193 4718 2049 2294 7992 5173 9977 2513 7758 2305 8444 7759 6861 8406 7766 9434 6754 3556 4767 1727 6983 3076 5014 9325 7460 5944 6319 2244 8672 1164 9869 3668 4690 4048 4736 1389 7005 4470 9740 1794 7307 5052 3655 7094 2182 1476 9044 2737 1324 3882 9011 5161 4452 9022 1426 2764 8979 1845 8812 1415 7708 7014 1361 7224 7481 9378 5973 9487 7112 2649 9043 4232 7558 5884 7340 2766 2967 7039 4908 3567 6698 1055 8457 3641 3927 5669 2191 3912
6843 5979 2834 5099 1341 8927 8206 8112 4697 9016 2104 2576 3556 1889 7425 9756 3008 5675 5720 9207 4650 8511 4396 3585 6759 5548 9356 5687 5986 3673 4639 6258 2915 7666 4722 2484 6861 1177 1325 8782 6893 5454 8744 2476 8089 6301 9633 8475 7072 2495 5454 2710 7805 6689 8829 5111 8310 1917 9985 6516 3503 2779 6206 3030 8621 5193 9860 2757 6874 3497 4845 3051 6353 2760 9768 2161 8528 4655 9389 3320 9665 1002 6395 5838 9706 9440 6308 9458 3713 7694 4591 5940 6155 9695 8215 5344 4127 6987 5299 7786
3693 2806 2479 7699 2635 4327 2455 1200 4720 2821 1248 1374 5546 5022 9860 9880 3326 8423 3934 6225 5915 3687 9707 5714 8992 9935 4000 5346 2568 4828 4860 9119 2769 7788 8131 3492 9493 7090 2630 5296 8246 8356 7121 2078 5472 5930 2207 6623 9277 4713 5858 8906 6568 5895 4900 1279 4976 4224 8248 7357 2472 2754 8243 9354 3051 4028 2253 8502 1065 3496 8076 6704 1548 7712 9037 7807 6626 2689 8185 7151 3428 9803 3749 7843 2592 1278 6051 5356 3518 2742 4500 7487 4549 2128 2507 9447 6060 2951 5491 4788
2086 3853 8310 6380 9319 1296 7793 6117 8762 6893 7933 6129 3630 3240 3441 1941 4801 8363 1273 1465 2932 1655 7085 2530 8106 9563 8596 9783 2138 3262 7064 6054 4952 6721 3068 8793 8507 5393 1015 2624 8543 8077 5342 1161 4611 5414 2785 5045 5901 8846 4162 1993 3817 6508 7889 9248 7679 5148 4609 4116 6450 3980 2917 5318 4331 6801 6057 8690 7975 2948 9832 2926 2537 5228 6977 2044 7223 7644 6419 8153 6190 2170 1321 1455 9463 9131 7176 2743 3015 1870 5194 5704 1157 3606 2639 1865 4539 3526 2253 1694
5853 2908 7874 7569 5495 8438 9723 7770 3199 1327 1917 6964 3778 4227 3119 7738 4478 1567 5128 2198 8672 9944 8519 3994 5690 5995 7468 6759 8179 6745 4781 4019 3326 4515 2673 3079 4072 7706 8031 9369 8847 5899 8487 2744 5922 7313 9562 5145 9108 7539 6039 8757 4340 3972 7665 1432 9062 6388 4993 8364 8268 3318 2292 3923 8831 3905 9252 1114 9007 2517 8183 8528 8470 3925 3348 4857 8464 3638 9162 4424 3128 7156 4828 7095 1323 1181 5715 6090 8242 5669 4885 7665 4911 3977 3956 5386 3171 2468 3130 6432
7722 2336 5717 2154 7103 8938 4707 9823 8248 8490 5102 1701 7781 5784 2929 1326 1778 9620 2898 4671 6989 8243 6728 9032 4822 8092 6072 6488 7101 7528 6221 8822 4601 5112 2542 5817 5595 1175 5214 1502 6760 4355 2225 2414 3846 5386 4919 7038 5007 2000 4923 9307 3194 8533 6516 2640 6344 2074 2198 1645 7502 9004 5512 9962 9832 9478 2270 8510 6836 3441 3699 8265 3328 5874 3385 8808 1255 9882 6240 8523 9905 2472 8182 5510 8453 7054 2710 6764 2228 9747 4988 4412 4387 6977 3007 8378 7779 2611 6022 1035
2593 2956 6140 2969 3449 1262 4460 6051 4351 3534 3280 3156 7992 6540 5749 5958 4677 4610 6466 6229 2388 8768 8769 9249 7063 9228 7044 5366 7770 1928 3163 8579 8128 6352 4507 5673 2189 8989 8838 8145 1252 3311 1165 2130 7779 6605 4344 5062 3823 8145 3194 1679 9147 2887 9062 1720 7175 1090 1040 5735 2486 8347 4263 1193 3573 5723 9347 4307 9886 9832 8902 7013 7603 7506 4384 2003 2355 4893 8321 9447 7973 4197 1008 7491 6536 9404 9045 4224 3170 2531 9382 7021 1354 1946 9697 6672 9361 6589 1749 6958
8376 4629 5100 6420 2251 9371 5903 3220 5956 1286 2901 6109 4581 7405 6024 3760 3215 2241 6298 4292 5692 7705 5811 2049 1959 4547 2193 8087 3731 6469 4340 3607 4221 4526 7031 9177 1937 4952 1839 5897 1246 7730 7397 8735 9690 4948 1612 1826 7622 8101 9591 7947 3139 6826 8683 5061 9396 3071 6492 1165 9422 1189 9604 1139 3189 9686 6962 9759 4582 4384 7963 6819 8365 3250 5778 5839 8419 6974 9417 3198 7417 1265 3460 3360 6009 7159 8567 1452 3128 2798 3217 1412 9668 6664 3900 4182 7758 2089 5113 7356
1196 3764 9040 5837 3716 7039 4504 6223 1004 8708 4255 6863 5037 1489 4982 6875 1607 4302 7417 4551 9633 5096 2689 9418 1441 4655 4500 2766 6097 1721 8650 6755 2774 9337 4448 4045 6245 2667 2840 5735 3788 3208 3444 3786 7465 3231 7720 9081 2754 1739 4065 3254 5122 2244 1281 4342 3336 9130 2253 3019 3166 5789 8107 4170 4615 1040 1341 7513 8844 6455 7071 5721 6686 7430 4199 5818 7971 9713 3768 6046 4195 6749 1190 3149 9709 6516 2568 7549 6482 6518 9376 9720 2996 6161 6591 5044 6116 7255 7483 9376
5466 6460 1548 7479 4340 8370 6231 4285 7610 5375 8162 3762 9789 5867 4852 5533 2454 7725 6902 9754 3163 2492 6124 3776 9969 4106 9222 9826 8536 2990 6299 6798 7235 3596 6586 6340 1164 7596 7792 8176 5248 2664 3292 2097 1243 9410 9191 4388 1407 1197 1874 2346 1238 5786 4944 1085 9477 5599 4597 8168 9468 2159 8952 6229 8504 1101 3606 6945 9186 1311 6289 8137 5600 1113 2938 2092 7430 7665 4593 2448 4382 9514 8607 7257 3283 6421 1671 2079 1485 4250 5296 7604 5415 3285 1076 6145 1564 3629 4027 6490
7677 7155 2494 9213 2620 6410 3445 5186 6848 7935 4367 5921 8665 2632 9904 7291 3412 1672 4342 9338 1095 3314 6519 3571 8873 8185 9626 6333 2651 1643 8366 7462 3588 7305 1067 6523 8077 9418 1057 3791 2345 5798 6327 8218 5025 3026 4047 5300 4835 6835 1456 1041 8405 3527 6977 2828 7486 6100 5241 7146 5000 7418 6212 9744 4611 1655 2064 2978 7154 5275 6532 1501 9991 8596 1441 7567 7381 1398 4096 5831 1002 4870 4797 7382 7277 8080 1334 6303 6834 1647 5727 3213 5872 7650 9960 2664 4814 7373 4389 1836
9699 5213 1128 4300 4946 3011 3516 9035 7466 3938 8697 8569 4675 7514 1878 7011 5865 5199 9557 8626 8611 3956 1922 8516 9884 8484 7833 1313 4231 6300 1494 9486 5922 6325 3635 2937 9342 4211 7686 2261 1380 1217 4073 4055 9675 8416 4134 8582 9148 6448 2827 2307 7510 1190 4886 3108 4016 1806 3702 7680 9252 3899 6157 9549 8922 6171 4936 2972 1487 7234 7235 4833 1883 1427 7586 9638 1410 2064 6614 3338 1920 4461 7039 6994 1734 5300 5469 5964 8417 5986 7298 8837 1047 1700 1694 7162 2121 8120 5858 9461
4940 4395 8046 2989 3720 7578 8802 5441 6852 1869 8053 4982 1381 4505 7701 8575 7772 4629 5368 2724 7431 1879 6213 6611 8573 8043 7616 2390 3687 2033 1230 4129 9703 9921 8607 7459 4351 3255 5238 8888 9843 1559 7814 4982 3121 1882 6117 3877 2955 7093 4187 1953 6663 6873 5346 1995 2420 8908 8236 1766 6301 7751 3014 5288 7532 1777 5351 8172 4344 1706 9962 2478 4876 4083 4243 4907 7314 7576 5422 3039 3435 7387 4659 7564 8093 9338 6965 3259 2302 4752 5438 2232 5180 5861 7857 7302 9954 5223 5353 8652
3761 1372 2103 2864 4979 4503 3607 8690 8768 4080 5699 8602 6971 7073 5170 6487 7725 4075 4055 5879 3480 3834 5813 6013 5209 4775 8556 1157 1069 3416 7885 3632 4062 6365 3475 6525 9058 8039 4037 7221 7085 8266 2007 9130 4990 7904 4101 6784 2973 6436 4887 1880 1217 4461 5481 8320 2854 3627 7429 6230 6547 6496 3828 5004 4951 8771 6634 2069 8342 9917 4089 1375 1746 9784 9027 7472 4113 5420 5848 3757 8931 3227 3157 9257 6921 2541 6631 4955 2813 4346 6502 4012 8899 1509 8599 4435 6522 6353 8114 5849
4313 7083 3161 7017 6811 1342 4239 4477 4722 6682 1578 5002 6049 4435 6741 2202 6251 1049 6106 6385 2859 8374 1827 3092 5518 7643 3866 9511 1512 8875 8571 9121 3503 8431 9020 6892 8227 7123 4166 6886 9950 8553 8941 1657 2046 8537 3448 3185 4917 3042 9482 9463 9061 1533 8295 8345 5485 5206 4478 5687 1084 1355 5374 1840 8482 6497 1879 1088 3007 5945 7516 3865 1145 6216 6082 2545 1795 2685 2125 8027 5714 5615 3375 5713 3320 6302 1481 4533 1812 5217 7883 9286 2260 2857 5993 1507 1283 9458 7797 1240
8622 5443 6033 1781 7002 6735 1459 7535 7492 5113 1070 1491 5785 3754 8419 5606 5221 4793 1404 4594 8485 6570 6126 5578 9737 8242 7055 1380 2926 1480 2681 9440 1873 1606 5570 6760 3417 7315 3041 6692 8881 2515 3268 5813 9486 4669 9749 5056 7779 9722 1061 8809 3793 4051 8167 3953 1350 8955 8051 7089 8316 6374 8746 3516 8701 4664 7870 9451 1524 8931 3131 4154 1874 8781 5255 5408 6884 4007 7326 7948 7972 9569 3258 3278 8741 6643 1359 3526 6291 6309 7003 6599 8047 3806 9683 1723 3020 8268 4048 8075
8430 3319 2391 1593 4919 9835 8266 6558 7413 2966 6204 6845 7435 6273 9181 4287 2211 1887 2699 4535 1308 4128 8747 2975 4368 7140 4327 7276 3738 9901 2329 2106 5911 4580 9212 2600 8038 7539 8166 4742 4405 8606 1703 4203 5123 6254 7375 8588 7923 9783 3718 6826 3378 4636 1392 5981 8660 7214 1644 1452 3269 9707 7755 3663 1331 5034 7489 8764 2616 4555 9012 9206 3601 3664 7888 4695 5125 7836 1438 8824 3378 8740 6021 1175 5493 7976 6922 1894 9915 5149 7950 7611 8363 4149 2961 5048 9512 9645 8960 7126
3093 4039 8481 8090 6546 5758 1675 2947 9899 4351 8491 4420 8829 8458 7475 6133 8682 7737 7267 8037 3342 7937 2483 2109 8271 1341 4379 7968 6788 7666 7414 6019 1628 3915 7853 7015 4610 9201 5503 1546 6344 6498 9755 7803 1263 5088 1287 5612 3985 8232 3223 2309 7121 6261 5273 6386 5314 8136 4893 8184 2798 8897 2223 9836 8832 7032 4736 4158 5450 6451 6931 1484 1717 1296 5731 2825 5157 5262 2922 9903 8545 4676 7641 5139 2611 9430 5632 4412 8985 6811 1573 9746 3512 8560 3620 5286 2859 8983 2890 5636
3697 9887 3763 8588 5796 1298 1947 2919 2881 9182 3233 6879 8036 5554 1408 5009 7806 5673 3519 2194 7350 3708 5976 8391 8992 4034 1869 8851 3554 4888 9120 4217 1556 8765 9058 6052 6782 9720 8629 2525 7363 1162 1112 3754 4285 6627 4606 4466 6447 3212 3370 3137 1052 8244 2276 8496 2929 5230 7975 5336 5276 4827 4996 3256 5830 2451 3797 6849 8255 9428 8376 8248 7787 6816 8934 1537 8488 9617 9553 9337 1998 6590 9932 7908 7575 5706 7619 4535 7717 6810 3105 2735 3935 1709 3511 2954 9942 9985 8655 6658
9598 1083 3811 7834 2020 7566 3512 1410 3318 4123 3529 2263 9125 1943 3013 6614 8530 5910 6081 8234 1562 4069 7886 4884 5965 1933 7687 7334 9894 3036 5117 4397 3961 7046 6772 4616 9603 8857 4869 8324 8732 7073 8010 6027 7746 3982 3619 4177 4608 9949 7131 8159 3641 2952 7858 6708 3103 7952 1183 6530 4825 4458 1005 6323 1850 2948 4905 2499 4246 7507 4499 4073 3457 5267 3549 9785 1827 7721 2266 9581 2857 3634 3670 8122 7285 7216 3282 6825 3143 6188 9708 5202 4004 2612 5204 5240 4309 2822 5854 5899
7364 3627 6604 6375 3795 1368 3598 4155 1986 2436 8098 9259 1137 4120 7989 5434 7659 8783 9067 6868 8251 5530 9346 2985 3321 8369 4732 6936 9233 1937 3558 5386 4688 1153 8519 1302 4042 9567 7338 3344 7116 6791 4607 1298 7213 3175 1190 8940 9548 2164 1010 7763 2715 1905 9272 9578 3983 3090 3056 8287 5206 5804 6322 5745 8317 4409 5456 7935 7654 8403 1299 7706 1206 3681 2774 3108 4198 2906 2062 9292 2820 9519 7787 6619 1196 3326 2746 2111 1111 7127 2595 9718 2300 2602 5197 8127 8123 5806 7544 6474
7722 1121 8499 5164 2163 7944 7328 1726 1038 2509 3214 2591 9726 3770 5362 3252 8824 5904 2144 4729 1540 3048 4437 3195 1960 1857 3645 7547 2868 7040 6794 5198 9020 2497 7255 5844 2287 2699 5288 1057 1516 5839 1451 3572 7890 1738 7468 4202 3338 7775 5333 6068 6792 4361 4033 1939 1468 4935 1322 5507 7669 3989 1449 6448 5274 5457 8123 4404 2411 1118 8948 2781 3329 9345 8253 1186 6980 8330 8935 2683 9303 7937 9231 4541 1276 8182 4481 7753 9027 6557 7708 3169 9061 9780 3190 1732 4723 4090 3280 7683
3840 5510 2945 1382 2189 7126 4161 4633 2868 5421 2807 7068 5765 1645 5269 9610 8646 4177 3782 2578 9182 9615 8931 1137 7707 6881 8265 5581 7239 8776 9108 2036 5153 6085 8599 3225 2494 1407 6586 6977 1349 5005 9058 9261 5893 6752 5651 6021 4490 9540 5007 6298 2568 6657 8098 9613 9475 1884 2078 3902 7438 5054 9332 5991 1654 5442 2751 6735 6649 6679 6054 3476 5373 4019 1376 1466 9201 6728 2753 2367 2418 9534 6021 6460 8018 9451 3633 4346 6635 8076 6309 3719 4757 6129 2440 4757 2870 2131 2144 9902
4748 4711 5442 9273 9697 1367 2241 2899 5270 5298 4828 9128 4734 7646 5744 3673 8916 3870 4928 6032 2287 4245 3456 1363 1562 3585 5014 5547 3464 2558 4185 7762 2156 4888 6653 9277 1675 3291 8473 5062 9584 2301 3609 9001 9532 8484 3317 3338 6464 7937 4679 8123 4038 9056 8130 8005 4051 6305 6753 6838 5090 3971 3051 5488 3177 6696 6888 8335 2313 9197 9151 1545 1851 2421 7431 6829 4307 6581 8242 2426 5275 8915 3511 8479 9820 6594 5783 7542 1770 3403 6959 3252 5121 2757 7906 4910 2317 4408 3390 3659
6262 6030 6932 9206 5250 5315 5315 6405 1591 3423 6827 6835 3050 8498 4903 8092 5870 5395 1937 2103 6131 5276 7377 4050 2319 7476 6514 2972 9033 9740 4364 4821 2605 5023 1871 2277 5698 4281 3054 5133 2218 3740 3011 3314 8922 8333 2380 6158 5579 2818 7109 5089 9185 8364 3424 9327 7052 5833 1461 1413 3467 1251 6358 4510 6087 6940 2420 1660 5074 3208 6856 5703 3849 8647 6636 9992 6503 9849 2397 8818 6840 8761 1418 3611 9877 8646 5249 1787 5138 7856 9268 6261 5585 3314 3225 8410 5095 8599 1691 7106
8832 9764 8580 3157 3772 4723 4381 5001 1067 3577 5707 1394 3330 5348 5585 6809 2592 6218 4208 9556 7584 7842 6072 2545 8546 6159 5673 4056 9603 9538 6239 1654 5112 8529 7101 3615 7265 7035 7922 1076 9416 6015 5967 7573 4051 5233 4066 6152 3854 6330 2963 3203 3926 7838 9312 7566 3552 6128 3286 3155 4335 7750 4460 6791 5572 7279 1222 5823 7435 2076 7691 9764 1584 6256 3465 8973 5912 6689 9007 2269 7422 4667 2043 8665 5345 4723 2803 4540 2909 3631 9954 1498 1535 3098 6591 9539 4182 9542 1536 4104
2887 7744 9011 9446 7133 3121 7949 7786 9783 1007 1059 9680 7701 9922 4579 3540 3000 9279 8861 7103 3612 4587 1838 3945 9457 1779 4049 3390 1563 7677 8613 7455 8157 8811 4951 4429 4498 4846 5891 9512 9592 5061 7374 4206 6755 9651 2443 7708 3448 8255 4347 5285 2233 2180 4004 5892 7999 2652 9818 1325 5612 4747 2720 7260 7299 4689 9277 6238 3696 1680 4652 4612 7016 6081 6331 4609 7475 9298 8910 9323 6797 7476 3801 5734 9674 5147 6028 7269 5751 8684 3326 4744 3641 5655 5161 6618 6392 8261 5527 6381
3667 7309 9616 8599 8581 1134 1664 6111 5416 8338 9668 7647 2142 6562 2811 6221 1693 7640 1591 2245 8835 1888 5540 9259 2246 2218 7249 7479 4769 9546 9098 4335 5814 6799 4676 9074 9167 3015 5190 4399 3607 5296 4254 1340 3543 3844 1593 1663 1150 4229 3007 5024 4609 6917 4001 4550 4465 8432 2469 3047 3038 8559 5617 9431 2166 6546 7108 3088 2250 2535 3530 2859 9395 1527 6825 8127 2240 4391 3985 5369 2755 3471 2946 2090 5465 1446 1628 4327 2697 1440 6957 7807 5523 3164 6434 8275 9968 2671 9205 6889
1939 8878 8440 7284 1493 4520 5145 1984 4023 1793 9891 9875 5092 9765 4043 2918 4445 1162 2438 3861 2070 6808 6744 1671 1900 2844 5451 4716 1306 1377 4478 5645 1434 8956 8401 9276 2527 7637 6644 5829 1177 6834 8496 2773 1582 2799 8155 7837 9503 2619 5615 5234 8953 5512 1995 3606 4573 1633 7732 5252 1541 7201 7557 7188 7050 6036 1164 4512 7734 1915 3917 9707 3499 2652 6556 2770 6610 2035 7569 8192 5749 8855 1976 3421 4149 4045 1259 4894 5272 5727 9132 1594 6114 9633 3840 6651 5606 2315 8496 4282
4366 5221 4502 7055 7549 3924 6551 9620 6947 7918 3305 2826 3277 6463 7271 2974 4154 9280 2637 6662 9953 6032 5843 9891 2826 1306 2878 9865 1525 8841 4548 7242 8873 9965 2711 9461 8203 8564 7138 1434 3881 4014 4901 2549 9781 6787 9860 8958 8723 1642 3934 5344 7636 9336 7561 9028 6307 8575 1460 1833 1210 9079 4791 6119 9360 8951 4720 4637 6862 1263 8093 2276 9829 3960 7959 5987 7282 2615 3304 7860 3401 6358 9502 3177 6793 7557 8004 9306 4176 1505 3986 6378 8040 2599 4645 6937 9230 2343 7712 8519
8494 4818 8935 9735 6985 4443 8973 9412 9453 4082 6126 6214 6831 9520 2357 8307 9713 4053 6696 2773 3411 7896 9874 9077 4052 5659 8224 4788 9879 5988 4027 7469 8675 4668 1812 4967 5574 5014 2106 2468 1329 9285 4448 7375 7832 6034 7653 2608 4049 4820 1546 5427 1867 8216 5196 4692 6697 8808 8894 3245 2957 2054 4982 3288 3009 6836 8833 7514 2152 3992 4673 4960 6370 2802 8282 7625 5210 3329 9008 9313 4932 9233 2055 8345 4555 8084 1121 2561 8074 8803 5349 3065 1698 1898 2986 9713 2394 8723 8909 7392
6058 6416 5918 8715 9243 7239 5563 8557 9114 2931 3171 6652 3375 9600 6811 7469 4978 4813 6669 4683 6626 2091 8758 6302 4493 7936 6192 3259 9072 3245 9231 7122 8181 9347 1287 7749 8529 8282 1649 1940 5906 8871 3769 2551 4970 4408 3510 1434 7920 3876 6520 4072 8462 3075 9872 9528 6681 5807 7380 1422 8863 7596 2687 8051 1394 8036 9714 2498 6953 8709 6445 4416 2935 9914 5709 5920 3903 6121 2757 3938 8628 1852 7471 1048 9226 7112 5698 9283 7370 2009 2985 8188 2390 2026 8577 8501 4950 8511 8219 1250
9819 9444 4753 5045 5522 1428 8130 3178 6286 4958 1837 7747 4978 1848 4412 2353 5571 5452 9679 6999 6164 7945 7815 4556 6877 8098 3235 1993 6155 2302 6286 2846 9182 7404 7554 8109 5478 7246 6591 9455 6297 4091 3814 9536 3130 7575 7177 7876 3614 9835 8436 9559 9388 6055 1198 1705 8653 8017 2242 8781 5459 6694 4876 9998 1575 5489 9168 8138 7750 4033 6871 2274 6091 7301 8076 8338 3920 6518 8099 1410 7835 2965 8376 1222 6700 7220 8031 5046 3194 5573 6202 5607 5075 2460 8316 6986 3332 7199 2692 2940
2111 5752 1364 8279 9098 2751 8485 4505 4828 1292 6361 4533 4061 2754 4097 5323 9623 8475 2488 3395 8037 1857 8012 9663 8072 1164 5603 7268 4860 3163 5263 6448 6083 2175 2840 8565 3255 3206 8347 1846 2748 9267 5098 1129 6412 6068 9318 9930 8494 6648 4733 9860 5193 8393 1177 7529 5482 7332 8139 3264 9248 6497 9617 6926 6470 1412 8686 9527 4621 2856 7871 7521 9744 2920 1615 4313 7971 6709 6736 3659 4142 7928 5148 7160 2129 2089 2868 2302 7786 9363 2072 3313 6059 3261 3375 3101 2490 3937 7594 6796
7703 8666 3155 8236 7359 6720 5417 3901 8006 7667 6810 4865 6922 3636 7983 4739 2730 1319 4112 1007 5175 5740 3794 2281 3214 6126 7809 5569 7213 9477 3164 5510 1619 1896 7030 8187 5761 7671 9936 4126 6775 5667 1538 8705 3908 4629 9433 2009 2360 7471 2983 1474 4078 4107 4387 2216 3858 1962 7609 2242 3982 3535 1774 4790 9673 7200 1522 1067 3140 6427 2354 9092 3720 8855 9410 4059 7804 8068 9262 5593 5524 3880 3272 1737 1960 9353 8169 5822 7348 3085 2122 7088 8605 8031 5880 3928 5562 4262 8247 6122
9234 2193 5841 9975 6149 5813 2014 5177 1123 3315 1505 7026 2632 9944 5636 8885 3650 2902 2275 9522 4178 4217 1335 5850 5081 6691 6629 8548 8270 4093 6474 3127 7111 2540 7695 2849 7881 9623 3476 7618 2952 3060 5755 7713 8235 5321 6580 5069 3743 3592 3419 2452 7112 1605 9497 3623 9527 4115 7483 1118 2645 7710 5706 1680 1629 6043 4627 5475 7718 5374 5256 2532 3775 3204 6072 4429 8566 2349 9026 3181 8733 5023 3092 3160 2972 5145 4324 9387 4258 9805 4881 3594 8705 5736 2498 1384 3519 3732 4964 5590
1561 5350 3651 2260 8026 2185 3686 9077 8600 4452 1699 7424 5926 2442 4119 3180 7022 4820 4451 1142 6161 6131 4668 6756 4998 2888 9387 2143 4261 7511 5345 4956 4706 3936 7961 6018 2336 6458 1821 6215 3031 1188 4930 2779 8336 4538 9598 8074 6712 8157 8166 9778 3035 4004 4818 2089 8250 3478 4164 8697 7368 8814 2198 2302 6427 8068 6335 4795 3098 4201 9829 1516 2405 1096 4675 6228 6317 9295 3711 8485 8367 1695 4556 8799 3892 5741 3123 8551 8618 9842 4537 3989 5614 4239 2541 1714 5125 5208 6442 9080
4243 4951 5782 2172 3268 3594 4193 8588 5841 5248 4916 6615 4667 6733 9377 4220 8193 2176 6956 8375 8483 2098 6139 3412 5563 7956 8549 3686 8807 9072 6699 9052 8987 6150 3721 8348 6983 6742 9265 2466 9385 1309 7840 5160 1226 7685 2781 3286 6309 9994 5370 6174 2587 3632 10000 7190 8891 5818 2118 8883 7998 8380 6550 6471 6988 6496 2563 3893 4690 8346 1345 1580 7613 6701 8961 8078 3229 7443 2948 4139 7153 2440 9187 4923 9954 3232 8676 3955 6171 8988 7498 8741 1432 7210 4693 8403 6914 5346 5731 1425
1063 8321 9699 6731 9546 1352 4415 5906 5565 5300 5327 8773 7755 8175 7611 1935 6271 8152 4166 2110 5288 1108 1124 7885 1645 1624 1622 3697 2205 1567 3124 9286 4248 1171 7373 3926 7245 9562 3660 2438 4987 6179 4713 8452 6212 4702 2829 8341 9824 3263 4948 5282 8243 2618 6693 5880 7554 9695 7364 9371 6816 5445 4478 9109 1669 3057 5399 7549 8136 4708 2235 8876 9147 7384 5118 1788 9372 5712 7277 5857 9573 8268 7494 6624 1052 7730 4682 5961 5447 5544 3590 4988 4051 7839 2654 7913 7470 9593 8694 4025
7635 9704 2800 2327 1907 5084 3738 5351 9849 7129 8050 3145 2708 5471 8271 1925 1746 1931 3167 8571 6963 8836 8159 4611 8984 9922 9818 8100 3958 9711 8700 3295 7778 1144 3458 8751 7351 8311 6411 7745 3178 8858 7006 6484 5269 1729 7808 6205 9510 8907 5463 3804 9602 3610 7300 8213 5342 7322 1766 7149 6655 6038 7151 9327 2236 2647 2733 1072 7163 7924 1531 9114 4696 2308 4221 5235 1316 3522 2988 5385 5531 6537 6919 8454 9387 1877 5797 4449 3450 2583 8396 3746 5032 3317 3073 4393 3613 5811 1342 4393
3502 9668 2642 5258 3003 8565 4608 6276 3269 6442 4353 5403 2398 2356 7319 5994 2269 2307 5307 5669 1964 6259 6637 1598 3435 7191 1248 7960 3934 3547 3972 4042 2984 5525 7810 9181 5333 2615 5558 5229 7938 9247 4451 5902 8315 6379 4794 8559 7748 9425 2846 8617 4816 2728 5947 6142 4639 2506 5559 4163 7610 3431 7656 1783 4231 3744 4364 2183 4480 8456 2743 4181 7846 9282 5258 8324 9259 7150 1933 8822 8595 4847 5924 8950 2386 4421 7620 2521 3964 3375 3560 3710 6930 9352 6563 9127 7040 4848 4135 5597
2641 6249 7378 9571 2154 3527 3144 8158 5291 9777 6592 5168 3830 7412 2068 1925 9967 4484 6851 5036 4814 4243 3430 2556 3179 1585 7996 4732 5560 5984 4529 9486 2028 1707 2575 5054 8891 1904 6333 2960 9844 3232 5946 7833 2003 5898 4015 7757 3398 3157 8015 1462 6354 3600 8875 8259 1546 1508 3688 6216 3141 2418 5159 9045 6793 1617 2351 5104 2992 9507 3743 2587 1668 1745 8473 6479 3035 8494 3878 9009 4765 4539 7531 1946 8577 6227 1402 8833 3382 8409 3636 5506 2308 2129 7259 8282 1441 1921 1495 1687
6729 8540 8245 5915 4524 9836 2160 9282 9893 2551 9667 5629 2784 2232 3960 6815 8384 2459 1063 8970 8048 6356 7132 4961 2226 6194 9394 3072 1951 9618 8201 4449 3409 3162 3752 7098 4548 1191 7570 8484 5728 6759 8220 4086 4546 5799 3681 1417 1433 1283 7058 8301 9798 8770 1538 7920 6245 2629 9479 9571 9786 1343 2833 3650 8186 6329 4586 3291 4370 7965 8908 3585 4202 7446 6322 2547 7750 5310 2644 1314 3508 1484 9475 6243 1236 5329 3522 9351 4032 8716 3548 5704 5394 8724 7038 5925 6152 7744 6321 6959
6759 2908 1586 1347 8735 5416 2270 3673 5131 5941 4740 5365 1448 1497 9341 8066 1770 1592 5089 9766 7124 5708 1914 1801 6704 4093 8136 3002 1543 6369 3118 3949 4952 3069 8588 7715 2056 9825 2203 7807 7681 4371 9862 1378 8308 9930 9807 9964 5442 5656 8467 3181 9526 6060 1514 5805 9749 1095 8857 6375 2647 5518 7533 5195 9492 8207 7223 5068 8618 3711 4770 5124 5958 3824 5644 2458 9487 6195 4833 8903 9568 9294 1141 1168 9139 1978 4622 3721 6035 3221 1953 5233 9146 3208 5584 1007 5824 3272 8863 9794
4922 3580 1870 6306 3952 5780 2013 6922 7334 2131 4841 1734 3760 5043 3444 8836 2777 9422 5753 3740 1610 3973 7052 4401 3072 7542 8270 7854 8970 7285 6599 8748 2304 7282 5946 6723 1613 9469 2355 1841 5043 3970 3680 2867 5431 3412 5130 2193 1065 9768 5180 1917 8712 6526 3608 5169 1713 4763 1299 3408 8924 6173 3789 2711 1620 9116 8380 4641 1737 4424 4686 3317 3395 5603 3612 8158 5693 3698 4366 8298 2073 9992 6626 9952 8358 2511 5036 5007 5037 7915 7506 2477 4266 4076 2233 9516 3518 9075 6650 7949
3721 7212 4117 3640 2313 5379 9889 8788 9746 7712 2921 9871 4643 7577 2181 6296 9581 1418 5876 4574 5071 4442 6260 4200 3916 6306 2734 4451 7337 9644 4068 1991 8422 7470 8272 3296 8970 3530 7517 5856 2946 3817 8769 7348 2186 1444 9773 3931 1814 6910 5523 7779 4292 2832 7925 8123 9558 7628 8928 8361 7190 5465 2345 1016 5674 3966 6930 6226 2775 8671 3602 5068 1241 9495 1409 6305 5314 1099 8396 1833 5022 1626 9821 2660 8730 6198 4255 2058 1499 8197 4807 4128 5146 1275 4860 7612 7480 1851 3309 2540
5215 2091 3496 7934 3719 1786 2817 5766 1308 3720 2481 9779 4787 6153 2869 7747 6798 8058 4118 2398 4013 2499 2348 7998 6745 5356 2812 2374 3038 7380 9438 9423 3004 6529 9847 6896 9862 3036 2327 3742 2616 6054 7397 9861 6905 1047 5965 2127 5587 8736 4633 2242 1374 6540 9064 4604 9326 2718 9545 8273 1760 9993 6873 9483 3806 3946 2340 1752 1271 4261 2897 1134 4249 7186 5208 4825 6909 8236 9465 8971 5539 7161 3008 8460 5937 6730 1666 5018 9102 6611 2394 9936 1289 4846 8886 3572 9861 1739 4087 5487
5481 1948 3466 3988 2733 8724 5101 2182 2891 8276 4935 4465 1536 2718 1774 3009 9949 2129 6333 8045 8142 1509 9740 7951 1579 6827 9553 9398 3318 7223 8586 4052 4523 6036 1424 7521 6706 5535 3764 8411 8732 5749 2969 4512 5729 1694 9696 3194 4782 2888 5145 7121 7668 3734 9682 2656 9176 7066 6391 4670 9279 3439 3730 2098 2386 9231 9829 2574 8595 7705 7306 1543 3181 9132 5576 9757 5746 8138 2450 1956 1444 3266 4773 3908 4981 7410 8810 7181 4301 5569 2683 5262 9179 5721 2392 4706 4230 3614 9293 8338
1968 4623 3935 5257 9201 9215 9679 5285 6358 6938 2551 1325 7357 8938 1988 9001 7967 2538 8996 4757 5163 3958 1123 5552 2884 2519 8811 9623 8393 9883 9407 5187 2784 3158 8138 3733 5586 7285 5320 9876 5653 1505 6035 8257 5162 5988 5896 8540 4277 6678 4664 7119 6078 7305 4413 4077 8470 7815 6246 4781 5873 4735 6219 8934 8813 2045 5986 6484 6503 9820 1736 5663 2360 3587 2455 7570 1278 5292 3490 4024 6137 5330 8995 8047 5117 7017 4694 5220 3799 2446 7195 1524 2145 1250 4232 7284 1386 5982 7320 5420
6168 7093 4257 1637 3945 2457 8014 6263 9595 7187 5411 4382 1276 9129 4793 1150 2539 6958 8832 4821 2579 2199 6843 8803 9735 1778 3557 3139 8587 3077 2428 3247 6117 8768 2698 7491 5489 9634 3480 2975 7415 1156 9034 3067 9533 5384 6308 3307 7526 9087 5132 1347 3430 7174 3062 6709 8428 5545 8229 4145 9348 7032 4414 6116 8142 1139 2997 2023 5041 4081 4345 9952 6154 7665 3339 3437 9058 4804 7944 5226 5361 7333 3974 6262 6685 1501 3309 6682 7409 3605 5797 8812 6338 7411 4092 6538 7961 4465 1323 3114
6357 9457 2357 1216 5806 3797 5260 5731 8426 3300 4279 5166 4473 2105 7137 8983 7147 1498 5479 8388 5863 1332 6693 8520 7378 2992 1972 7120 5257 2509 3703 7216 3330 6463 1992 4649 8389 3427 9447 1319 3996 6789 7208 4247 8536 4708 1475 7942 7029 9102 3604 6620 3948 7756 2532 4726 3489 9158 4334 2975 2073 2123 1875 3801 6132 7529 4571 3286 6426 5887 9231 2797 2388 3671 1813 7863 6274 2172 1944 3558 2675 2639 4580 8242 1297 6875 5960 1892 1454 6093 2379 6632 4085 5847 2573 1517 3657 7238 5496 7941
9197 7429 9187 3768 7935 8578 5765 9834 1292 9548 5678 9680 4448 5856 1858 5345 2382 7302 1320 5339 2930 3759 5158 3975 9668 4396 7490 5062 4517 7877 1678 8484 2132 3531 3557 7197 9936 4946 9812 2230 5519 2672 8019 1427 5118 2043 7707 9266 1758 7276 5715 4972 3521 4419 4023 4873 2882 6199 4598 9333 5491 1867 3130 6361 8676 7319 5120 5638 9100 3811 9358 1727 4997 9626 3970 5792 6958 2721 4913 9134 4410 5099 9432 7811 1674 1503 9164 6576 1763 6678 6752 4347 3142 9053 8280 9776 6728 7778 5086 2354
8898 1206 8094 1345 3924 1479 2083 3270 2178 8414 4757 8468 6605 2832 3820 9752 9071 2034 5986 8863 3561 6522 9718 6187 6576 9477 3061 4782 1897 5075 9341 6454 7900 3969 5504 3779 6364 9517 1944 9715 2501 7276 4414 7191 4414 4885 7266 1693 6575 2204 8774 4969 3675 5330 5513 7573 6055 1897 6355 2798 3339 1028 1725 4334 2224 8287 4337 1717 8969 9678 4639 9865 2013 6438 5739 2097 1714 6272 9641 1164 4863 9904 8334 9470 2429 3051 1065 6620 8323 8104 7614 4787 7940 3232 3400 2144 2370 9976 2303 7918
6389 8474 8594 3238 8318 7208 8564 3216 1269 9418 2239 1121 2914 5015 5644 8712 6337 9080 9854 5590 3015 8406 4033 4806 9988 2017 2672 8962 6368 3550 7663 2250 8586 9085 7018 3473 8623 9491 6164 4844 4495 7745 1290 8332 2617 6363 4316 1521 4947 7783 4907 1022 7703 8729 7952 3884 3342 8646 7975 2875 9786 8186 6680 9917 3110 1314 1168 2313 6229 9773 6997 4725 5269 6328 1379 9794 2165 5882 2026 1560 6242 5037 5689 1757 9032 3461 6415 4920 2251 2795 2883 7942 6413 5228 3158 4046 2240 4480 4027 7618
9775 7147 6238 1603 8943 8069 9620 5954 1691 4725 6316 4756 8421 1848 6528 5667 5164 7872 7685 5355 1763 7317 1669 2639 2525 5179 9632 6003 6583 1378 6022 4012 5394 4928 9018 2063 8580 4870 1996 5232 4332 2180 9149 2119 6933 9239 5751 2684 7645 6994 1354 9781 1382 8928 5535 4592 9978 7465 1879 8026 4811 2258 2779 9006 8359 6667 2013 4129 8116 5592 8214 4553 8015 5964 5331 1152 5296 3324 1856 2018 5484 4311 8601 3232 2204 8184 4046 7485 7604 8848 1271 5603 6965 7439 8045 7391 3379 6555 2134 4042
4666 3554 6240 9628 1498 1737 2736 4119 5245 7215 2395 9953 6686 1906 8352 6904 6722 4824 5578 4505 2738 5427 1406 2762 7497 3410 4302 8158 6376 4368 1938 2890 7188 3028 7385 3854 5003 9859 9891 9073 7031 4195 3001 7155 8055 5175 3573 4458 9148 9717 5969 2481 1943 8799 3064 4762 4647 2889 3727 2336 6079 1221 9951 2404 7084 6495 6230 1884 6447 9572 6001 8195 5776 9239 7529 2267 3593 3254 3437 9354 3617 1086 8040 8219 1402 4955 3528 7699 6189 7945 6959 5811 9335 2972 9520 5215 7365 6880 1608 3887
9260 8317 8357 8704 3691 1179 8451 3304 7308 6728 9935 9705 2440 7443 2478 5635 4612 1963 8686 6008 1995 6866 5042 9013 1901 2044 6490 4459 4546 8377 4741 8841 4282 3093 1712 7783 3100 5563 2181 2357 3821 8332 8744 6179 3961 4628 5110 2913 6864 9806 4557 5487 3065 8417 7838 8682 5216 7430 9863 3870 7125 8316 4949 7897 4983 4653 6350 7895 2710 8328 5314 7347 7972 1536 5286 7148 7213 4769 4436 7095 9613 9099 5174 3358 9922 9693 2843 4134 8191 7677 7451 2826 7331 4331 7352 6542 8669 7680 3549 1488
6804 2947 9393 1741 2611 1735 7986 5060 1555 5795 3837 7679 2156 5967 4050 3143 6893 2793 7433 1636 4729 1725 5105 1587 6829 5112 2864 5227 6733 7034 2880 6284 7890 6104 3754 3756 2107 7252 7509 7161 4858 4239 2467 8828 6675 9658 7272 2866 6165 1172 2298 4082 3308 8816 2377 5287 5473 9061 3465 3046 3925 3730 7089 7117 2919 9592 5769 8667 7314 6336 2097 8877 8691 5829 1335 7069 5916 1322 6019 4258 1133 4418 5132 7912 1988 3633 6258 3603 5072 2257 3577 4770 2229 1149 5720 2982 5483 4730 3764 4910
9242 5533 2469 4537 6493 7233 8311 8344 3453 3166 5146 5769 6871 7702 2226 2042 3366 1612 2373 4992 7427 6774 7578 3800 3821 2540 9575 5301 6589 9479 3401 9629 3011 5097 7693 5099 5842 7665 1660 8703 2939 1974 6549 4215 9901 7069 7479 4014 8953 3519 6366 8612 6864 1372 3728 4159 6280 1068 2748 9679 4022 7225 7260 9939 1370 4175 2720 2226 1973 4303 3772 2860 2488 3303 1530 3039 3747 1488 7396 7399 7907 8109 7585 3382 6075 8460 4249 1000 7465 1015 2665 9990 6434 2717 6344 6420 3349 3189 5197 6386
7282 3178 4250 7684 9656 5024 9909 6232 7187 2102 4938 4568 9650 1967 1011 8485 6789 3521 6019 1322 1945 7962 2724 5691 2188 5637 1182 5384 4359 6079 8774 1399 1260 9803 9401 8976 6347 9128 2728 2041 9512 1753 8588 8640 6681 1546 4698 8695 3150 8658 9111 6268 6076 9232 4818 2973 8927 7048 9683 1773 8938 6126 1683 3377 7274 7479 3974 9583 3414 9933 4127 1978 5362 7328 1741 4252 2940 9797 8066 6249 1852 2132 7307 6371 5642 8163 5481 2965 9213 7954 2059 6754 6838 2197 1956 7603 5852 3184 3515 1373
9734 2563 7320 2561 3470 5934 7492 6599 9698 4138 7285 4477 7446 1999 9892 3823 5326 6969 2049 1638 8973 9907 5395 6522 2016 9130 5417 5315 7367 6161 7080 1229 8862 3420 9203 5400 2836 5640 2368 5728 7013 5155 9657 4765 6936 3515 5660 3115 8021 6131 9138 7336 7560 1970 1920 9816 5228 4783 2865 7893 7634 3066 2519 6843 2261 8951 1627 5045 9500 9541 8136 1738 4709 9598 6901 7981 5355 4048 5262 4222 2544 5239 7440 5812 7198 8756 8633 6906 9850 8663 9630 1407 1555 6407 3728 6447 6710 2047 5254 1452
7851 3523 1752 4494 1009 5208 7725 3650 1134 6325 8636 4764 5442 6253 4927 5864 9495 7434 6211 1468 4389 7481 5428 8981 8070 6078 7293 8432 7608 2675 3182 9914 3822 4735 7824 2013 3674 8017 6763 2136 7868 4661 3140 6513 7369 1669 4298 6096 5968 5565 4105 1438 2910 8810 1539 8510 1068 5925 8561 2963 5045 5228 8140 4197 8998 6879 4629 7535 5264 5947 8468 9677 7722 3021 8253 3891 4095 6710 3138 9493 3563 5689 2306 6117 2730 6526 7357 5937 4575 4547 5160 9480 1798 2236 7048 6696 9704 8980 9955 4921
5697 3924 1753 1690 5904 2096 7479 9747 9945 6713 8194 9282 7188 6788 8581 3978 1091 2411 6906 9569 6553 7033 8773 6025 6139 7470 9864 3443 8497 6128 4474 5191 8922 3539 9116 6359 5415 6673 6178 4091 5471 1276 9328 3172 8706 3039 4662 8351 2560 7222 1304 8672 9283 4821 9183 4578 7738 9527 1108 4032 3092 3823 2199 1869 6452 7508 9426 1497 4811 8081 1303 5950 4079 5358 5582 2529 4986 2926 9537 9976 2706 6343 6253 8381 2720 4064 2445 5705 4766 2841 5890 8013 9611 8153 9799 9538 2449 9265 3394 3169
7693 3543 3315 3969 3586 3968 6895 7476 8616 8627 5203 6369 7975 8204 7230 9704 9532 9462 6423 7571 3262 9164 2814 9891 8673 3724 3398 2360 4625 5427 4231 9698 4208 9736 3886 2272 5508 4851 2857 5372 7595 1599 7901 9371 1511 6073 7038 2351 5505 5124 2906 5417 1050 3463 9405 1662 5833 4382 3901 6596 5835 5349 5217 1592 1495 2661 6667 4670 5850 8336 2477 9659 1725 4419 6435 4097 4695 3187 1017 6077 4521 8829 6072 1626 3358 8212 4477 5188 9266 2619 2827 3251 8608 4924 6425 7403 1085 3709 6902 7578
9262 2804 5227 2697 6598 9412 8429 3080 6844 9906 7018 4043 3781 6094 4276 3926 9748 1898 2498 9371 1135 5713 8009 8247 2184 7326 7505 8207 8124 7198 7585 6926 6601 7662 1436 4835 6596 2527 5165 1858 7825 6393 3690 2943 7732 3615 1028 7835 7019 8765 2175 7155 4928 6728 5611 7634 9386 9684 6156 3166 9142 3608 7934 9851 6466 4115 5844 5963 5489 1363 1949 4412 1313 9922 6491 2361 5921 6815 1693 8435 8076 7582 3010 9923 4756 5395 8442 1674 7974 5878 1349 2349 3084 9869 4531 9992 5156 9529 3569 6790
1531 7612 5719 7550 4178 5420 1577 3300 4406 8108 3771 9823 1103 1498 3668 2186 7965 1611 4224 2390 9355 7312 3091 7172 7916 8586 9568 8859 4820 7907 5243 8907 8122 7093 5870 4716 5900 2636 7203 1579 4619 3523 7436 3854 5647 8371 6299 5657 5808 8902 1141 4918 3202 9454 5653 1727 6282 3729 6738 8796 1462 4983 2778 1887 4186 4748 1387 6544 9234 9760 1499 1464 3989 8164 8534 8024 2474 8247 4342 7492 2649 6505 5211 6271 1827 8964 5157 9370 5308 3980 9342 5364 9726 5247 7151 7214 9282 5007 8887 2248
2941 2674 5000 1570 5751 4997 7014 7947 4733 9833 7583 3862 7377 4432 8062 4329 6393 2219 5107 1701 4305 1945 4931 2423 7919 5856 4633 3464 8567 1371 1659 2139 3905 2558 1185 7931 5552 7914 3799 8154 5103 3934 1063 9482 3283 8957 6360 6844 4998 8083 1180 2286 9896 5715 7088 6503 1324 3110 9406 6449 9821 7170 2298 7706 8195 7030 3255 8063 2120 9419 7861 2729 2846 3407 5140 4065 3940 4735 1287 3958 7389 2051 7761 8154 9377 8525 8460 1457 2436 5337 4261 9505 4681 4336 7581 2244 5971 5890 5051 2824
4036 2961 5607 3134 5905 3794 7358 8045 1105 1356 2109 1226 3212 9505 2827 3653 4723 9120 7374 6705 7207 8833 2023 4671 5918 3061 6993 4476 2707 4116 9463 7352 3108 4794 4021 5600 7800 1965 5860 1392 6182 2606 1432 6573 9277 3526 3333 2758 7601 2759 4326 6856 3024 1054 2690 8381 1942 3373 1243 7790 4836 3752 4663 8440 7765 6826 7463 3169 6603 5294 1400 4819 7765 6370 7379 5610 9961 9212 8173 1753 1268 5379 5487 4356 9396 9395 8190 1651 9602 7036 5423 3206 5551 9121 3158 4940 8569 5923 5696 1123
4952 2695 6546 5079 6920 5275 3776 7306 8251 7280 8343 7200 5446 1977 2490 8104 5151 9311 4560 7966 9214 8804 7438 9571 9451 9240 3401 5500 1102 4605 4060 3092 7811 2505 7121 9905 9206 9806 6741 5014 7540 7952 9516 4348 5068 3090 1556 3122 3961 1929 7385 4567 8849 1525 3979 1310 2783 1958 2648 4071 3612 9001 4177 5408 9006 1292 6457 8820 7440 8179 5220 2312 8144 1011 5438 1326 3017 3478 4104 5864 3026 1038 1627 6378 4276 4049 2839 2720 8896 8014 9485 6776 2878 1788 3881 6736 3064 8514 8653 9041
2454 1216 1466 3375 5762 2779 8937 7239 7310 3322 3197 4384 8394 9234 3909 6406 2461 6274 3865 6526 4289 8420 1637 4824 5450 6192 4145 8804 2482 7642 8304 4559 1000 9454 7607 6795 8473 7458 7754 5782 1131 1526 9304 1435 9433 6234 4078 8477 7019 6368 9230 8704 8729 5052 7320 7461 2548 6479 2537 5253 7579 1195 3858 8719 3594 9406 5883 4513 5185 9008 1235 6003 1448 8297 5009 2464 2587 9346 9289 4513 1121 7577 7114 1395 8039 9255 3673 6246 9850 9488 9058 2373 5019 5669 9449 4787 5806 1515 3015 7765
8800 9510 6477 5669 4817 1911 6394 9895 4321 2218 4983 1986 2305 6701 6332 3273 3040 4183 8368 7892 6424 6746 6133 4661 3871 6657 6657 9087 9660 3304 3350 5911 1717 2184 8127 7283 8591 5944 8932 2925 9326 8682 3835 5355 1091 3914 6366 8959 2278 9725 1490 9437 9865 6980 9967 2828 9634 2122 9734 8839 1060 1463 2747 4051 5042 1524 5471 5313 2002 4175 7244 3330 5152 5522 4575 8610 7626 3083 3868 1279 1242 2733 7159 5425 9279 6374 6699 9209 4474 2075 1403 2180 9439 9145 4380 2774 9087 8240 9654 7607
6510 4328 6070 1868 9263 2830 7837 2746 2423 4703 5725 5103 1276 8306 5962 8501 6431 8230 9196 5648 7897 7891 3648 3435 8168 8266 7117 1033 5688 5864 4207 3576 7832 5678 9858 3031 3892 1587 5977 4950 7136 9364 7051 1986 6895 6261 2800 1952 9402 3275 8682 2496 7911 9066 5752 4437 3203 6698 3426 1577 6259 2447 1521 5186 8622 3337 8849 5555 3955 4154 7736 4280 5929 8581 3443 8594 7138 8993 1540 4060 1688 7253 9683 8285 2232 8991 3314 3018 5042 3344 4112 1708 7184 3004 5006 9260 4134 7091 8004 7781
2581 7904 4669 2277 8146 3539 3751 3835 5750 3742 9042 2674 4967 9386 7653 6594 7468 5710 7332 9649 9529 1031 6405 4960 5077 2177 9009 5803 4996 4639 4324 8045 1119 8726 7319 1588 6728 4027 4607 4839 6689 9759 2685 1124 3468 7507 1450 2403 5847 4948 9911 5337 5105 5733 9692 1786 1931 8887 7556 2000 6342 4092 2481 8553 3189 4378 6608 4813 7503 5060 3496 7954 4781 8842 6722 5367 2979 7787 1365 7532 5458 2225 4157 5105 2404 4275 5663 8581 3823 7516 4991 3423 1727 4758 8948 8361 7985 4684 8018 9492
4725 7911 9593 6976 9828 1055 7033 7607 1642 5489 1186 1564 1178 8192 9562 3321 4415 2595 4600 3762 8247 7184 8309 3665 7272 6154 2164 4512 3606 6636 6495 1632 3796 9282 6902 8772 3183 4932 9080 1026 8883 4151 3007 8695 5119 9043 1984 2759 4138 1467 5162 3763 2639 8862 1942 8485 8571 3479 1028 6307 3129 4067 8171 2814 3200 8376 1431 1264 6817 3276 6292 5297 3272 3453 1373 7359 6966 8290 2076 6563 2767 6971 5001 4984 6746 7456 2244 5266 8289 6051 8466 9618 6397 3634 4980 6103 3876 2910 2233 1239
4836 7923 4957 8532 3714 5939 9216 1789 4179 2768 2381 2416 6107 8976 2959 5242 3161 5906 2965 7637 6389 4308 5066 1218 8626 3104 6637 2473 2504 5444 2279 7894 2519 1548 6568 6336 9392 4041 3153 9633 7335 3565 2128 8122 5953 3696 2373 5637 7998 5279 6643 3850 5627 9450 4837 4506 9796 6998 1015 2489 6299 2649 1783 1807 7873 3705 5272 4518 4463 5903 8217 3449 1722 3091 1091 7226 2290 1787 1493 1778 6074 3231 4707 4044 5164 9425 3136 9538 4859 2288 8578 7134 4870 3157 4918 4733 3222 8076 1062 1493
2682 2997 2162 1057 3710 7457 8857 8716 1903 7377 6335 5216 6601 7211 1779 8522 6507 1756 7371 7697 1117 8370 9788 7256 5899 3705 5606 9528 2003 4992 2857 8953 8172 1835 6363 1670 4009 7774 4195 7691 9474 3930 3864 4089 3780 5550 2391 1430 3142 1914 1765 7642 7093 4446 8615 4232 4648 7513 5409 2976 4446 3026 8535 6939 6278 8559 4108 6869 2014 2324 8437 8230 8786 3732 8614 5151 7050 3527 6181 5720 6745 4224 3384 5745 8879 3959 5198 5306 9066 8717 7161 4780 6893 9784 8005 4778 9923 3921 3161 9466
4269 7760 4177 7186 4765 1409 9423 8392 3306 7847 4054 8721 2024 9701 3283 2853 9724 2781 2712 9576 9423 8463 2714 2649 3639 5448 9019 5277 7644 6817 7539 1645 9131 9820 5824 9367 5506 2672 7561 1527 7592 7949 1070 7522 9920 8164 5434 7481 4588 6546 9365 5000 2482 4129 3593 4003 2729 1532 2583 2829 8772 4230 1472 7389 4739 4225 4395 8249 1289 6001 9904 4438 1303 8651 8310 4013 2384 8226 8365 7245 4441 2648 7405 3761 3347 5311 7134 6977 1218 1651 2968 2025 6469 7799 8415 9179 6307 8091 1119 9697
6147 3228 2326 5843 8303 1874 2268 9528 2942 8110 8482 4179 1110 1158 4782 9595 8670 5189 9587 9013 3952 2290 7102 4317 8138 4775 6486 9092 8813 7979 2740 6445 5799 6582 7415 2224 2923 3974 7182 5908 8021 1615 8490 5483 7572 7849 6878 7666 7598 1674 8062 7927 8304 7278 5818 8274 5045 8409 6348 7781 8215 8308 4778 8626 3392 1618 6639 6535 8078 6379 4613 4227 8012 9072 2037 4155 5761 6717 9013 4144 3080 8888 5272 4964 1788 6990 9038 5792 9334 9517 2089 5279 2045 3389 3198 1755 2360 1980 2967 5779
4751 1749 5488 6260 5706 6413 6684 4221 6414 4947 5758 7296 4578 2849 8333 8290 9659 4719 6961 3985 4297 4356 7547 9483 6001 7492 1010 5594 2564 1842 1847 2518 5565 8046 2695 8747 1323 7719 1999 9295 9473 6649 3376 4386 1206 3859 1171 8728 8903 9915 2150 5221 6465 6196 6201 2483 4845 3541 4052 8873 8329 5783 9444 3676 4788 6075 9321 8736 6324 9144 6914 2894 3499 9979 7722 3880 3570 2736 3097 8989 9546 1276 6681 2407 6305 4529 2708 4185 9731 6996 3188 8056 4260 8055 3499 8889 1223 7089 3642 6726
7949 3307 5951 5388 2460 8480 6400 4826 8610 5982 4006 9635 9407 2013 2574 9438 7324 9598 7401 9796 1525 9382 9518 2578 2438 5415 8613 2337 8931 5118 2501 5084 5857 3753 5089 3744 9353 9292 5376 3367 1443 4321 2334 8007 4458 4382 8742 6339 4951 2442 7728 3713 6747 8583 4282 3321 4990 8734 9783 5892 9634 6554 3791 6481 2200 9027 1632 2811 2511 6636 8082 5135 3937 3834 1682 9749 4737 9916 4417 3718 9301 9078 1731 9588 3593 5177 8840 2125 9913 9284 9917 5982 5465 1816 7753 3767 7463 2366 5259 4312
3208 5291 4043 3045 1521 7660 2307 5965 9529 4135 4509 2636 4176 1365 5665 2214 9321 8115 6985 8286 4623 6881 6660 2242 9487 6712 5043 1463 9349 3088 9163 8760 9016 9978 1034 5126 9088 4373 5988 6234 1702 5909 3400 9300 7436 6987 1901 8579 4427 5483 7892 3763 5232 8444 6624 1821 9231 4226 4930 5143 8766 3602 4503 3786 5341 9763 6387 6241 8539 7159 4463 9104 7811 6645 5914 4057 7394 7246 6506 6134 2797 5678 3253 1323 2038 8367 6617 3036 3792 9083 2225 4781 5664 2079 7471 2010 8529 2358 7268 4555
3091 7752 2405 9865 8084 1988 9913 1668 2552 8905 2102 7310 7262 1712 3984 5203 3727 4848 3557 2436 6992 4657 6473 9150 8441 7710 4838 1553 9625 8776 9412 2072 2355 9090 6146 8343 8855 4369 4532 5202 8615 4946 5336 8123 9255 7321 9466 3586 5527 1839 4625 2467 5521 7011 9953 8014 6418 9793 4190 3310 4493 6226 8124 7718 1913 6535 4069 5712 1668 8237 7687 5189 4662 8676 3039 3304 6095 8081 3882 8076 1810 9063 1628 3543 6065 7720 9849 3136 9767 3314 4560 6446 4664 3307 3047 2963 7195 6594 4326 7210
4314 6513 3440 4029 8191 3824 3355 9749 2991 2644 6306 3911 2762 3120 4293 1441 8429 8600 4085 5146 2840 1013 2262 1611 4989 9168 9941 9775 8177 1344 4051 3382 5846 4224 4796 2669 9229 6938 7162 3386 9251 3905 6641 8337 1806 5481 3028 3105 6995 3208 9830 8252 5709 5450 5925 3230 4208 9245 5023 4426 6741 8738 9678 6910 9463 8585 7618 2353 7096 3964 8620 7700 2605 9985 2682 1740 1297 5747 1730 7246 4911 7992 7117 3395 1340 5881 8210 7943 8244 4358 3989 8586 5975 9105 9758 5960 6887 8190 6995 1390
9852 6255 6783 1076 1213 3582 1260 4115 9607 5476 7957 4933 2755 2855 2073 5268 1551 3477 5895 5480 1233 9098 6822 1016 7333 1166 3951 8702 4124 3149 9464 7120 3061 2138 8075 6136 2268 5673 7484 7761 8735 3489 4959 9147 6920 6548 3273 7934 1330 1900 5576 5124 7802 5721 2856 2375 5109 3968 8609 8418 9096 9762 3007 2320 7692 5975 4514 8885 5804 2692 1598 8388 2791 3011 8477 6716 8477 7196 7575 8667 8581 5723 4461 2593 4304 5422 3232 2199 9631 8846 7049 2209 6321 1609 1059 8371 9587 6857 1994 6413
4123 9309 2331 4643 1194 5741 1550 1783 2119 5547 4744 2807 4144 2349 5539 5760 4951 7451 1372 6480 2923 8056 4310 3442 4593 2072 5761 7369 9316 9925 8624 1241 2352 3878 4544 5677 4633 4835 9895 1887 8513 1698 9983 2678 6279 8791 8407 3202 9239 7239 8296 7321 4271 6971 6022 3635 1613 7599 8810 7786 1566 5615 7746 1112 2856 8423 6799 9725 5124 4209 4645 7217 3053 5983 3620 7558 6787 1883 3822 7398 7820 2322 4022 4461 3710 5219 9362 5453 4879 5614 4154 6897 5915 7246 6760 5820 8295 2104 6036 1820
8428 3978 1532 2010 6897 4856 1084 8103 2399 1861 1659 2276 6777 4468 4129 6431 2293 8033 8115 5465 8688 4809 6454 8712 3794 7321 4983 6161 6210 3763 3831 1495 9306 6736 4460 5038 2898 3444 1876 5706 7194 2242 5595 1331 5560 8757 1343 2628 3715 2857 1448 2573 1696 2245 2541 5121 6177 8630 5961 9062 5398 5425 2423 2089 6756 9935 9869 5888 7740 1265 4313 5202 6324 1876 7578 5881 9631 7391 3401 6839 6177 6139 5283 7740 9580 1578 1680 3481 4685 4514 3064 3864 8634 5780 7896 1055 4453 9304 7347 8455
7764 1663 8145 3718 8356 7268 4366 6039 7384 6710 4386 5477 8115 9917 8268 5562 3665 2841 4097 6403 4729 1976 3346 6166 9496 1664 2639 1195 2242 8134 2078 8669 2682 8642 1603 7585 1027 8306 7919 1423 6061 4094 8015 8281 6002 4885 1781 2377 4337 3573 5038 4949 5419 8011 4044 5258 8714 3351 2081 5699 5027 2203 5363 1962 6028 4497 8202 4990 6077 1602 6740 8925 5178 2381 5472 8802 4528 9991 4304 7790 5100 7804 4370 5045 4248 9228 1427 3963 7871 6931 1259 6056 6465 5520 7522 1030 8596 7154 4859 3753
3461 3810 2346 1571 8248 2697 5255 6075 2097 6020 2373 5360 7469 5333 6078 3427 3469 1088 4166 8171 4434 8657 8756 7040 8303 7958 8522 1628 2308 1952 6015 7258 5362 1879 4027 2403 2028 2590 8733 2090 5936 9009 6820 8408 6287 1384 7693 1606 5928 3871 8854 4438 7915 3152 9834 5150 6211 4293 4991 6185 4267 2607 3485 2073 8350 1602 9685 4171 7937 3826 7146 1737 2364 9745 9293 9423 1512 6640 8233 8727 9729 1655 6383 7074 1950 2361 8967 6262 2803 4392 3096 6056 6314 4473 5826 6747 1281 6196 6488 8446
4663 3305 2418 4353 5513 8341 2686 1994 9176 5420 9212 2136 1462 1437 2110 8526 9419 8547 7211 8288 4440 5063 6781 8542 1310 4631 5088 4892 3565 5444 6198 1371 9726 7550 2787 9847 8023 2802 1125 6336 4098 6026 6876 4223 5079 8216 5063 9649 3407 4994 6103 5634 7808 4627 3548 9749 3541 2634 4760 1136 5876 5591 6774 1022 6836 7863 5886 1183 2803 4404 8345 2329 2391 9614 7792 2630 9584 5125 1792 7431 2336 9842 4776 8073 7313 3891 4316 1754 9596 3968 8916 4255 1950 3494 5537 2326 7111 5491 2065 7582
5633 9657 8657 1317 5996 4328 4789 1621 1878 6189 2467 9999 7335 6213 3238 7599 5220 4473 7694 4609 1658 8662 6629 4807 1141 9862 3204 2107 4038 5405 6686 7405 2212 3047 6150 5766 2624 6320 4443 7868 9942 5380 5166 5989 8942 1264 5849 6686 6724 9811 7624 4248 1363 8167 3447 9290 1462 2389 3934 8464 8644 3342 8435 7897 5000 6485 5183 9156 5826 5677 2019 8869 5046 4310 6783 9401 4325 2409 8831 4032 6578 9719 1242 5184 8559 1700 9353 8241 6724 4779 4004 3693 2638 1066 8561 5986 7885 9569 3499 6420
1845 1736 9264 8225 6856 2960 6047 4158 7053 7096 1654 4252 9250 2567 7607 6417 9128 9946 2495 4987 2224 2446 5876 5131 1481 6997 9658 8207 1475 8421 7974 2010 9378 4745 8855 4863 2724 7204 6583 4693 9703 5055 1964 4036 1280 2234 3370 9033 6458 7335 5795 7919 7615 8197 8093 4061 9353 6518 3740 4959 3493 2669 2345 3611 4348 3844 7494 9748 7309 9940 3867 8637 4627 9032 9503 9769 2915 4772 7852 5275 4921 7899 1758 4136 6660 5779 6633 3801 5128 4516 1377 4603 9698 6957 8953 3574 1570 9246 9060 4363
88 39 907
76 13 897
3 15 271
72 44 820
25 33 475
81 66 793
97 90 564
46 61 839
42 3 986
3 0 649
91 88 888
75 74 424
22 1 282
97 88 433
43 86 307
86 68 155
10 78 958
97 43 932
5 76 132
28 99 504
43 52 734
81 94 794
64 5 208
72 36 198
13 81 533
96 55 388
84 58 705
39 98 536
47 85 482
21 66 973
17 18 316
65 31 465
63 64 310
42 3 383
61 71 650
21 33 849
46 22 730
19 70 945
10 75 618
15 22 432
42 8 673
83 59 865
59 31 394
71 58 600
8 4 854
60 25 386
32 57 208
51 49 475
23 34 707
17 31 902
94 41 843
31 2 487
98 1 491
19 72 703
31 9 413
4 9 754
15 9 954
18 19 732
91 20 915
11 99 890
25 20 977
62 65 848
35 17 952
44 83 783
16 96 168
4 71 270
70 89 133
24 90 837
63 67 303
73 60 486
41 20 199
74 60 899
63 99 577
9 38 700
24 52 651
47 56 295
71 74 170
71 5 830
4 97 250
15 93 601
78 82 157
21 97 182
54 96 417
3 27 660
39 56 199
89 78 327
78 35 730
34 26 443
26 10 401
55 98 946
36 1 784
38 74 905
5 21 436
29 53 380
8 89 194
47 45 896
81 79 580
46 59 143
66 27 707
16 76 257
4 5 495
23 77 312
63 78 969
21 8 743
43 4 821
52 13 370
34 75 576
47 89 246
57 51 690
80 16 829
97 81 467
8 73 396
61 17 577
91 9 399
91 9 433
30 9 350
77 37 907
26 55 943
94 74 383
93 33 528
39 39 879
29 81 273
68 79 189
43 75 239
87 39 770
56 37 687
38 74 362
60 58 710
97 24 577
68 96 436
85 1 796
8 73 597
94 97 186
93 37 803
16 30 601
88 36 624
27 49 858
68 87 771
42 89 571
70 69 358
76 9 825
99 78 946
70 99 979
92 83 597
84 9 483
54 58 420
90 36 369
13 42 516
84 49 305
11 95 841
71 0 371
98 86 222
14 13 970
59 60 335
44 65 284
14 38 778
78 41 177
82 74 209
50 50 218
0 76 304
52 4 166
31 85 784
97 29 905
99 53 625
76 97 791
69 18 460
70 81 851
69 17 580
41 29 884
16 26 358
47 77 246
92 76 833
38 4 628
70 73 560
63 1 389
13 29 393
35 65 490
65 12 658
72 94 343
19 93 314
17 70 469
15 3 190
54 96 150
15 10 631
19 70 947
18 62 631
61 77 205
71 35 448
61 45 370
82 65 311
39 54 910
11 86 928
85 4 294
12 2 348
23 90 298
26 19 475
39 33 478
22 85 130
14 20 232
99 64 383
36 87 779
57 47 136
90 67 452
75 41 410
83 78 588
99 24 595
90 56 624
55 53 565
37 75 825
63 72 918
23 99 741
25 28 848
68 49 974
82 8 641
89 74 485
95 11 578
50 99 103
30 70 504
39 53 941
10 89 285
7 91 141
99 15 571
8 59 597
93 55 211
98 44 434
75 34 270
28 79 369
7 51 580
33 16 806
46 50 688
97 67 310
86 69 382
63 25 941
87 84 393
27 28 507
61 66 782
85 10 765
8 60 797
48 17 762
81 45 949
81 38 417
82 5 879
19 24 817
54 34 639
99 33 943
63 88 667
66 20 749
20 40 969
64 50 519
59 30 808
77 52 580
99 36 648
11 78 300
0 54 362
11 61 198
78 96 689
58 96 643
19 44 217
97 38 696
16 23 952
64 76 622
97 69 897
97 61 188
43 33 893
90 10 251
69 47 472
74 84 552
10 24 628
87 24 880
1 47 408
58 96 326
65 1 773
94 49 263
51 94 743
48 57 545
51 95 190
57 56 849
29 57 151
75 38 693
96 48 731
91 98 704
50 20 571
31 21 547
69 32 697
53 77 149
87 5 429
34 85 193
96 24 862
14 15 949
2 16 963
99 26 707
14 64 525
76 92 521
46 79 846
23 23 688
29 43 322
21 27 734
91 41 158
69 84 157
59 53 363
44 15 590
69 33 762
38 24 919
88 57 941
98 49 837
48 9 623
91 71 761
73 24 426
85 43 851
79 49 371
92 53 247
74 30 638
39 93 959
26 95 219
48 88 461
92 70 960
80 31 370
87 46 893
92 97 350
9 42 325
60 35 337
81 11 947
59 64 693
90 37 642
31 40 972
68 52 668
86 30 174
57 8 769
90 43 153
89 26 172
91 82 314
11 32 252
46 16 224
66 32 754
0 77 680
22 15 666
18 10 540
68 94 520
68 23 261
39 50 341
49 4 170
24 98 297
82 26 176
72 40 668
97 26 389
44 48 768
65 17 505
82 9 558
0 87 322
16 2 476
86 89 827
74 56 349
91 47 439
52 4 998
54 50 952
19 91 373
13 60 103
40 83 504
85 71 999
42 35 437
38 17 603
75 46 989
87 82 111
5 25 879
30 7 344
37 7 195
87 84 846
42 54 108
4 33 652
28 72 158
13 3 609
45 54 279
89 80 613
82 70 218
20 23 621
66 70 760
65 65 208
75 7 499
23 95 389
93 37 491
58 68 303
2 79 945
85 86 821
75 31 192
69 64 598
6 50 239
81 11 688
47 81 834
81 72 664
55 8 592
6 45 592
91 96 593
96 35 613
43 49 292
8 2 700
98 97 598
3 21 396
28 63 997
67 45 182
64 39 783
54 78 254
22 63 214
9 91 280
60 14 686
77 37 183
23 62 690
83 21 193
73 37 516
28 88 404
63 98 242
28 75 926
38 79 273
16 81 148
22 43 861
55 30 632
92 9 425
76 81 934
71 66 773
60 88 743
38 12 251
71 18 921
32 7 366
77 45 422
88 72 433
28 93 590
92 0 697
39 40 509
26 62 489
45 67 443
25 50 479
26 4 507
76 30 394
36 18 969
44 60 341
75 61 909
78 26 174
77 68 590
23 75 314
80 72 505
67 53 370
13 25 450
39 28 210
33 13 388
35 78 716
20 65 506
87 71 721
10 6 854
59 91 736
87 54 490
16 81 961
20 78 792
12 20 703
2 90 613
15 46 761
25 82 377
96 0 391
74 95 241
62 52 157
73 13 364
11 44 992
32 3 468
93 34 161
36 86 390
28 39 761
74 74 364
90 92 105
85 69 360
76 63 287
53 32 160
98 86 384
3 27 320
7 41 917
39 97 587
87 5 526
1 15 185
55 35 873
96 40 781
40 93 132
5 80 573
58 12 453
15 72 898
11 16 750
43 64 540
60 12 315
8 80 758
97 97 133
45 33 761
25 96 783
89 42 176
40 72 905
50 74 205
55 83 941
52 52 120
42 89 368
15 81 246
10 13 546
42 91 870
25 53 495
81 49 486
44 33 827
32 19 278
99 36 269
84 30 736
28 69 203
31 26 791
23 41 770
8 14 437
8 44 125
48 87 347
17 3 904
84 56 738
77 74 438
51 86 179
31 49 547
3 70 154
0 13 823
77 71 570
2 93 271
98 71 590
55 27 553
77 44 413
95 29 808
18 89 191
17 72 498
37 85 430
17 75 946
67 74 747
22 22 985
15 70 601
83 92 975
50 94 850
36 24 583
77 42 721
58 26 619
74 10 676
8 32 491
52 13 762
10 90 180
58 51 579
21 68 812
26 83 725
20 96 220
91 16 703
95 66 859
44 42 890
91 91 305
75 74 814
9 21 542
6 15 946
46 78 667
36 68 891
95 54 658
70 15 504
31 88 403
64 91 839
24 71 329
18 95 821
7 70 542
14 81 996
36 68 100
25 10 838
6 97 300
57 1 716
26 57 845
63 87 588
22 20 471
55 0 503
98 52 521
39 16 365
1 1 326
23 58 755
13 23 411
25 39 117
47 71 534
61 77 980
30 67 740
43 61 860
9 15 924
57 88 385
27 22 911
2 0 524
4 59 771
30 62 130
46 78 603
99 72 437
28 41 442
36 78 176
53 12 794
45 88 702
3 55 452
16 61 116
13 37 460
12 7 108
40 49 604
76 69 187
91 84 220
97 93 630
21 35 347
59 77 366
85 17 414
63 6 555
29 37 149
84 31 779
30 42 417
22 35 780
71 56 725
23 96 360
13 98 861
46 48 257
17 49 477
53 23 232
43 53 306
54 76 506
29 29 263
64 80 765
52 3 893
43 98 884
13 62 366
7 18 692
89 49 522
81 25 150
37 85 409
53 24 764
21 55 873
79 47 101
46 95 574
53 0 141
42 7 635
43 78 164
1 85 597
18 18 177
32 40 222
99 20 342
39 18 638
32 44 547
92 48 422
74 36 558
27 21 381
9 98 645
94 9 191
68 87 390
90 69 302
40 8 196
2 6 813
71 73 213
67 55 197
0 22 527
70 31 670
86 37 185
65 1 223
20 87 149
96 0 666
64 5 823
90 31 819
79 65 390
36 49 944
9 78 321
87 25 349
10 62 871
87 99 382
99 71 279
84 13 405
27 22 941
8 15 570
81 40 892
18 13 323
91 7 689
96 52 151
22 45 169
79 5 723
76 70 322
8 45 272
56 58 516
2 14 494
95 74 233
9 46 539
46 70 613
1 87 461
63 78 928
15 67 512
50 96 842
34 96 501
23 91 607
49 10 522
38 6 885
49 92 799
48 62 864
73 85 983
9 67 353
56 69 376
22 23 771
89 71 423
37 59 803
11 42 727
57 84 265
72 74 380
60 34 571
66 95 291
96 68 871
74 30 974
84 44 451
24 23 538
69 36 660
48 12 509
96 0 649
42 81 746
29 57 573
40 24 679
32 90 409
54 83 487
27 25 368
58 38 601
64 76 170
7 69 822
54 64 207
22 5 856
41 38 122
65 74 577
69 93 869
35 48 802
23 14 421
86 84 874
42 67 637
12 55 830
11 27 928
24 57 669
82 72 623
82 24 638
4 46 333
30 52 259
84 42 520
79 87 800
51 6 537
44 99 664
11 35 669
0 72 383
3 77 925
43 19 407
19 45 843
98 34 739
40 3 788
16 94 948
18 77 615
57 25 564
86 76 776
27 73 372
17 93 380
43 52 705
44 44 705
60 74 458
1 51 802
69 14 352
98 55 146
35 24 823
35 73 946
12 15 489
33 44 691
73 42 452
91 32 804
17 62 597
94 36 853
48 52 917
68 80 104
42 0 348
2 66 1000
4 9 878
64 56 257
40 51 970
29 71 999
5 60 128
8 21 445
83 7 101
91 94 308
55 69 146
56 95 385
47 11 663
84 51 495
27 33 702
56 94 556
15 89 871
1 72 595
48 83 381
96 46 113
22 79 828
24 70 727
12 77 853
56 23 777
67 41 761
0 30 102
97 70 945
4 41 894
18 62 710
18 64 166
81 17 916
74 29 674
83 93 151
85 90 282
18 48 795
91 77 484
78 58 352
14 94 188
99 30 940
92 36 971
54 81 338
34 84 192
59 25 702
21 75 680
38 50 146
46 92 252
29 88 106
29 51 759
4 79 433
67 42 939
2 59 616
62 42 987
96 49 659
95 22 587
37 64 940
23 18 495
56 97 530
94 93 863
92 7 445
35 22 292
97 15 928
74 2 839
32 1 188
52 26 277
18 22 908
26 85 702
29 94 930
88 94 446
62 24 738
72 20 810
10 61 492
85 89 478
3 44 372
51 9 310
29 86 501
8 33 258
3 80 336
80 13 492
38 16 459
77 99 861
91 68 570
85 82 162
22 83 170
18 1 495
42 90 673
77 83 292
98 38 816
67 49 853
62 50 595
90 69 236
52 31 193
86 64 436
88 36 805
96 56 139
62 49 547
22 95 991
91 64 281
57 13 551
30 34 423
15 99 278
45 35 849
57 97 142
5 99 131
67 92 871
83 66 318
33 87 678
98 73 862
27 51 489
72 44 818
50 33 520
19 53 342
18 99 127
2 63 150
34 51 603
10 78 314
40 34 101
36 63 246
51 91 563
18 93 899
15 20 344
88 82 412
47 4 717
77 55 925
83 71 148
38 84 242
21 30 351
90 20 197
88 40 916
14 83 630
19 24 766
69 74 872
88 69 192
68 33 805
26 67 202
29 97 914
63 52 838
71 20 970
4 46 700
43 26 383
4 44 929
77 89 926
95 52 135
22 22 830
30 92 890
24 5 171
95 84 412
12 36 874
36 98 310
8 82 681
90 87 236
77 97 726
13 81 989
0 35 753
70 52 354
85 43 641
74 13 501
82 17 954
19 76 353
11 30 647
20 22 524
79 53 393
78 64 692
20 78 602
95 6 655
58 86 672
97 54 743
37 88 704
12 53 159
11 86 723
62 60 695
76 10 892
75 12 617
44 32 114
87 43 709
36 43 909
51 36 383
26 41 579
9 62 955
74 36 676
73 87 187
13 53 637
37 20 956
1 54 411
92 33 934
2 71 890
65 44 159
94 62 428
29 41 587
57 91 376
38 15 592
41 15 515
16 74 645
13 86 567
25 54 254
53 54 558
7 58 608
70 64 789
21 88 541
74 33 745
41 59 122
0 90 161
41 1 451
36 20 165
45 42 548
28 21 243
36 36 612
29 54 562
94 17 383
74 5 701
80 78 816
16 32 817
52 20 769
47 64 169
31 93 756
15 26 324
61 15 189
52 65 276
87 66 182
97 45 869
28 35 921
50 56 393
67 15 458
62 23 541
29 82 686
83 6 323
11 96 415
17 67 167
38 81 473
30 43 427
75 79 886
94 44 261
19 93 913
70 94 263
35 94 850
66 43 387
38 6 757
91 63 817
1000 4 72 40 94 690 37 94 51 94 599 54 83 64 87 986 66 8 87 98 803 34 11 70 80 175 24 81 59 97 588 90 67 93 90 646 98 30 99 68 549 71 35 95 80 8 39 39 79 65 83 86 84 95 99 877 29 70 44 95 450 46 44 71 81 476 95 76 98 79 224 74 74 79 88 196 16 44 56 65 887 88 84 89 93 546 21 11 40 86 322 35 19 71 59 664 58 51 87 61 233 50 11 70 32 645 69 35 91 93 409 74 40 78 66 250 89 38 95 93 328 76 19 83 97 770 62 59 89 89 776 81 65 85 83 524 45 80 94 86 767 45 57 83 86 336 61 27 86 85 156 83 18 92 75 824 70 38 84 38 256 12 8 26 51 194 64 80 87 81 17 74 44 92 85 864 37 2 71 43 875 22 50 47 71 710 49 94 90 97 244 59 72 94 98 399 93 48 95 87 210 9 7 70 94 510 60 59 90 60 246 36 55 40 91 402 73 15 83 79 855 86 38 92 43 651 38 81 64 83 561 16 69 89 78 580 86 8 95 58 464 96 37 98 42 519 96 95 96 96 225 21 24 73 44 486 90 7 97 78 619 40 58 85 65 845 73 31 76 56 113 96 86 99 96 502 19 84 85 99 850 96 96 96 97 464 47 95 96 96 319 71 14 81 95 69 0 77 57 90 517 80 69 80 87 425 95 84 96 92 220 11 39 47 48 877 95 75 96 97 263 71 16 72 70 866 42 22 63 67 623 61 7 67 26 890 75 56 76 99 189 10 47 22 98 128 13 57 16 62 548 70 5 74 63 579 74 58 75 75 291 44 32 89 50 219 15 75 74 79 618 12 82 27 85 636 82 21 86 31 58 31 97 80 98 715 29 37 97 96 525 15 59 36 84 328 67 57 82 67 867 3 31 29 70 193 85 33 86 84 271 40 15 85 62 500 29 85 89 91 741 38 94 67 97 347 7 55 25 78 973 58 98 87 99 165 84 78 84 89 128 35 83 98 95 108 42 8 85 53 286 31 8 94 91 716 46 52 56 89 306 46 25 53 76 852 14 70 51 89 206 83 81 84 94 706 58 14 59 81 603 23 84 61 87 692 27 22 28 67 343 45 10 51 19 426 56 79 77 80 607 34 69 63 92 201 34 78 35 93 562 49 57 75 58 411 71 23 87 71 24 59 96 67 96 513 60 75 96 82 532 33 40 96 86 482 4 69 75 86 710 11 31 55 90 336 15 23 36 28 486 95 86 96 97 740 22 50 60 78 574 92 84 93 99 693 74 68 97 99 551 86 43 98 63 466 67 61 93 68 951 57 18 69 76 681 63 59 92 60 898 50 25 96 94 343 78 92 89 95 691 65 67 99 73 406 28 48 43 92 765 45 17 99 85 586 17 11 82 78 896 66 7 74 42 215 6 8 36 64 896 56 28 67 85 91 58 95 60 97 333 86 7 86 19 573 91 17 96 63 66 34 3 45 25 796 85 20 96 69 169 20 32 89 37 839 6 85 54 88 790 42 39 55 43 582 41 72 99 94 587 50 9 69 28 92 25 66 84 67 777 71 53 75 71 509 40 41 44 55 989 82 49 87 52 448 40 85 85 92 752 25 29 45 36 531 69 46 88 48 964 53 6 91 32 166 7 78 8 86 386 72 87 82 93 141 81 95 81 95 866 95 98 99 98 651 62 58 76 84 579 51 35 84 59 133 5 9 51 84 310 16 1 91 28 86 6 14 74 62 849 5 23 89 37 852 18 15 33 73 655 93 46 94 74 695 63 15 73 82 421 72 42 94 43 446 53 87 99 98 230 92 22 93 59 698 30 90 87 96 207 52 50 56 50 232 80 49 96 96 839 21 93 95 94 63 19 93 36 94 946 71 64 97 94 240 79 5 85 32 76 72 21 83 74 197 92 80 92 89 740 67 58 90 78 746 76 87 80 97 786 42 65 50 74 553 23 84 98 91 519 4 13 42 98 941 77 10 86 51 944 27 92 28 98 254 26 16 43 41 898 46 55 75 91 404 56 41 82 99 383 22 97 66 99 135 0 70 0 84 243 9 4 14 63 857 77 95 93 95 335 43 80 81 81 199 83 25 84 39 500 93 36 94 55 813 16 4 91 37 195 31 16 59 94 316 81 68 92 97 948 97 53 97 84 277 30 38 75 66 414 4 40 76 47 668 71 93 72 95 117 17 57 52 79 648 30 78 83 90 601 45 89 99 99 930 84 13 95 51 740 14 5 83 8 428 60 35 60 99 557 2 66 11 76 506 68 70 73 83 372 44 41 54 70 585 45 4 74 52 666 22 9 64 25 224 56 5 71 31 8 35 73 65 89 441 0 77 46 95 817 89 37 93 44 644 14 16 38 85 681 54 28 55 88 70 18 0 83 42 149 48 94 62 94 688 36 37 61 57 248 89 59 92 66 550 81 31 89 58 587 74 45 86 98 436 18 80 26 87 433 52 71 53 76 408 8 70 82 98 63 38 93 74 94 52 24 18 47 82 382 34 32 58 86 558 42 87 82 96 703 26 95 74 98 254 31 82 83 89 516 22 38 98 86 261 73 83 83 95 68 93 96 95 97 266 21 88 45 95 332 83 36 95 49 475 62 85 68 98 222 62 61 95 95 259 96 21 96 92 991 64 74 81 80 912 61 45 81 61 191 58 7 60 16 88 64 25 82 94 850 0 0 55 33 216 21 1 26 23 519 60 47 64 94 10 40 90 43 97 417 35 19 77 72 113 7 93 73 95 685 73 11 94 79 836 45 17 53 19 127 54 84 66 94 349 77 41 77 77 27 11 73 79 73 305 28 6 67 25 882 43 4 57 40 358 74 8 81 52 161 23 64 87 81 930 18 70 61 84 424 80 65 81 79 566 76 25 98 39 722 59 87 95 96 625 11 55 59 81 277 7 18 18 99 970 95 53 99 99 482 74 57 85 94 479 50 6 82 38 361 61 30 67 47 616 85 44 99 92 175 62 93 83 95 250 64 33 69 43 155 58 70 78 84 595 82 18 83 67 198 84 0 84 52 616 92 59 96 97 941 86 98 87 99 708 7 23 14 69 532 2 34 63 59 478 83 79 96 83 68 74 79 97 97 948 88 7 99 95 207 10 27 31 90 843 78 82 78 96 920 63 32 72 90 992 13 19 67 83 77 55 93 73 96 669 40 37 96 59 965 88 26 98 69 949 38 25 86 84 111 94 9 98 51 281 29 76 81 90 108 72 31 83 87 20 60 10 85 77 503 74 67 91 73 412 84 60 94 80 397 36 95 46 95 531 88 79 96 95 241 63 27 90 46 294 30 71 58 93 856 9 46 15 93 69 38 67 41 69 393 52 60 55 63 449 38 79 71 91 740 46 64 66 66 733 98 93 98 94 946 23 86 82 94 103 77 31 91 68 922 89 45 97 78 854 12 66 43 92 570 83 20 91 64 172 33 29 37 63 535 37 13 84 42 176 92 57 99 76 951 21 52 43 80 762 28 98 62 98 102 18 41 69 55 595 42 65 43 85 260 89 30 97 65 526 90 30 97 53 655 35 88 86 97 745 25 26 69 57 178 27 44 80 66 38 16 71 99 75 68 29 46 62 83 573 90 14 93 45 773 33 22 64 48 387 85 84 90 99 185 50 48 70 60 703 72 94 98 94 270 70 63 83 89 577 9 48 92 52 569 73 69 88 86 303 77 29 99 68 677 44 20 63 86 847 9 84 37 93 563 95 20 98 28 1 43 62 47 77 461 84 51 88 55 479 43 50 50 53 171 61 91 61 98 674 15 57 66 81 365 34 1 54 5 156 57 68 59 95 29 88 53 89 82 247 12 6 19 13 950 57 72 63 84 215 59 7 95 75 547 82 7 85 36 502 13 65 24 97 321 87 13 90 88 681 30 44 39 61 629 38 49 94 66 908 55 13 64 27 281 12 41 34 93 153 49 80 85 97 892 96 38 96 44 462 18 12 37 93 170 73 55 98 88 292 74 93 80 98 681 13 48 76 86 671 20 48 66 69 789 94 95 98 99 289 27 38 31 93 617 76 46 80 84 729 8 44 46 62 801 41 52 74 92 590 98 77 98 83 508 46 34 56 71 714 40 64 43 79 636 41 35 97 97 363 87 51 98 65 691 36 69 47 96 15 13 2 40 8 114 56 58 57 82 259 62 30 69 65 935 46 87 47 90 114 40 76 41 82 73 87 73 94 81 203 88 1 96 50 907 53 61 82 94 639 15 37 98 74 121 71 68 89 88 127 20 44 78 72 838 93 61 99 83 740 93 1 98 91 757 22 74 79 85 543 30 45 32 95 708 17 29 57 71 999 88 45 94 46 278 98 8 99 61 770 92 35 94 89 722 30 56 90 59 623 96 32 96 53 624 16 45 87 87 601 66 47 74 80 666 81 90 84 96 267 84 78 91 89 747 62 51 82 91 84 27 92 63 96 906 31 33 37 40 521 42 65 66 69 878 43 81 76 95 168 20 84 61 98 39 93 95 97 95 629 32 80 69 82 377 50 35 96 86 359 47 33 85 83 752 93 94 97 94 724 91 72 93 85 459 15 56 22 88 431 85 11 99 26 41 89 78 98 90 201 93 79 96 80 416 28 64 93 95 612 73 41 83 76 347 79 79 80 87 545 3 36 78 80 413 45 77 61 80 131 10 47 66 82 127 94 62 94 63 774 88 25 88 43 588 9 31 81 65 690 50 34 82 61 878 27 80 61 80 95 79 73 84 92 692 79 55 79 68 186 87 71 92 73 457 3 66 49 80 373 44 19 84 21 663 26 13 27 32 456 45 49 71 85 477 40 89 98 96 660 70 79 71 97 689 60 40 94 46 265 96 1 97 27 376 28 92 65 97 873 72 18 79 47 758 97 3 99 73 862 4 7 54 45 429 78 13 82 43 957 1 61 78 78 743 89 60 94 71 77 71 28 96 78 427 44 70 86 93 739 2 46 32 83 554 97 49 99 85 465 17 59 91 91 482 19 87 60 90 237 97 24 97 73 846 65 95 67 97 326 2 91 45 95 387 97 5 99 58 90 81 70 81 93 825 85 5 86 83 162 8 33 50 53 501 63 5 63 10 190 34 69 34 86 474 57 77 67 86 11 70 32 79 90 737 80 46 80 63 347 70 27 88 51 97 87 84 95 87 521 12 64 79 82 125 87 65 92 74 428 39 83 47 86 176 17 2 81 31 375 48 18 95 38 299 87 42 87 92 914 20 50 22 66 778 94 92 95 93 610 90 81 91 95 847 40 58 54 97 537 72 9 75 21 879 63 30 84 60 886 40 93 49 96 824 74 34 80 80 903 28 72 63 74 643 95 62 98 76 455 35 63 86 69 502 62 26 81 90 556 31 6 53 21 847 22 86 60 89 427 96 17 99 29 799 50 77 89 95 605 56 27 85 30 352 61 17 92 92 394 35 17 67 30 735 43 23 72 71 39 15 40 28 69 228 92 35 97 44 329 76 73 76 81 453 0 80 68 91 132 68 15 96 22 93 90 23 92 78 617 84 63 84 85 160 53 28 86 98 899 40 77 56 79 963 26 34 57 80 760 52 40 74 53 763 37 62 94 86 904 60 7 75 23 657 29 7 90 90 518 38 43 46 60 771 59 81 69 93 528 3 89 84 94 631 42 96 45 98 173 16 70 46 78 266 8 64 24 78 445 40 34 97 53 337 79 31 89 32 703 93 29 96 80 972 1 60 91 98 909 65 9 82 16 524 95 61 97 72 59 67 93 90 96 124 43 11 98 97 866 28 51 48 83 601 37 95 88 98 604 15 93 24 93 852 13 33 76 55 427 65 18 78 37 916 92 64 94 73 24 16 4 30 98 803 49 49 86 54 919 4 1 11 97 702 60 79 99 82 91 8 26 33 63 698 4 69 73 94 715 87 21 96 85 711 25 95 81 99 138 28 86 84 96 168 7 43 27 47 194 64 7 79 66 684 33 21 54 86 123 48 45 72 62 79 76 72 93 86 301 4 58 8 64 183 38 71 78 99 18 96 48 96 76 283 73 8 81 85 61 6 4 54 51 620 11 60 72 61 736 50 69 75 93 763 80 65 81 92 599 31 88 82 89 268 90 85 93 90 406 94 52 96 79 513 24 93 29 99 106 82 92 93 92 476 57 71 63 83 932 90 5 92 47 362 51 31 54 42 742 55 87 93 99 643 98 45 99 68 698 41 26 63 82 37 28 10 42 61 418 25 17 67 17 788 4 76 15 85 142 44 44 47 52 600 30 34 55 45 627 68 19 89 80 541 61 25 98 95 186 31 61 47 70 846 70 12 99 14 932 80 15 87 77 798 3 22 28 23 171 17 88 73 94 835 60 53 95 98 113 60 34 74 69 885 48 94 68 95 874 10 91 39 91 348 39 69 67 96 763 47 20 55 89 541 46 22 73 40 480 43 38 80 64 537 2 12 19 46 583 33 93 63 97 553 98 85 98 93 453 14 13 53 63 612 88 19 93 84 750 13 19 49 79 348 91 53 97 95 138 59 67 95 71 256 31 22 80 77 848 69 23 85 70 814 12 70 53 97 772 86 41 87 96 632 79 69 81 84 503 27 7 84 26 984 17 41 41 81 636 77 78 92 93 126 69 23 98 25 105 40 76 69 83 61 4 35 46 78 556 23 83 96 95 939 16 11 35 33 802 70 21 99 94 788 79 23 96 31 716 78 91 94 99 40 10 85 71 86 908 33 76 46 97 746 89 51 91 89 360 67 20 80 59 574 61 81 94 84 99 19 12 38 49 619 29 82 86 86 458 53 32 86 55 736 81 1 89 73 689 57 6 81 89 274 88 49 99 71 463 56 27 93 92 873 92 79 94 95 450 8 31 43 80 616 72 11 84 80 523 67 80 84 83 325 30 35 70 76 609 36 91 70 94 627 37 9 73 85 391 13 5 86 73 927 38 51 68 61 922 19 6 83 22 483 51 48 66 71 757 32 81 50 94 937 69 64 82 89 428 39 7 80 41 668 80 87 92 94 863 89 36 93 37 495 63 75 68 79 94 28 47 95 70 884 58 41 82 97 786 60 47 68 70 659 19 60 71 84 964 20 46 22 72 413 15 42 49 90 46 73 63 98 79 193 23 56 43 64 992 60 21 95 32 942 36 9 49 93 313 42 47 92 99 981 9 61 47 64 173 36 10 90 42 343 75 58 92 83 783 86 43 88 65 576 12 55 61 73 642 37 57 37 89 813 84 36 99 49 918 41 84 93 96 598 41 82 85 96 264 75 9 86 89 766 40 3 98 43 689 20 34 20 89 910 74 30 86 69 542 74 8 89 60 242 12 98 61 99 337 64 40 75 47 987 82 46 98 94 645 36 17 46 26 202 1 87 50 90 748 92 67 93 70 461 18 45 73 82 820 65 35 99 50 422 71 11 85 81 531 11 73 24 97 910 65 83 88 84 11 44 93 56 93 569 97 38 99 74 628 65 8 72 59 65 92 93 96 93 269 88 64 96 65 242 0 71 53 74 69 73 81 94 92 556 72 14 80 77 810 40 68 57 83 828 86 76 89 81 734 93 72 93 72 692 40 72 59 81 533 15 42 18 95 200 26 35 74 91 3 70 4 89 69 345 74 76 98 85 556 11 7 91 8 786 18 29 40 58 727 67 80 89 96 435 27 1 70 46 345 92 46 98 46 155 92 51 97 57 536 61 83 97 89 389 14 9 91 64 618 19 3 49 21 178 30 80 95 96 349 17 7 85 16 331 32 55 98 88 213 30 38 42 65 557 82 51 97 74 30 6 83 53 84 229 61 34 75 96 303 60 89 93 98 983 72 83 98 96 889 85 77 86 91 824 10 81 15 87 128 58 40 86 51 675 24 47 79 82 372 72 15 94 60 903 92 70 99 88 999 58 27 73 56 876 1 18 82 51 213 25 20 47 76 74 64 41 90 52 88 78 89 89 92 321 92 48 97 86 2 35 39 77 87 175 22 51 92 92 623 28 71 68 92 275 45 82 74 85 859 37 23 55 72 211 35 5 59 36 2 47 50 89 92 296 59 38 60 40 181 7 68 90 85 167 1 94 33 98 98 28 29 90 79 423 80 53 97 70 636 37 15 78 59 809 58 90 87 92 938 96 28 97 83 528 50 29 79 94 877 88 3 93 51 254 28 46 69 71 728 54 82 77 98 873 50 62 85 72 558 67 18 86 29 469 9 24 12 31 460 30 18 94 68 959 61 92 92 92 243 4 85 80 97 562 62 91 76 98 358 11 69 61 83 265 59 16 63 46 833 33 4 77 88 593 84 23 93 32 660 38 55 46 69 704 73 97 83 99 389 59 76 98 84 427 44 82 93 88 617 46 9 91 60 193 70 27 71 75 122 72 42 96 72 74 71 75 76 77 620 0 66 49 85 296 7 67 94 69 247 41 31 78 60 859 47 95 84 99 210 5 51 10 83 800 70 11 87 59 460 77 72 84 86 179 84 27 94 74 731 54 50 90 74 333 36 47 85 87 19 64 49 77 61 345 25 94 75 99 672 18 50 83 71 246 78 83 93 93 166 97 40 98 84 400 27 60 69 94 685 29 64 49 93 647 80 63 87 97 430 52 90 96 95 125 85 17 92 23 150 37 33 87 42 647 24 37 96 77 978 50 88 86 95 906 84 92 93 94 24 59 47 61 93 376 92 6 94 54 697 89 8 97 17 985 18 3 76 3 722 52 31 60 36 584 72 80 78 90 361 79 55 85 95 961 68 75 75 76 714 72 74 87 78 389 81 17 82 29 473 65 76 68 92 901 31 73 79 78 640 27 87 89 91 952 97 25 98 99 507 61 35 68 91 192 83 30 96 34 433 78 24 97 64 89 56 59 89 67 54 52 1 73 15 367 26 16 65 21 894 82 4 83 55 924 92 84 96 93 512 66 17 81 79 833 73 71 91 73 871 85 59 86 95 67 85 33 96 96 65 87 37 99 85 178 59 86 92 88 696 38 62 58 66 532 39 60 66 70 318 33 97 98 99 534 23 96 50 99 796 49 47 77 49 515 20 2 71 98 110 17 22 70 63 779 25 24 99 70 815 1 48 49 89 625 40 1 86 28 78 44 25 86 60 387 53 21 72 36 752 29 53 49 93 98 53 93 94 99 291 6 36 96 98 169 26 27 85 67 18 96 18 99 89 468 34 45 39 46 900 90 32 90 72 616 75 97 77 98 653 69 96 86 98 999 69 94 96 97 903 9 67 66 78 869 20 97 30 98 484 95 2 98 30 454 83 2 85 56 625 97 44 99 65 267 51 38 74 50 617 30 66 84 94 232 88 64 93 81 161 3 93 21 97 888 98 57 99 70 93 72 92 80 99 385 7 67 77 72 785 82 52 85 98 901 1 81 70 95 175 2 6 74 8 67 28 34 53 92 806 11 56 21 67 834 28 85 81 92 977 3 22 48 74 67 42 63 71 89 262 12 41 24 64 673 19 81 59 90 301 82 91 92 95 498 70 98 98 99 870 56 90 68 97 361 0 46 69 97 608 95 86 99 93 203 81 8 97 27 981 68 30 82 63 5 15 1 52 81 95 93 32 95 75 407 71 6 87 10 206 9 62 99 89 926 35 15 42 36 568 34 36 89 56 646 94 44 94 93 67 49 95 85 96 361 76 15 85 94 721 62 77 91 93 910 4 54 73 72 725 17 66 35 90 659 67 25 86 99 543 94 21 94 45 658 30 10 84 66 659 11 47 26 82 689 38 59 88 96 636 31 97 69 99 16 1 21 49 98 408 17 37 29 78 755 37 73 69 92 996 61 83 65 96 135 30 2 65 29 646 11 75 55 94 158 20 35 31 89 754 52 60 65 78 492 77 15 86 52 243 79 26 79 91 447 96 11 99 72 320 69 84 89 84 85 55 17 81 63 369 45 75 47 80 695 66 45 99 79 762 79 25 90 40 631 38 54 74 81 783 84 7 95 93 463 66 50 99 79 581 58 89 94 97 787 10 55 23 66 935 76 70 97 88 493 97 81 98 90 463 17 79 45 85 998 67 33 68 81 888 79 90 92 95 19 40 51 57 87 828 71 97 87 98 233 4 5 43 18 762 13 86 61 99 35 63 12 79 38 38 12 30 44 95 605 16 50 63 89 599 95 0 98 32 605 28 20 92 44 846 0 13 7 63 516 52 13 64 70 741 75 73 88 76 247 20 26 95 76 829 95 5 97 96 299 85 55 95 88 182 67 86 75 91 163 55 36 84 47 303 20 25 37 62 527 65 77 71 88 108 81 38 99 72 605 40 56 99 90 273 60 65 74 67 560 13 35 60 91 473 74 30 92 71 752 3 94 77 96 382 30 38 34 86 771 10 69 41 98 980 9 9 66 51 189 22 55 73 77 687 4 25 63 56 214 98 80 99 96 576 44 10 53 10 254 29 11 70 64 645 98 69 99 87 576 5 89 19 96 715 49 83 97 89 120 19 30 66 58 541 61 83 87 89 692 0 28 92 97 274 81 15 93 19 337 62 19 74 70 543 25 90 59 90 799 94 57 97 82 165 39 81 87 84 420 90 4 90 85 774 47 56 58 89 496 18 17 90 92 965 54 44 81 73 850 66 82 72 85 582 46 23 69 93 132 28 59 83 85 991 45 32 48 34 515 97 46 97 98 99 55 34 86 41 681 62 44 81 74 271 70 43 73 45 491 82 70 82 81 772 4 72 75 76 770 12 30 83 47 312 75 19 96 36 623 21 72 36 84 580 83 3 88 63 884 23 3 66 44 862 13 39 54 43 661 91 58 94 78 585 47 48 66 56 346 9 86 28 95 596 41 0 85 84 360 60 80 93 87 534 12 49 87 57 502 37 89 69 97 171 41 94 46 97 847 97 80 98 89 550 89 51 91 71 493 5 94 73 96 279 72 16 80 71 112 28 8 94 54 532 13 80 44 85 474 20 65 29 81 873 62 42 77 82 73 61 98 63 98 800 14 67 68 81 290 6 90 97 94 230 45 10 87 30 901 94 76 94 81 488 63 52 65 60 484 73 76 97 87 27 94 0 98 57 744 46 64 76 81 813 56 13 83 15 819 52 78 92 86 647 29 28 99 51 41 47 57 60 90 980 1 59 56 83 874 11 83 21 87 295 97 1 98 41 648 34 35 43 67 324 49 50 60 84 325 93 15 95 42 475 43 5 91 66 923 83 56 97 89 575 58 97 72 97 178 24 79 63 92 505 63 52 69 76 21 61 90 71 96 559 70 75 93 87 815 76 8 98 51 247 91 44 98 57 167 16 53 94 74 77 66 1 87 63 438
1000 72 8 80 89 231 88 52 91 52 209 76 82 95 89 397 12 11 55 96 403 66 37 81 88 946 67 62 67 64 983 48 63 68 80 177 85 8 86 29 661 78 36 88 76 842 34 59 92 84 993 31 92 99 93 182 9 82 49 91 120 84 7 91 16 307 61 10 94 84 37 29 19 39 41 811 44 62 52 90 464 65 31 91 38 422 20 88 39 89 728 52 47 69 73 246 56 50 72 71 38 83 8 99 57 774 56 39 60 76 274 11 70 17 80 556 10 35 26 69 17 95 5 99 5 32 72 80 73 90 478 3 41 99 56 478 1 89 82 99 893 92 47 97 58 68 15 75 70 97 830 83 58 91 98 324 48 80 73 81 997 3 9 98 55 435 33 22 75 82 608 2 40 59 79 826 49 1 67 26 226 43 14 95 24 263 58 65 62 95 156 45 46 83 85 754 81 26 87 85 607 71 71 74 76 983 68 32 87 65 558 74 16 94 99 631 0 72 9 83 190 11 34 91 62 862 94 60 95 74 87 74 82 96 95 204 95 64 99 66 120 47 27 58 47 982 32 87 80 99 156 66 36 70 93 120 33 96 59 99 477 15 93 44 95 724 27 28 82 39 9 33 50 36 54 594 68 26 96 66 331 27 94 61 97 774 29 46 73 63 571 81 92 93 99 168 82 70 84 76 972 36 95 92 98 651 62 50 98 65 754 78 87 78 88 443 2 5 15 86 136 39 27 91 66 727 67 4 90 22 941 86 76 93 76 765 89 20 96 61 691 40 31 51 70 930 62 91 83 98 361 7 53 13 62 375 66 66 84 81 495 16 95 29 99 836 75 31 83 98 710 76 48 79 49 129 79 97 96 97 152 98 18 99 59 433 12 17 25 25 974 7 52 63 56 118 2 43 54 62 704 16 2 19 29 174 30 94 30 94 765 92 82 94 82 67 45 78 93 88 699 67 19 92 42 561 64 35 87 58 982 87 92 94 96 714 9 27 76 32 982 49 55 70 94 42 26 27 57 39 191 7 49 70 72 747 27 53 28 97 997 38 23 97 88 950 60 16 61 71 919 42 59 61 69 785 58 71 62 88 360 57 37 87 86 426 16 67 22 99 43 63 64 95 70 784 37 9 71 13 730 16 8 94 17 319 41 88 75 89 97 55 61 71 98 857 23 97 40 98 747 82 76 82 94 649 34 49 43 62 294 51 53 53 57 821 68 29 78 86 393 4 96 32 97 31 15 31 36 37 243 27 25 48 33 642 58 36 64 74 855 22 46 96 80 809 57 28 81 50 491 61 19 99 23 15 80 50 88 94 422 71 12 74 81 209 14 78 24 98 612 84 41 88 85 838 50 38 53 72 59 33 54 43 90 946 11 19 98 28 186 35 61 73 75 348 25 76 90 91 836 11 93 70 98 120 91 86 91 95 343 78 35 97 38 182 48 23 53 49 396 90 8 94 47 330 81 30 94 90 520 35 13 84 14 600 10 68 61 68 578 75 23 98 53 259 54 40 69 53 657 85 8 89 36 579 29 0 83 0 432 4 19 14 81 446 12 26 13 86 497 31 48 71 69 932 68 59 90 82 327 86 24 96 72 624 69 22 90 70 789 82 35 92 45 973 97 43 99 45 340 2 15 60 40 795 29 47 63 56 226 26 67 27 67 903 15 84 61 86 100 49 12 63 46 222 33 60 33 60 354 14 81 97 92 582 69 59 98 77 487 9 96 86 99 497 70 74 82 74 748 93 22 95 49 276 75 48 96 59 481 8 18 43 36 223 26 84 45 99 341 11 63 64 86 865 22 26 92 65 922 85 3 98 37 86 80 67 93 71 10 20 76 98 95 790 54 19 99 46 823 98 40 99 76 577 64 16 88 17 821 47 65 93 78 106 6 44 77 60 694 33 82 44 99 886 78 41 83 71 790 56 37 92 88 446 16 9 64 79 281 62 26 66 28 363 6 55 12 63 376 2 79 26 87 337 96 82 99 96 508 51 82 90 94 701 38 53 53 74 954 5 7 57 68 912 71 3 92 66 447 68 75 81 96 358 89 24 95 45 529 15 63 48 78 389 61 59 70 73 927 56 75 80 97 828 14 58 76 80 592 70 30 73 78 684 91 49 96 58 744 41 62 87 71 125 20 94 21 94 931 83 74 96 94 823 38 53 53 79 370 52 55 76 90 176 36 64 98 64 147 27 87 71 94 886 69 23 69 63 205 81 8 83 59 476 36 3 85 96 67 87 52 95 53 962 54 77 79 79 961 40 36 77 68 64 61 47 93 76 660 26 5 49 22 399 79 94 92 98 797 53 41 62 83 124 30 72 97 84 241 47 17 47 85 252 17 50 27 61 456 2 58 81 79 308 97 63 98 80 961 28 19 83 77 599 29 55 36 88 710 34 72 63 88 865 92 79 99 79 851 5 8 99 19 145 66 80 74 92 328 25 53 98 82 174 85 93 86 93 815 60 53 70 89 204 42 76 96 82 913 96 71 99 71 555 66 82 67 88 561 81 10 91 50 884 48 58 82 79 222 5 70 9 98 494 75 58 78 77 491 96 96 99 98 189 93 61 96 98 673 95 39 98 88 801 63 80 92 80 42 90 39 93 80 970 29 85 94 94 989 36 92 56 98 741 14 67 35 99 786 78 35 89 84 624 87 57 97 86 426 4 32 35 34 948 21 63 92 74 347 56 37 98 47 898 39 78 92 88 178 86 11 96 95 109 6 29 98 51 114 86 88 97 98 370 27 10 36 96 870 45 71 49 79 91 55 59 63 96 874 81 33 88 35 254 27 9 67 69 312 21 43 55 99 307 5 14 96 46 107 56 65 85 65 998 74 54 80 98 446 24 79 72 80 547 24 37 51 80 731 19 6 46 17 413 92 64 99 98 831 34 60 69 60 546 8 61 82 75 90 12 97 31 97 843 16 27 86 95 130 95 70 97 71 755 85 83 96 97 50 53 12 79 90 311 25 46 56 75 661 70 49 92 88 650 20 83 99 89 913 68 76 94 88 641 27 90 93 91 983 60 78 70 97 637 87 23 95 39 1 77 80 90 84 91 29 84 50 92 314 93 41 98 47 526 61 54 78 92 268 62 10 73 92 499 23 86 29 96 854 58 95 65 96 868 21 73 35 89 806 73 72 87 97 83 87 73 94 78 199 54 59 85 71 24 98 60 98 91 492 29 37 67 84 410 98 61 98 80 94 4 73 37 97 633 32 4 36 23 84 39 52 57 74 666 39 0 43 87 522 91 79 91 90 517 47 33 86 92 81 44 71 99 83 939 29 43 37 84 475 89 55 98 94 116 39 57 83 65 227 0 44 4 57 190 91 10 95 19 369 59 62 94 71 11 56 84 62 93 160 81 20 87 32 784 7 96 74 96 570 64 92 90 93 344 33 45 48 91 381 89 10 91 84 58 97 58 98 73 481 20 65 32 76 36 23 63 31 70 17 2 62 94 71 862 78 54 94 96 500 44 91 62 98 896 38 6 74 38 582 3 85 75 97 368 76 66 76 67 859 0 65 71 92 139 84 94 97 98 611 96 31 99 68 626 41 35 97 84 276 68 19 73 84 744 21 57 97 58 256 32 76 96 77 76 93 92 99 92 187 18 82 32 82 176 58 85 92 97 124 14 32 43 63 202 76 88 94 95 249 93 24 95 65 311 20 35 24 67 291 47 88 62 89 561 54 1 86 11 45 37 29 58 30 205 10 65 15 95 871 19 74 26 74 202 63 82 77 87 953 8 76 98 95 834 26 31 99 73 987 7 84 24 98 520 86 54 99 89 166 73 61 87 78 502 84 25 87 77 689 20 14 95 61 500 98 31 99 67 83 79 47 82 56 100 75 11 98 47 920 3 62 95 94 964 2 22 46 49 2 92 71 94 86 172 11 80 25 81 688 57 23 73 30 254 77 18 79 68 108 1 8 28 93 256 64 33 96 64 296 15 23 67 64 695 91 35 95 40 627 71 8 84 13 942 1 40 93 45 898 63 25 95 91 359 4 45 53 58 236 40 68 83 80 877 11 63 86 90 796 66 11 85 87 789 68 2 94 79 980 62 72 74 95 817 48 62 66 75 315 63 55 66 59 286 20 39 32 95 650 13 46 71 96 822 76 13 87 32 269 55 73 94 95 446 29 31 90 46 719 76 82 78 83 271 45 8 91 61 140 8 68 43 84 625 26 4 53 29 343 70 68 73 71 697 79 28 80 44 753 27 57 48 97 574 25 3 73 34 94 53 1 75 39 377 15 10 26 11 656 54 59 69 73 775 90 82 96 86 848 5 52 53 57 141 62 5 63 21 646 30 94 67 96 682 83 56 88 85 130 31 98 94 99 722 3 34 86 68 465 83 56 83 69 434 27 56 56 60 811 4 24 81 80 128 24 40 59 65 685 55 69 64 95 388 53 87 76 96 595 67 66 74 88 526 71 77 95 92 302 88 14 88 60 717 48 16 70 84 957 49 48 81 69 760 19 39 36 46 678 29 65 75 76 38 2 67 7 98 895 71 89 91 97 54 74 36 81 73 439 60 72 99 93 192 0 34 64 94 937 15 82 43 93 137 82 53 87 83 473 90 80 95 93 170 25 88 47 92 388 67 7 83 13 951 97 92 98 99 99 75 53 94 64 863 22 13 67 54 719 71 37 86 61 881 85 68 99 79 981 59 81 95 83 357 53 71 67 75 275 14 55 87 78 389 38 30 91 39 823 1 53 26 76 659 31 10 94 81 912 20 38 28 42 754 77 53 95 61 100 58 12 72 77 330 33 40 57 46 581 88 20 90 93 978 59 70 59 77 219 81 87 98 90 928 32 80 70 97 744 28 14 64 68 334 96 54 99 61 996 57 0 82 75 635 55 37 74 91 985 31 67 91 90 780 1 33 85 72 757 93 84 95 89 185 44 5 85 50 265 68 59 71 77 722 91 14 94 40 224 86 34 93 91 555 87 95 98 97 612 83 76 93 88 482 85 23 93 27 66 41 72 90 90 766 95 67 98 87 353 89 23 94 27 628 26 39 44 63 443 51 12 78 60 367 32 68 82 70 590 78 37 90 68 967 10 53 21 82 614 79 75 85 80 540 42 20 77 77 821 17 59 85 78 696 56 31 58 66 849 75 52 82 62 435 78 47 91 82 250 17 49 95 49 638 30 30 55 66 370 80 21 86 25 895 82 27 83 50 454 13 0 80 21 222 63 37 85 80 131 79 43 94 56 613 34 39 79 59 356 59 66 62 75 75 92 52 97 52 985 72 5 96 71 22 22 48 34 82 661 12 56 96 70 608 91 93 93 97 957 43 60 67 85 907 26 50 66 53 256 96 21 97 37 908 68 85 76 87 334 26 7 60 44 764 11 47 97 60 473 66 95 87 97 424 40 68 76 95 183 22 25 54 62 911 15 9 59 56 205 63 83 92 87 597 87 71 91 80 217 20 78 62 90 751 77 54 81 69 563 70 78 91 86 189 25 55 67 65 450 13 7 56 19 185 81 49 87 58 336 83 6 92 32 340 5 4 68 52 493 29 88 64 98 783 86 40 86 93 54 33 13 51 69 56 27 38 44 63 45 63 85 63 89 247 66 25 91 86 884 72 93 93 97 622 9 80 31 83 604 47 68 87 93 80 41 60 45 99 538 11 44 72 96 392 77 59 90 84 744 34 70 94 89 976 35 65 81 84 294 16 84 94 89 834 22 43 37 60 705 72 61 87 73 464 19 1 62 51 401 65 0 82 42 643 56 61 56 81 227 18 97 74 99 845 39 35 89 77 755 55 33 94 76 309 93 53 99 59 660 82 59 84 78 240 60 83 75 98 682 75 12 89 23 559 37 62 39 75 908 62 87 70 99 610 48 76 83 88 992 69 88 99 98 550 64 16 78 89 369 45 74 63 80 93 74 76 77 76 629 84 74 95 98 927 28 79 69 81 672 53 40 97 67 58 36 41 70 41 453 93 72 99 91 70 0 33 72 87 54 68 98 93 98 415 50 44 78 49 811 43 86 96 91 478 69 10 72 50 112 25 83 31 87 237 9 67 73 88 26 32 42 75 51 849 64 19 79 93 760 83 95 83 97 752 0 39 21 40 598 13 89 65 93 764 93 7 94 88 97 74 6 90 45 106 57 16 83 70 824 80 33 89 33 31 59 74 82 99 143 46 55 64 75 748 68 33 99 47 56 77 36 80 90 242 31 9 50 12 69 90 79 91 84 392 44 28 52 77 73 55 95 77 96 565 33 37 51 80 159 85 28 94 44 682 0 25 83 96 367 56 91 76 96 95 34 50 78 50 656 9 20 34 20 192 48 52 57 53 834 71 74 76 88 701 97 74 99 74 871 98 91 98 93 273 47 20 81 36 662 34 15 44 31 385 68 5 74 75 927 2 91 62 91 591 29 74 64 82 776 76 29 86 73 972 40 69 67 78 33 79 61 87 87 153 75 82 87 82 615 28 53 35 63 389 65 15 86 80 971 9 87 72 87 404 14 86 61 99 375 48 48 63 83 819 83 78 95 92 892 60 70 92 87 295 54 48 67 68 338 86 13 89 45 534 54 33 81 75 225 91 2 95 74 58 0 94 85 95 905 54 33 55 48 239 9 67 25 87 308 50 15 90 67 805 50 47 81 51 697 25 63 70 74 150 28 98 99 99 12 86 88 91 91 468 40 60 92 78 657 1 44 80 67 838 13 51 76 88 516 84 78 97 83 431 71 15 75 67 120 50 7 61 19 252 44 7 90 61 768 78 18 92 86 145 29 25 44 37 60 95 92 99 93 94 64 17 69 97 983 88 54 88 96 515 73 6 88 50 628 12 42 84 68 92 31 81 46 89 257 46 95 46 98 184 39 98 61 99 70 67 90 86 91 778 82 77 99 94 301 16 24 73 67 234 30 27 57 97 713 61 22 75 65 540 9 62 42 86 843 77 41 90 59 175 31 44 57 70 795 80 82 91 87 923 55 52 88 91 774 63 67 99 80 708 45 79 65 82 160 7 61 84 80 394 92 21 94 70 943 52 22 61 76 981 16 76 37 84 212 57 60 71 81 666 52 87 91 90 779 13 69 20 96 131 43 29 94 37 47 31 75 72 97 902 18 56 94 99 868 56 22 95 94 542 7 45 21 83 907 42 12 72 91 395 32 81 80 85 169 29 96 51 97 189 82 65 93 77 426 7 58 85 92 231 27 94 54 96 51 91 58 96 89 138 82 53 98 75 434 91 15 92 26 557 81 55 85 99 469 58 13 84 17 194 39 63 41 73 134 49 46 63 85 835 30 69 74 70 148 88 94 96 95 617 71 16 93 47 443 10 54 39 77 539 28 21 79 46 631 36 35 65 84 468 18 45 67 77 127 61 94 88 98 550 93 63 98 66 927 44 51 50 94 907 66 96 80 98 33 52 58 64 81 168 33 23 76 26 757 19 13 57 21 530 7 98 99 98 319 38 85 60 96 159 54 11 77 79 564 12 6 17 10 135 68 50 76 79 958 82 5 87 7 752 98 80 99 98 43 45 65 95 66 491 53 38 66 88 477 53 65 87 88 463 7 43 30 45 43 59 21 73 76 391 32 40 66 81 821 34 17 93 22 815 19 97 60 97 638 94 28 98 31 654 85 78 97 85 552 49 7 87 46 509 97 64 97 68 505 1 39 60 89 724 34 38 75 74 867 47 41 88 99 51 51 48 97 95 305 68 64 90 84 4 33 19 69 28 921 42 20 56 80 327 28 55 47 66 114 15 27 28 31 723 16 22 66 34 944 25 0 58 21 892 76 75 94 87 974 14 72 60 78 997 59 33 98 73 330 39 13 96 40 109 56 6 71 32 920 33 47 93 76 5 33 49 45 64 632 56 68 86 89 575 41 84 55 90 830 64 58 70 80 738 9 40 47 86 17 24 45 82 55 111 62 36 90 63 716 66 11 77 78 383 39 94 65 97 654 89 64 90 97 906 75 74 95 75 486 65 20 94 33 745 70 34 75 79 334 8 10 99 15 987 11 1 29 49 67 45 65 84 88 409 59 77 85 83 290 10 77 82 94 248 74 90 81 99 970 29 6 96 16 108 12 28 99 70 430 31 59 90 85 716 41 43 86 59 794 67 13 78 38 181 67 46 92 72 534 55 67 80 97 38 97 59 98 91 972 2 74 86 95 684 40 76 43 88 905 25 35 32 51 368 77 11 95 70 594 11 17 99 94 635 79 37 81 94 858 59 83 78 86 643 25 89 43 92 244 49 0 60 71 52 98 27 98 98 787 66 35 66 38 367 44 65 51 80 568 48 28 66 52 87 83 65 99 91 390 53 17 58 75 736 37 1 51 42 898 8 63 70 65 898 45 33 57 93 777 19 89 52 92 402 97 73 99 87 747 85 31 87 87 563 88 60 92 70 721 37 2 49 27 49 50 16 77 82 216 14 42 88 62 679 20 9 79 15 828 16 16 51 83 342 80 56 82 98 232 4 2 28 24 90 61 25 68 96 92 92 55 95 57 951 82 44 89 48 964 44 80 61 84 953 44 73 90 80 913 4 46 43 86 731 46 65 74 94 516 28 38 92 72 831 37 16 79 70 306 16 48 37 99 791 66 15 97 64 486 94 81 96 87 803 95 42 96 89 414 80 71 85 95 704 12 16 73 30 465 51 28 87 97 518 9 48 91 91 634 24 23 55 27 680 60 8 71 41 157 48 3 91 73 372 41 26 77 31 427 52 98 90 98 774 29 23 97 80 648 21 57 50 99 902 73 48 94 55 218 71 58 97 98 152 89 96 95 96 628 66 50 98 66 387 90 37 94 98 664 39 24 51 45 491 58 52 68 99 764 87 40 98 49 77 0 59 17 60 579 46 74 75 84 88 23 50 68 94 449 55 42 59 47 860 89 12 94 34 984 61 48 74 95 570 67 61 87 67 793 71 1 80 64 512 36 44 64 56 320 50 64 99 82 998 9 33 50 63 947 98 32 98 42 420 76 81 76 98 868 28 9 92 12 478 38 44 56 85 148 46 16 98 97 140 63 18 78 95 130 52 27 99 73 580 23 27 55 46 572 5 53 57 54 617 40 35 94 88 302 82 2 94 99 784 95 64 98 95 296 32 24 79 43 986 71 75 97 77 498 30 53 38 57 547 14 64 96 92 191 74 71 78 84 601 95 3 97 24 437 93 41 96 70 538 31 98 55 98 563 76 19 87 33 878 96 8 97 19 185 33 97 82 98 334 2 70 72 96 486 65 88 75 99 399 91 56 91 74 407 75 11 78 32 425 83 22 94 23 98 19 92 80 94 91 0 26 73 76 434 77 12 87 93 798 79 64 81 86 642 95 78 99 94 731 79 65 84 97 461 95 23 97 89 414 34 62 70 90 992 77 64 81 72 709 90 98 90 99 849 60 77 75 90 998 13 68 59 84 496 23 21 59 31 304 68 97 74 97 421 70 33 77 76 670 21 8 42 35 17 83 12 88 99 91 39 91 82 94 27 23 55 96 90 868 35 21 55 47 640 11 81 44 90 268 50 92 75 96 901 29 71 91 84 18 28 34 51 34 397 89 59 90 74 227 58 23 78 60 706 55 9 95 88 939 56 0 79 84 229 69 79 72 99 840 82 24 82 83 672 82 96 87 98 336 22 65 44 94 359 20 6 90 52 581 10 63 63 81 377 42 52 75 84 89 69 58 73 59 767 89 82 91 93 342 36 12 45 77 461 21 87 91 89 377 52 55 92 91 996 40 4 83 62 793 33 76 80 88 442 50 17 62 29 939 50 26 88 55 712 91 76 99 98 579 19 22 84 89 956 83 47 96 50 434 55 83 72 89 998 42 94 75 95 629 74 54 82 80 579 54 50 71 94 337 84 52 87 79 776 70 40 84 46 653 6 5 29 62 83 96 61 99 87 266 9 20 32 96 888 50 53 94 57 768 89 74 89 95 277 19 73 97 76 434 60 31 97 67 318 21 48 95 94 271 61 83 93 83 500 7 89 72 90 798 22 41 95 54 707 64 27 82 77 391 40 39 60 67 138 93 65 94 82 57 85 26 89 62 598 41 46 58 91 107 33 19 93 74 804 75 49 92 88 812 48 59 76 59 468 69 8 71 84 251 95 49 95 80 588 5 91 94 99 492 3 18 62 93 59 77 75 93 81 956 33 31 45 75 72 21 67 53 75 14 37 6 84 9 894 59 28 65 77 748 19 97 40 99 796 29 83 46 87 63 33 90 64 96 918 73 93 98 93 205 20 19 51 41 535 51 37 94 71 383 97 38 97 78 699 72 43 75 88 500 14 78 95 97 982 62 27 70 34 455 86 15 91 63 609 47 88 67 94 587 2 40 67 60 675 80 57 98 76 323 14 43 26 49 345 80 77 92 94 242 3 14 57 80 934 79 25 82 62 558 22 26 75 63 409 64 17 90 18 675 72 96 89 97 764 88 48 92 90 49 84 67 98 69 84 47 83 76 92 236 85 32 85 71 812 32 58 47 69 667 20 18 75 19 421 91 79 94 95 311 46 51 82 52 189 92 53 92 82 892 5 54 89 60 114 10 29 20 95 447 19 6 87 22 908 35 25 51 88 830 52 80 72 97 969 42 20 70 51 256 43 52 98 80 839 20 7 99 61 92 36 71 36 78 628 9 70 86 89 840 42 36 85 41 787 21 49 49 69 176 36 30 55 34 173 81 43 82 91 737 72 57 94 60 643 31 58 87 76 339 48 57 77 59 249 54 58 55 75 326 71 66 87 79 251 13 40 83 50 719 48 78 63 98 795 24 10 57 81 462 16 84 91 91 531 46 73 72 91 435 47 30 57 85 611 83 25 88 38 820 43 9 82 70 192 0 52 95 82 658 8 7 80 82 720 97 50 99 71 391 33 88 93 92 691 55 62 99 89 954 80 62 80 80 818 19 74 32 88 160 95 56 95 59 252 77 84 90 84 572 0 51 32 69 646 57 60 65 99 790 0 36 32 99 147 84 8 86 25 57 5 95 83 99 581 89 74 93 76 746 17 32 17 78 657 5 39 55 78 161 37 58 93 58 736 36 62 55 67 463 45 59 72 94 394 93 8 93 52 50 88 39 91 93 442 98 41 99 99 384 72 6 90 51 305 39 2 94 59 263 45 12 97 84 490 29 34 81 43 10 60 75 99 88 15 26 39 79 58 596 96 53 98 64 284 65 46 70 98 754 16 21 36 21 647 23 2 43 3 888 29 68 35 74 92 36 18 66 20 198 19 72 85 81 806 36 80 73 83 267 96 87 96 93 721 40 68 55 80 693 20 53 94 88 668
